0.109998
0.063905
0.066433
0.062395
0.064329
0.065271
0.064087
0.064045
0.061296
0.062926
0.061944
0.063238
0.061231
0.063627
0.063926
0.063570
0.062006
0.061324
0.061177
0.063080
0.069030
0.063913
0.063629
0.063398
0.064494
0.063648
0.064111
0.061303
0.060808
0.064807
0.062364
0.062525
0.063171
0.061206
0.061776
0.064434
0.065406
0.066500
0.064277
0.063787
0.072852
0.076692
0.068995
0.064495
0.073740
0.065296
0.067105
0.068274
0.067242
0.064995
0.065516
0.065774
0.062024
0.067641
0.067646
0.067229
0.067608
0.063728
0.061868
0.067564
0.072730
0.063900
0.061868
0.066426
0.063966
0.064669
0.064995
0.065237
0.064995
0.065135
0.062909
0.064949
0.062048
0.064454
0.063988
0.068286
0.065845
0.066020
0.064975
0.064723
0.046666
0.042789
0.042600
0.043164
0.043744
0.043615
0.043657
0.040801
0.042430
0.042292
0.042242
0.043706
0.041263
0.040859
0.043270
0.045257
0.042670
0.044035
0.040390
0.043008
0.048133
0.042725
0.040850
0.042172
0.043601
0.046682
0.043522
0.041626
0.044064
0.049905
0.043584
0.064142
0.043318
0.047692
0.041589
0.040854
0.043052
0.042828
0.043584
0.044298
0.049792
0.042591
0.044020
0.042140
0.045192
0.045177
0.062267
0.062275
0.068117
0.064840
0.064910
0.068569
0.062835
0.064703
0.062563
0.063008
0.061361
0.064080
0.064086
0.062971
0.074082
0.064357
0.061878
0.061765
0.068528
0.068850
0.068597
0.065580
0.067186
0.068841
0.069890
0.064645
0.067742
0.067667
0.042689
0.042896
0.042707
0.063805
0.070295
0.064893
0.070591
0.066046
0.068763
0.067935
0.064694
0.066155
0.060362
0.066491
0.065490
0.061404
0.063998
0.062304
0.063753
0.063420
0.066149
0.064240
0.065351
0.067348
0.066587
0.066270
0.069555
0.067569
0.063414
0.069923
0.069882
0.069226
0.073837
0.064630
0.069309
0.065607
0.065069
0.065094
0.071377
0.062971
0.062018
0.068028
0.063519
0.062222
0.063429
0.067855
0.070367
0.062602
0.061742
0.067597
0.068212
0.063225
0.066016
0.067276
0.067026
0.065296
0.069621
0.067307
0.066933
0.066175
0.067740
0.063794
0.062533
0.063113
0.066618
0.066642
0.075216
0.063273
0.063332
0.063518
0.062835
0.061320
0.063194
0.067380
0.064794
0.063589
0.066598
0.062853
0.066622
0.061221
0.067746
0.064180
0.067678
0.070268
0.064499
0.065717
0.079092
0.062197
0.064028
0.063735
0.067579
0.063804
0.064066
0.072974
0.066338
0.071886
0.063337
0.061683
0.066980
0.063221
0.065722
0.068727
0.064011
0.064413
0.043699
0.067960
0.077632
0.063599
0.065157
0.065997
0.066011
0.065034
0.065855
0.063070
0.068197
0.065404
0.066100
0.065012
0.063833
0.063684
0.064430
0.064204
0.065477
0.063866
0.061789
0.065836
0.073146
0.061382
0.063281
0.064031
0.063094
0.070316
0.062892
0.065807
0.062946
0.061186
0.066822
0.059208
0.061860
0.042457
0.043072
0.063354
0.063212
0.063041
0.060732
0.042183
0.045923
0.062274
0.064702
0.061517
0.064064
0.064083
0.062085
0.063292
0.063365
0.064143
0.063026
0.066453
0.064050
0.043651
0.062260
0.042230
0.044146
0.042562
0.042434
0.042384
0.046322
0.042300
0.042358
0.044693
0.042843
0.042800
0.043086
0.041611
0.041547
0.041210
0.041826
0.044138
0.043987
0.042214
0.042624
0.041085
0.043038
0.040496
0.043077
0.041393
0.047786
0.043637
0.041464
0.042553
0.043245
0.042930
0.042537
0.042840
0.042540
0.042502
0.042385
0.040935
0.042312
0.040485
0.042720
0.042194
0.043121
0.043084
0.042535
0.042415
0.046444
0.042367
0.040485
0.042432
0.061254
0.041830
0.040506
0.040442
0.041816
0.043067
0.042705
0.042584
0.040947
0.043232
0.043110
0.042761
0.043111
0.042834
0.040508
0.042880
0.048379
0.042310
0.042135
0.042588
0.040347
0.043565
0.043516
0.040987
0.042319
0.064007
0.061705
0.043317
0.045392
0.049169
0.046443
0.045954
0.068166
0.064128
0.063461
0.062159
0.076279
0.062268
0.041767
0.064771
0.043595
0.061610
0.062771
0.042038
0.062908
0.040164
0.042800
0.042410
0.041916
0.043123
0.042056
0.042199
0.041079
0.040392
0.040540
0.040782
0.046150
0.042163
0.042371
0.040700
0.042224
0.043310
0.040759
0.043489
0.042307
0.042843
0.042084
0.040632
0.040866
0.044098
0.040598
0.042698
0.042324
0.042035
0.041951
0.042876
0.065970
0.041495
0.042341
0.040629
0.041923
0.042392
0.042316
0.042608
0.044066
0.044484
0.045847
0.043993
0.042147
0.044299
0.043848
0.065464
0.042167
0.043204
0.064857
0.066144
0.047281
0.044034
0.044290
0.065786
0.064376
0.065969
0.045116
0.042125
0.043660
0.062857
0.064455
0.042902
0.049567
0.044630
0.043743
0.044267
0.046585
0.042480
0.043340
0.047634
0.048424
0.042386
0.050349
0.041603
0.042161
0.041899
0.041959
0.043754
0.042535
0.042381
0.042121
0.043750
0.043340
0.041000
0.041180
0.041345
0.041154
0.045681
0.045676
0.041612
0.044311
0.040982
0.045974
0.043483
0.046212
0.043226
0.044889
0.043909
0.043109
0.043619
0.041821
0.043510
0.045348
0.043620
0.042878
0.044909
0.043191
0.042987
0.042682
0.042199
0.047417
0.043035
0.040991
0.040381
0.042862
0.042365
0.042542
0.040395
0.043203
0.043034
0.042713
0.041403
0.047847
0.043147
0.040948
0.042473
0.043138
0.041204
0.042481
0.042314
0.046616
0.042719
0.046312
0.044475
0.043304
0.041390
0.041006
0.043680
0.040988
0.063051
0.042707
0.042839
0.042687
0.042939
0.063415
0.061232
0.066917
0.063139
0.062904
0.063935
0.068464
0.061306
0.042533
0.080433
0.064786
0.069469
0.066196
0.062863
0.071900
0.074886
0.067533
0.068502
0.064615
0.064699
0.064426
0.067400
0.081910
0.066632
0.067111
0.061138
0.074381
0.063318
0.064623
0.064335
0.065911
0.065917
0.062795
0.066459
0.063015
0.061436
0.062829
0.067316
0.063118
0.062661
0.065532
0.067697
0.075061
0.062017
0.063334
0.061598
0.075763
0.063531
0.063433
0.063767
0.061856
0.063945
0.061700
0.043119
0.041019
0.040911
0.042715
0.040954
0.043090
0.042837
0.042868
0.044901
0.042943
0.040849
0.044189
0.043331
0.080108
0.041934
0.043742
0.043898
0.043879
0.064447
0.043939
0.043237
0.063878
0.041821
0.042470
0.043997
0.043327
0.041733
0.043479
