0.096941
0.061171
0.062878
0.062680
0.060706
0.063495
0.062756
0.066494
0.068218
0.068202
0.068363
0.060951
0.065916
0.062740
0.062714
0.062370
0.062480
0.060512
0.062277
0.063437
0.071069
0.062520
0.062180
0.061609
0.062776
0.061567
0.062091
0.061854
0.062202
0.061887
0.068618
0.063197
0.062441
0.062182
0.062077
0.062365
0.062029
0.063645
0.062801
0.062895
0.071879
0.062834
0.063066
0.063821
0.063174
0.062645
0.062119
0.062740
0.064798
0.063089
0.064089
0.063710
0.061720
0.063842
0.063823
0.061867
0.064364
0.063366
0.062986
0.061979
0.073470
0.062664
0.063288
0.062484
0.062181
0.062300
0.062062
0.062161
0.063488
0.062433
0.062207
0.062537
0.062387
0.062084
0.063115
0.062966
0.062035
0.062169
0.062582
0.062745
0.074672
0.061291
0.062725
0.062759
0.062853
0.060572
0.062280
0.063343
0.065245
0.062077
0.061693
0.061957
0.062061
0.063094
0.060289
0.061973
0.062176
0.062301
0.062725
0.063062
0.073116
0.062788
0.062744
0.062227
0.062573
0.063932
0.062173
0.062076
0.061824
0.061952
0.061806
0.062590
0.062733
0.061172
0.062200
0.061923
0.061607
0.061754
0.060360
0.062164
0.073126
0.059759
0.061826
0.062335
0.064029
0.062087
0.063533
0.062362
0.062253
0.061853
0.062914
0.062331
0.062082
0.061878
0.061920
0.062262
0.060575
0.063284
0.062729
0.063266
0.074333
0.062582
0.062286
0.062568
0.061873
0.062139
0.062685
0.061519
0.062034
0.060452
0.061796
0.059817
0.061370
0.061833
0.061763
0.062779
0.062456
0.062028
0.041483
0.041401
0.047057
0.041418
0.042072
0.040162
0.041455
0.041149
0.039217
0.042809
0.041679
0.041379
0.041468
0.062310
0.061750
0.062491
0.062297
0.062127
0.059740
0.062833
0.062021
0.062006
0.073093
0.063848
0.060349
0.064096
0.062296
0.062105
0.062194
0.059811
0.062353
0.063668
0.062556
0.041752
0.041697
0.041847
0.041726
0.042277
0.039632
0.042293
0.042117
0.039050
0.047626
0.040406
0.042063
0.039983
0.041551
0.043106
0.041878
0.041872
0.039832
0.041882
0.041848
0.064032
0.061012
0.063014
0.061187
0.062652
0.062298
0.060316
0.060657
0.063612
0.075493
0.062318
0.064267
0.064659
0.065986
0.064974
0.064867
0.064646
0.064579
0.064470
0.064914
0.064656
0.064206
0.062016
0.042730
0.042815
0.041148
0.043593
0.043678
0.043298
0.048882
0.041229
0.043078
0.042992
0.043961
0.043775
0.043370
0.043019
0.043039
0.043032
0.043027
0.043138
0.043072
0.041690
0.045206
0.043118
0.041521
0.043011
0.042980
0.042860
0.046963
0.043643
0.043340
0.043139
0.043123
0.042782
0.062245
0.064258
0.064066
0.065706
0.064277
0.063761
0.064496
0.064482
0.064703
0.064584
0.064347
0.063884
0.065084
0.064204
0.076883
0.064921
0.064912
0.042883
0.042928
0.042861
0.041020
0.042879
0.043098
0.041069
0.064147
0.042285
0.043819
0.064504
0.064649
0.064753
0.065936
0.064303
0.062057
0.064025
0.075830
0.064771
0.064932
0.064003
0.064202
0.064084
0.065058
0.062290
0.064403
0.064648
0.063950
0.063794
0.062876
0.064015
0.042211
0.063580
0.063424
0.063469
0.063313
0.063278
0.045764
0.041799
0.042630
0.040136
0.062672
0.060374
0.042606
0.042206
0.040835
0.042610
0.042644
0.061898
0.063936
0.043421
0.041063
0.042727
0.063735
0.021204
0.021619
0.042488
0.048424
0.065398
0.042995
0.062017
0.063980
0.063931
0.063564
0.064365
0.063831
0.063540
0.063726
0.062859
0.063712
0.064687
0.063597
0.063088
0.063550
0.061772
0.063742
0.064757
0.075568
0.062022
0.043820
0.042782
0.044371
0.064328
0.065096
0.063903
0.064056
0.064144
0.062325
0.063795
0.064999
0.062339
0.064244
0.063994
0.064339
0.064399
0.065268
0.061743
0.075042
0.042333
0.043147
0.042524
0.021460
0.023032
0.021913
0.042341
0.042468
0.042636
0.042485
0.040700
0.043265
0.043359
0.041106
0.042747
0.042661
0.042535
0.042653
0.042359
0.048068
0.042567
0.042551
0.040581
0.042666
0.040994
0.042701
0.042612
0.042631
0.044441
0.042930
0.042497
0.040506
0.042548
0.042733
0.042513
0.042831
0.043045
0.041203
0.043027
0.048498
0.042856
0.042863
0.042611
0.042662
0.041236
0.043530
0.042850
0.042850
0.064120
0.042764
0.042650
0.042726
0.041737
0.043047
0.043209
0.063851
0.063956
0.042404
0.042585
0.047210
0.044346
0.041200
0.042777
0.042722
0.042832
0.043103
0.042785
0.065279
0.043446
0.043045
0.063604
0.042883
0.042623
0.042700
0.040902
0.043443
0.042192
0.042921
0.042392
0.048008
0.042579
0.042531
0.042497
0.042937
0.042423
0.042129
0.042361
0.063457
0.063701
0.064240
0.064816
0.065486
0.067515
0.064092
0.061970
0.063960
0.064595
0.063744
0.061467
0.074988
0.064119
0.062004
0.064137
0.063461
0.064070
0.063382
0.063771
0.061982
0.065566
0.042980
0.044016
0.045945
0.044050
0.045869
0.063865
0.022686
0.042881
0.042456
0.042065
0.049391
0.063953
0.064215
0.064488
0.041520
0.042658
0.042578
0.042419
0.040855
0.042770
0.042622
0.042984
0.043295
0.042710
0.040751
0.065983
0.064373
0.064051
0.042692
0.043214
0.048342
0.040624
0.042387
0.041961
0.042925
0.043033
0.041793
0.042666
0.061869
0.062179
0.062444
0.062745
0.061932
0.063160
0.062143
0.041399
0.041790
0.041816
0.039632
0.041855
0.073786
0.042895
0.041494
0.041349
0.061996
0.063504
0.062727
0.060030
0.062403
0.061987
0.061839
0.061983
0.061966
0.061745
0.063166
0.062124
0.061955
0.040134
0.041709
0.042597
0.047248
0.063308
0.062205
0.061234
0.062474
0.062312
0.062530
0.063239
0.062727
0.065819
0.060661
0.062904
0.064179
0.063497
0.063006
0.062707
0.062464
0.062645
0.062872
0.063013
0.069873
0.065927
0.065806
0.065916
0.066782
0.066281
0.042134
0.039644
0.041538
