608.000000	380.000000	53.000000	228.000000
611.814636	382.945435	52.250477	213.500519
613.940491	391.344482	50.161102	199.678757
612.156189	387.027069	50.997334	202.046890
610.553955	393.581512	53.451115	193.744186
611.621521	380.907104	51.299702	204.387421
610.113403	381.534424	52.563049	197.876007
608.865784	382.894531	53.749565	199.228409
609.837341	379.847260	52.612591	201.442139
609.449768	380.622498	51.860287	194.949646
609.857544	382.205841	51.549519	197.453690
610.137451	395.749207	52.034374	191.688965
608.596985	394.027405	53.246929	194.306152
607.711914	392.512695	53.786308	190.048431
609.280090	393.605560	51.146011	190.108139
608.321411	392.429413	52.471237	192.727478
608.186829	390.585510	52.444241	193.468872
606.459839	390.738068	52.765980	192.909958
606.720947	394.226440	51.630615	189.980164
604.513123	385.768127	53.327728	200.956589
604.423828	394.894409	51.158142	196.481003
603.436096	391.166687	51.096684	195.801941
603.565369	385.570587	50.668472	202.655640
603.031067	382.882172	51.154999	203.205612
603.400146	391.340912	51.101555	200.880844
603.046143	390.693848	50.751339	204.361237
602.113831	388.055359	50.955734	202.595917
601.936523	391.202515	51.164360	199.894150
602.109314	383.089355	50.641102	206.995834
601.850525	389.308044	49.884472	205.996292
601.090820	380.050171	51.466434	210.310455
600.511902	383.332550	50.754406	202.197449
599.695923	380.941254	50.716396	200.652405
600.724915	378.462646	49.567764	201.278534
601.359192	381.238037	49.120628	201.437988
599.394592	382.190277	49.849491	200.208939
599.384766	376.833435	49.068310	202.296371
597.542297	384.116669	50.016796	200.026550
597.742859	385.202240	48.658550	196.747238
596.782837	380.412872	50.360924	192.989868
595.636841	384.561707	50.543736	189.598587
595.918884	380.149323	49.799797	192.619461
594.446045	381.997742	50.502209	190.556335
593.898499	382.870636	50.878311	185.114639
592.922241	382.426910	52.353233	185.216125
592.057129	387.511688	51.848400	174.844315
592.331238	387.891479	52.319313	177.870529
589.831482	387.150696	55.604015	177.049072
590.660217	387.557983	53.108234	173.945068
590.592163	385.161560	53.888531	176.363785
589.428833	385.472321	54.206310	171.162766
589.679810	388.154999	55.077625	168.424561
589.981506	390.201111	53.063484	166.550018
587.322937	391.296814	55.795135	163.436615
588.298584	390.647522	53.278969	164.520416
589.162964	395.197449	54.024685	155.452728
588.217651	397.910980	53.253712	151.633804
589.207520	396.912781	50.173424	148.417633
589.597290	397.892639	50.156757	146.738083
587.289246	405.952454	51.256001	138.730530
587.528259	402.581268	50.898777	139.060425
588.229004	404.491638	49.659515	138.694778
590.263062	409.760590	46.380348	131.557999
590.370972	416.535278	46.159832	120.382172
586.587708	412.131165	49.254208	123.564293
591.648132	419.226288	42.660065	119.841751
590.659546	425.059448	42.140907	107.886681
589.997498	423.904114	43.658447	105.473694
589.107117	430.017242	42.649021	97.415764
591.243286	435.842224	41.234947	90.547401
590.131836	437.934021	40.506683	87.526329
590.021301	437.202057	41.491127	83.674385
588.433716	436.322998	41.742222	84.787827
588.188843	438.216003	41.742905	81.411324
585.496277	441.137970	44.104118	80.456047
586.169983	439.154083	41.216415	77.715622
585.193176	437.815918	40.955402	80.165871
586.010742	437.160492	40.419193	80.858154
585.040161	438.328308	41.043285	79.996986
583.646240	441.425018	41.348648	75.099236
587.316589	442.298950	36.008781	74.674347
585.225281	443.387390	36.893181	70.855331
584.379517	445.477234	36.881809	67.362717
583.338135	448.635803	37.316017	64.566566
584.062561	449.580322	36.314320	60.472950
584.016174	454.575684	36.285179	64.291916
580.669434	448.834503	39.683067	62.667595
581.761292	457.195770	37.947506	61.066875
582.777161	457.557404	34.665852	62.545284
584.091614	419.903442	32.953438	84.897301
583.375427	412.548370	34.979664	90.165886
574.377014	332.290009	38.455177	61.433975
573.153320	332.319061	37.828484	58.629700
571.269897	332.655457	40.297546	60.684990
570.674866	331.506317	40.775261	62.448185
570.470093	328.623932	40.456680	68.007591
569.406311	327.279694	41.058006	70.059586
569.673706	323.661407	39.897919	62.696423
567.674500	323.973694	41.169403	61.811245
570.175171	324.030060	39.664139	68.543144
569.685913	325.451782	40.299782	74.406158
567.832642	324.603058	44.370140	79.221382
566.045959	328.234253	47.056301	82.295898
568.891968	330.652954	44.414734	80.685112
569.690979	333.068268	43.429024	80.609947
573.013367	333.274017	42.680206	83.977173
573.958069	333.900543	43.920467	82.931091
576.321167	337.088226	44.385441	81.684181
578.327332	332.201385	44.968708	76.017586
582.137268	337.276367	44.834888	82.482101
586.319031	339.273865	42.100746	81.229820
589.779236	339.215088	44.790974	83.649742
590.949951	343.988495	43.621788	77.601555
596.119995	345.592773	40.478935	76.514717
596.572876	341.309967	41.041809	80.016396
598.562134	346.413025	40.781738	80.780945
598.178162	347.358093	42.970776	81.095634
600.319031	352.226562	42.442822	77.779907
602.401428	354.020630	41.663181	75.980103
603.776123	353.071503	40.274353	90.736389
605.083740	353.808167	41.727615	80.594109
606.746521	356.530426	40.554054	87.470894
607.478027	362.251038	43.356022	80.003212
611.428894	362.974396	36.644688	86.245049
611.085999	369.164246	35.696182	83.283546
610.920654	369.228729	36.959774	88.066368
611.569641	373.881683	38.030907	86.116432
610.811890	371.215759	41.843735	81.913666
613.932068	370.500488	37.835587	74.380219
614.869385	373.014099	35.644016	70.392029
614.769714	371.815094	37.024227	69.669182
614.726685	375.317230	38.608128	64.592361
611.344116	375.681854	40.668442	63.958801
611.507141	375.268616	40.474350	67.786903
611.493225	379.368195	42.964485	65.304787
612.155701	382.621826	39.765991	54.789478
614.105347	383.990967	35.885685	58.533134
612.394714	384.613861	36.965115	55.700253
612.634399	388.443939	37.242805	54.588100
612.891663	389.511505	35.514179	50.599724
614.422852	392.618500	33.749718	47.047791
613.132446	393.912476	34.401398	44.679779
614.537109	398.522217	33.566406	40.102726
613.077759	360.951843	33.648064	65.565697
611.267212	361.760498	36.234970	68.694016
631.145386	282.494385	29.026814	54.240498
631.173340	280.173767	27.242126	56.461281
631.799683	280.344482	26.014832	57.139339
631.198975	280.406281	27.234182	60.389927
630.829712	280.211151	27.447226	61.958595
628.290833	280.391266	29.309027	60.625610
627.684143	279.838379	30.085234	64.944054
625.469299	279.653320	32.236996	65.803482
623.750000	279.700104	34.082779	72.863884
621.801514	279.501892	38.242458	77.316963
619.377014	278.249878	39.426533	77.978691
618.724854	277.680786	41.936340	79.834465
616.584412	275.817902	45.955212	81.526039
615.784180	275.492981	50.311367	86.615509
613.578857	275.834625	45.253288	89.129707
615.515442	277.596863	40.662888	82.550728
616.198608	276.156464	41.627853	82.880775
614.717163	275.814178	40.764095	82.581657
612.993347	279.267365	43.486092	88.391296
612.845093	277.020966	41.902946	85.400841
612.227844	279.494171	45.417381	98.334946
609.677734	278.350647	47.947868	110.260384
609.213684	283.143768	46.827801	109.702080
607.653198	279.690338	47.328358	112.378128
608.595154	281.861542	46.138477	109.570145
607.857361	288.013000	43.775658	109.641663
606.864563	285.857697	44.905502	113.881142
605.844482	286.848785	43.696690	118.430748
605.330261	289.777069	43.672489	119.965027
604.114197	289.107117	46.240200	124.596809
601.640381	285.439880	48.053379	124.189087
602.424255	291.179443	46.087231	123.082428
601.263916	292.487366	48.003288	127.731041
602.714966	294.208038	47.289417	129.690201
600.114258	296.478729	51.294514	130.327393
602.838989	301.032959	43.163048	130.641251
600.714783	300.056976	45.380054	132.407410
599.243835	300.238281	48.569229	133.933044
600.483093	304.656677	45.234875	139.366180
600.201233	309.040924	43.557270	134.091049
597.200562	308.354584	49.717674	142.375626
597.660217	309.868317	47.952103	144.807693
597.966003	313.826233	46.213024	144.827194
597.386719	314.148193	45.719738	145.192841
599.134277	316.591736	46.743618	148.891525
598.016113	321.490356	45.341866	146.286209
596.583069	318.990479	47.448940	148.970001
598.082886	315.576721	45.458405	153.920364
597.370056	320.157440	46.315033	153.744736
597.630493	322.993958	45.674866	150.591766
595.244080	316.137054	47.539707	159.236160
595.520264	323.104004	46.754105	155.736465
595.653320	320.965698	46.462685	161.855988
594.715698	325.639526	47.954418	157.062683
596.159119	326.999176	44.909271	153.309937
593.982483	319.596008	48.302349	168.808334
592.810181	320.645081	48.315262	162.602692
593.854126	325.833557	45.881493	161.214722
593.360596	327.462799	46.413876	164.623825
592.713135	333.142548	46.209332	162.245300
591.509644	329.511078	47.508583	167.053223
591.757568	331.975403	45.858086	162.076385
591.515198	330.621826	46.554092	164.070679
589.584778	334.723511	48.434822	163.355927
589.782959	340.414673	46.198856	158.465820
588.775879	335.450195	46.664726	165.599518
587.831970	337.226257	47.175518	165.600616
587.982178	341.949402	45.866264	161.450195
586.039673	334.244232	49.698292	170.591019
585.931580	341.029602	48.369053	164.107986
585.354980	335.985291	47.541714	171.969971
585.327209	342.752594	47.479958	164.724075
584.490173	345.157104	47.593254	166.099884
583.333557	348.640259	48.709839	163.768311
583.504211	348.825043	48.936028	166.789673
581.661621	346.504242	50.456108	167.518539
582.227478	347.612488	49.488548	170.182220
581.758179	351.010712	49.425720	168.241760
581.918396	351.627502	48.717812	166.771729
581.031921	353.722046	50.131756	166.451172
581.500549	354.217255	47.915108	167.683945
578.434387	353.687531	51.100407	166.815491
579.104980	354.877594	51.912525	169.225876
579.726807	359.438385	49.330894	169.751999
579.065552	359.969482	51.165192	170.374176
575.361511	361.033173	56.124763	168.410095
575.736816	359.598511	55.380268	174.184341
577.392456	362.287415	50.444443	175.751144
574.684143	365.299744	53.857231	172.048706
573.181458	356.903442	56.407181	177.698700
574.324158	363.311890	54.882664	169.205582
575.115601	366.028717	52.464527	170.221985
571.883972	366.481140	56.043480	176.962738
573.310913	365.411224	54.905216	169.632874
573.220093	371.995697	53.466984	168.937866
572.727234	371.061890	51.772743	169.358597
572.165283	368.169037	52.372833	172.196976
572.765747	373.475128	52.524719	169.288651
571.335815	368.354401	52.905762	172.583511
570.541931	373.785828	53.255772	171.519669
571.165222	370.616577	55.152267	173.310196
571.513550	368.946198	53.261192	173.217331
571.182495	368.778503	53.127548	168.770477
570.383789	375.723694	52.781616	166.735016
569.913391	369.720184	54.162407	173.353806
568.889099	369.683014	58.334702	172.091125
570.411682	369.887146	53.833778	171.221863
570.393372	375.058716	53.394421	171.942398
570.700867	369.336121	51.708408	171.257034
570.447205	372.245544	52.169487	169.557617
569.519958	372.071259	51.609692	167.792358
568.890076	370.759003	53.507679	174.397949
569.613037	373.249634	52.815334	172.679474
569.930542	370.121155	51.511353	172.300873
570.105469	371.737122	51.346081	174.069962
570.233093	372.843964	50.817837	171.633240
567.811890	370.429230	53.199192	170.804581
570.666809	378.925293	51.615257	174.250504
569.755554	372.206329	54.120575	173.897903
569.801758	368.998444	53.125648	174.396347
568.964478	371.584076	53.030983	172.590225
569.837891	373.019958	53.163055	169.787689
568.987244	374.556702	52.645596	171.231979
570.197449	373.755646	52.138512	170.282364
569.656433	370.762573	51.170448	170.483917
567.566650	368.346588	53.961258	172.236282
569.407104	371.428894	51.612438	172.236664
569.762817	372.312073	50.328598	173.022232
566.768250	369.209839	54.328480	174.327667
569.801697	371.527832	49.896397	170.905731
567.624878	370.974609	52.532555	172.345047
568.171936	372.398468	54.019333	173.080460
567.774414	371.227051	54.339043	171.709747
567.788208	374.228882	53.873096	168.248245
567.589355	372.822357	52.410339	170.286011
566.652405	375.891541	53.500938	169.131378
566.542725	371.789551	54.275475	168.108261
566.127258	375.566406	52.436352	169.446075
566.452881	373.126678	52.680111	169.557724
565.585815	369.787354	52.340626	170.691193
565.562561	370.335297	51.475433	169.096237
565.955505	371.271545	54.746086	170.242569
566.617554	371.226013	52.821609	169.235199
564.452942	375.229034	54.151836	166.698502
565.541687	373.498047	51.804134	168.183380
563.281372	368.993164	56.308624	171.219391
564.379578	368.156036	53.135902	170.845444
563.597168	369.748383	52.220657	169.787964
562.324890	364.303314	53.785500	176.668701
564.069214	374.277161	52.338554	168.868668
563.198181	368.297150	51.311996	170.258530
563.605286	368.267578	53.634918	169.745071
561.933289	371.006012	52.992928	169.503052
562.429993	370.835938	53.863815	173.283478
562.437439	368.221191	53.359203	171.298721
561.995483	370.991913	51.221195	168.850601
561.450806	368.581940	54.717289	171.439514
560.817078	368.536957	55.550381	169.669479
561.215210	373.123718	54.895084	167.140045
561.703064	372.734222	53.074978	171.079605
560.449585	370.661499	52.985664	171.194183
560.200317	373.197388	53.359997	170.769363
560.266418	374.340363	53.233307	170.503342
560.041016	373.087036	55.079735	170.759125
560.791626	374.647644	53.142574	168.796295
559.369202	373.183197	54.812256	168.498947
560.394653	372.428223	52.475922	172.517914
559.882385	372.041748	52.981178	168.479370
558.816162	372.358124	52.740406	168.327637
559.504822	369.894073	53.664860	170.884293
559.045044	373.606995	52.490227	171.652405
559.738098	371.040283	52.550522	171.676163
557.936157	376.519470	53.161560	167.542633
558.400391	371.217346	54.283413	174.109161
558.150085	374.024109	53.657585	174.300995
559.780579	372.911713	51.558239	173.092163
558.392700	374.591217	52.502819	170.492508
559.107361	374.039398	52.022579	172.507339
558.896240	376.066467	53.767723	173.922058
557.698547	374.937897	53.615025	170.206619
557.693237	377.110291	55.127232	172.863434
557.436523	374.884796	54.713917	171.576950
556.861084	377.105957	54.620342	171.917389
556.786499	377.689789	53.008080	167.732010
558.522339	373.923553	55.061832	175.031143
555.888367	376.648560	57.745583	175.155609
559.587402	379.450623	51.397694	173.139404
558.065063	379.856689	53.167557	173.437103
556.827637	377.700623	54.608215	170.923737
557.331726	378.595398	54.120365	169.582672
556.452576	378.153076	55.808601	172.656509
557.191284	377.968628	53.129902	170.441498
558.192749	380.375793	52.294491	171.026505
557.533630	376.373352	55.076725	173.362869
556.779541	376.376862	54.664467	171.613770
555.623840	378.651825	56.698952	173.269058
555.328186	374.868713	57.704182	174.119537
557.928345	377.731445	53.450314	176.251480
555.825867	377.628906	55.258739	173.263138
556.179382	374.231934	55.389065	172.026993
555.456482	378.470032	56.681370	173.333160
555.345337	376.145813	55.242584	172.257324
555.661682	377.881104	55.534336	172.065689
556.278748	378.960754	53.714947	170.750885
554.033997	381.293640	55.735153	169.922089
556.284546	380.746796	53.569859	171.000381
553.869019	382.262695	54.687733	167.459946
554.171875	377.596649	54.390717	173.050064
554.790955	376.362885	53.463943	172.293396
553.515930	377.388611	55.013580	171.947723
554.879089	374.383087	55.199844	174.264160
552.897034	378.406036	59.230335	173.529907
553.983887	377.901367	54.789883	174.679886
552.896729	377.632538	57.399368	175.733200
555.074463	381.735382	54.116600	170.108276
552.588806	377.333252	56.191708	173.647339
553.628906	378.755096	54.813076	174.640564
553.377502	377.267792	56.109997	171.869827
554.188965	377.576294	54.695454	175.632248
553.795166	380.223999	55.102818	171.392044
554.268433	382.324707	53.275677	171.992233
553.986694	383.302490	52.998440	168.996109
553.895752	377.744141	57.491318	175.740234
554.510925	379.850403	54.970581	172.722580
553.275024	374.642090	57.593597	173.711639
555.311462	383.103027	52.853916	170.021454
553.000671	376.610352	56.243759	175.159058
554.605713	377.888245	54.747646	175.597366
553.820374	381.973236	55.244129	172.791946
553.911377	386.040466	54.777283	171.575638
554.061401	379.526794	53.247116	171.969208
553.909851	379.604187	53.413109	174.183868
554.380859	381.371643	52.947327	171.426117
554.138123	378.661438	52.683582	172.806839
554.368103	382.167358	53.994579	173.339493
554.519775	379.452881	52.913666	173.431183
554.477295	384.862549	53.424557	172.739319
552.101562	381.714783	55.790863	171.803589
553.576477	382.906616	54.502316	172.870148
550.929077	376.830078	57.220516	172.962006
552.501282	382.092896	54.940086	170.506042
551.517395	376.025513	56.915848	173.807129
552.675964	382.794952	53.620564	171.165237
551.162842	382.654510	56.496426	172.721085
552.481567	380.845886	53.556095	171.694550
551.635986	380.133362	52.169731	172.154800
551.882263	385.413330	52.644131	169.320099
550.679565	380.073425	56.942886	172.693939
552.448120	383.102875	52.894012	171.593979
551.234802	384.212952	52.681297	169.896133
551.552063	382.922607	54.467896	171.384720
551.060303	377.217651	56.272491	173.161911
551.902222	383.970825	53.082455	172.526474
551.558594	380.830383	53.834812	170.621185
550.653748	379.637573	53.282066	172.149750
552.102112	382.640839	53.910046	168.491562
549.949646	384.979858	55.121162	171.160309
549.951111	379.669403	56.325203	169.656418
550.400818	383.257690	57.005199	174.139496
551.889771	385.935974	52.595474	172.765045
551.462402	384.493469	52.400047	170.506821
550.547485	382.637360	54.005020	172.468063
551.148193	376.443970	54.510799	173.289520
549.776917	383.049469	56.239552	172.606201
550.604675	388.848053	54.267242	171.475204
550.657227	376.229218	54.349659	171.907776
550.909668	378.388123	54.425495	175.096771
550.204773	387.445312	55.383492	177.693146
551.112427	384.624115	53.090466	169.605652
550.055542	381.865784	53.941280	171.059204
550.295959	376.049347	53.573318	174.320312
549.101379	373.602356	57.974194	174.071991
550.421082	388.217834	53.618729	170.508759
549.900146	380.765503	52.201431	170.738403
550.972168	384.874146	53.787224	170.824051
547.998047	385.101746	58.276749	171.163986
549.310059	384.160919	53.854977	172.496658
550.369568	388.951477	53.790325	175.474091
548.449768	382.549561	56.947277	174.251297
548.846436	385.514679	54.263832	169.791931
549.747314	381.536987	52.982742	168.423553
550.452209	381.811523	52.970669	170.293915
549.564331	386.676239	53.417145	170.081741
550.336365	383.658997	52.524223	172.329926
549.234497	384.956696	55.909515	170.841568
548.246643	385.550110	55.236198	174.926468
549.632080	385.056152	54.160534	172.642303
548.795837	389.508270	55.345150	173.388809
549.311951	386.058075	54.062069	174.509201
548.794250	380.603210	56.055981	173.491241
549.157410	379.902832	54.605209	171.828781
548.575317	380.157623	55.955265	170.314346
547.245972	385.245453	56.687321	173.206497
550.286743	390.899261	52.425362	168.049438
546.119141	381.887634	60.217411	174.762131
547.589661	384.426636	56.063889	171.195297
549.482178	385.121613	54.005165	172.572678
550.178589	379.506226	54.113350	173.351105
548.122253	384.418304	55.405922	172.522720
548.229614	382.899292	54.669674	171.214813
549.518372	381.760345	55.617889	172.312744
548.671387	384.801331	56.521938	174.630066
548.960022	380.361572	54.614773	174.580795
548.190369	381.233948	54.936359	173.289108
548.039856	383.565186	54.797565	172.037704
549.101746	385.901611	53.446915	174.185532
550.267822	374.802734	54.454998	174.646637
548.437988	383.591492	55.553131	175.708389
549.753662	382.915619	52.894981	171.528625
549.434937	382.694153	53.714115	172.534912
549.014954	375.311707	55.690910	175.908234
549.746155	386.741455	54.777908	174.462982
550.585815	383.992096	52.610321	172.981735
551.076599	383.101807	52.071339	174.319061
549.729004	382.726501	53.347149	173.550797
550.052490	377.737549	55.204685	174.166214
550.468201	388.274536	55.012592	173.463623
551.197266	383.290161	53.340828	174.360474
549.509521	377.246216	56.182949	175.337860
550.349426	381.165039	53.785355	172.684708
550.946228	382.401825	54.091339	172.003036
550.094177	380.668701	53.898388	175.937347
550.213257	380.804688	53.649338	173.433502
549.070496	379.498047	56.412094	175.092804
548.268066	381.733948	54.601891	172.455780
549.825500	385.749878	53.662567	172.112885
551.131165	381.894897	53.425678	175.920135
549.872864	381.195221	55.048855	174.744141
550.497070	379.689728	52.646614	175.626404
550.101990	382.727478	54.918766	177.072510
549.003662	382.202759	55.180916	174.835449
550.005249	382.572906	52.832870	171.487778
549.577576	376.554565	52.216732	172.706818
549.158081	384.060120	53.776356	172.460754
548.505737	380.677032	56.315300	175.531799
549.435852	385.388000	53.042568	172.116562
549.922913	389.058197	54.511425	175.432144
550.491638	388.505859	53.062401	171.806488
549.664795	385.181702	55.788132	174.142731
549.464355	381.881470	53.564640	173.667633
548.820801	388.379761	54.723606	171.544312
550.032227	385.903748	54.096344	174.606613
549.609070	387.330109	54.556126	172.902603
547.477600	388.718567	57.410187	174.731339
548.759399	385.638428	53.504089	173.589142
548.248413	386.110962	56.012661	173.754181
549.835266	386.316376	51.401157	169.856384
547.980164	388.278870	54.683487	168.143448
548.851746	384.039307	53.761734	175.083405
548.406677	386.779938	53.929119	174.073654
548.051025	383.343994	53.760834	174.797607
548.072266	386.262512	53.024933	174.074005
546.554016	381.057281	57.377232	176.124619
547.910156	386.385773	53.501919	175.515396
546.889160	381.965240	54.614067	174.495804
548.265442	389.961426	51.795822	171.118378
547.336304	378.203186	52.733665	173.369904
547.767090	385.102295	54.126003	175.289871
547.274597	383.287140	54.138382	175.315903
546.770813	383.881226	54.397430	173.386353
547.417847	383.936401	53.741425	174.959381
547.123901	384.711273	53.831398	176.697098
546.390198	389.123505	54.011208	172.492813
546.560181	386.904144	55.303436	174.406433
547.538086	383.488586	51.723843	178.384628
546.669250	385.367157	53.960564	175.810287
547.724304	383.204254	51.688381	174.557571
543.600037	379.717590	58.068794	178.525482
546.539307	384.127106	53.766884	178.684647
546.890198	386.271881	52.222462	174.036270
544.695251	383.455902	57.791649	176.139847
547.131042	383.771545	52.957764	176.746033
545.579895	385.232605	56.599991	174.649460
549.747559	390.229401	50.811470	172.640305
548.259888	383.486206	52.143784	175.415741
548.050110	384.969421	53.371410	173.260925
548.000122	385.301270	53.188450	174.038559
546.192017	381.863892	57.745575	176.959427
546.640564	384.816345	55.345898	175.059631
547.044495	381.331299	55.215961	178.577881
549.530701	388.260193	50.308537	169.736755
549.735962	388.665924	50.315083	167.905197
549.407410	386.817810	50.445442	171.944214
548.382324	388.181915	51.523750	170.487259
547.887146	383.888702	52.571438	170.441467
546.573914	390.629028	53.101665	165.193436
548.728027	382.272278	52.704704	167.343307
548.176758	381.027954	54.004707	173.281784
548.203491	386.747559	51.727669	165.103775
550.016174	384.250641	49.379726	170.484375
551.370117	388.765961	49.250187	164.429443
549.999512	379.741333	48.685051	169.240402
547.750183	380.053040	54.113701	166.077301
549.592712	383.043915	51.461502	163.001236
550.302246	373.171082	50.057304	171.002182
548.773926	387.044678	51.778500	156.165680
549.285889	382.746643	51.292702	163.234375
549.275635	372.029663	53.227955	163.849457
549.150208	382.588013	52.640373	156.611694
548.511292	381.763153	51.325672	156.985397
549.458374	384.333984	48.978161	152.971985
549.784058	387.703125	48.745007	146.802231
549.841248	384.343994	48.495087	147.933914
549.907837	384.433716	49.950024	150.042175
547.122803	384.983734	50.469311	144.509521
549.797485	381.103760	48.135811	146.761444
549.436768	385.392578	48.286648	137.992462
551.498474	382.935730	46.417896	142.215057
550.615295	381.078217	46.059677	135.574539
552.372864	382.870483	44.799122	131.319489
552.215393	379.778442	42.368004	134.411072
551.275024	379.816864	43.183239	130.087936
552.986145	385.821625	40.074429	121.223579
554.593872	372.298767	41.073650	135.639435
552.437439	382.724548	43.264282	121.533218
552.631470	385.267883	41.383228	120.736031
552.533325	378.912354	41.449486	124.251511
554.281799	386.103119	43.089008	112.394241
552.509155	379.444611	46.228157	119.256874
553.353943	383.395630	44.751308	108.823524
552.148376	386.403900	45.175526	108.780502
552.489563	376.669281	44.534618	115.295189
552.899536	381.528320	42.599655	109.970184
552.488464	394.207916	42.066189	96.746155
551.939819	395.142365	42.000591	94.308266
551.623901	403.382812	40.030651	83.402802
551.610413	402.917480	39.097244	84.185547
550.986633	402.390320	41.653046	87.238342
552.304626	403.964172	40.380318	86.403221
556.055969	402.115753	35.898045	85.204109
551.086548	398.421906	41.211922	88.359909
554.288269	398.049957	37.034603	87.656532
554.051025	388.219971	39.065681	93.178619
550.609192	372.713074	44.362331	110.035927
549.089172	389.839478	46.182560	95.195366
543.388672	369.346954	51.304047	110.089119
545.239563	383.340149	49.880699	96.301056
550.938171	381.226196	43.030712	100.973564
549.780090	394.772583	44.455509	85.905388
555.259521	400.703369	35.714256	82.614975
554.470398	403.628265	37.091385	78.902473
554.366760	416.343811	35.156822	74.303261
554.616455	416.822937	33.976192	76.458679
554.706848	415.381073	33.604218	81.052406
555.655762	427.973877	32.319645	72.655754
558.314819	434.491852	27.583309	70.752419
555.721252	422.033997	32.095707	80.189308
553.482239	427.257080	35.085487	72.052498
555.364563	434.546234	31.910681	62.449169
553.986450	423.738129	34.612286	59.845901
554.079651	439.396118	33.637051	65.445221
551.770813	422.178223	41.779495	64.030220
553.266357	423.585052	40.509045	62.127068
552.940796	425.202362	41.650158	62.333870
549.712585	424.967896	42.923225	66.552681
549.712585	424.967896	42.923225	66.552681
549.712585	424.967896	42.923225	66.552681
549.712585	424.967896	42.923225	66.552681
549.712585	424.967896	42.923225	66.552681
549.712585	424.967896	42.923225	66.552681
549.712585	424.967896	42.923225	66.552681
549.712585	424.967896	42.923225	66.552681
549.712585	424.967896	42.923225	66.552681
549.712585	424.967896	42.923225	66.552681
549.712585	424.967896	42.923225	66.552681
549.712585	424.967896	42.923225	66.552681
549.712585	424.967896	42.923225	66.552681
549.712585	424.967896	42.923225	66.552681
558.057617	340.425171	38.819374	77.342789
581.585205	193.719269	47.190922	82.709579
586.465698	167.798889	46.732601	106.028946
587.294800	165.714584	49.505306	95.690765
588.869873	162.901627	48.705647	97.502724
588.822021	166.522247	48.328423	97.452408
588.924194	163.677963	49.265652	101.601616
588.696960	162.692322	51.316551	101.959549
589.017883	163.382812	50.871178	104.781898
588.839294	163.583191	50.943100	103.987015
588.562866	166.626526	51.362705	103.960793
588.495972	163.792358	52.575207	105.359474
589.046753	168.045151	52.920513	104.910034
589.433411	166.319489	52.986988	107.600105
589.520386	166.757233	53.809864	107.927063
589.630432	164.968262	52.511810	109.335228
589.580078	165.796906	54.310501	111.703140
588.802124	164.809235	54.847244	109.206635
590.050598	163.930573	53.276882	110.893387
590.010986	161.786819	55.982151	115.734535
591.014954	155.519394	53.202541	117.820976
591.399780	155.676315	53.917404	119.016388
591.389160	154.440247	53.580902	120.270859
591.724182	156.186981	53.418701	119.656021
592.340027	156.258331	54.033787	118.334023
592.640137	154.243591	54.095078	121.581345
593.375977	154.631470	53.737267	122.765495
593.310425	156.257355	53.549381	122.259895
593.816345	157.318466	53.721359	121.968361
592.745789	157.806213	54.953110	122.347397
593.798096	158.996536	54.950565	123.648445
593.761597	157.343430	54.457771	123.487518
594.788696	156.377289	53.890858	126.401566
594.627930	157.178833	54.321957	124.813446
595.885742	156.979080	53.592270	125.511055
595.826294	157.426971	54.718216	126.263687
597.327515	160.222137	53.401043	123.502701
596.846375	156.501373	54.404938	126.110184
598.132141	157.950317	52.809910	125.693748
598.036316	159.016937	53.450356	124.931152
598.894531	158.194794	53.070477	125.020615
599.121216	158.618774	54.216240	123.280685
600.016174	160.994095	53.604290	124.878151
601.548767	160.915543	53.001751	120.106895
602.940735	160.875381	51.626236	118.797752
603.869995	159.411743	51.017345	119.968773
603.990662	159.043030	51.573215	119.717178
605.238892	160.509842	51.066414	117.585205
606.154602	161.204742	51.080421	116.467705
606.662537	158.799530	51.759552	118.319885
608.864868	159.793488	49.629509	117.691574
608.655151	158.769272	50.766541	118.585968
610.150574	160.277954	50.142689	118.429451
610.559692	158.418381	49.769951	121.505058
611.521606	160.957520	49.900539	120.003777
611.965454	161.791626	50.618900	117.649185
612.172424	161.748901	51.270958	117.023041
614.102661	162.272644	50.592102	116.960747
614.512634	163.199677	50.305756	115.083046
616.539612	160.852432	48.635498	116.630737
617.174683	158.530396	48.611084	115.771965
617.932739	157.820435	48.924595	114.201927
619.391418	157.628693	48.508408	115.133446
619.649170	161.452637	49.528961	114.388901
620.837036	161.371521	48.431553	112.239021
621.573608	161.018875	48.787636	113.572533
622.025635	159.969025	48.114971	114.699493
621.693115	161.606079	49.432896	113.743721
622.677551	161.397125	48.917336	116.513023
623.338379	161.521912	49.030849	113.401016
623.669373	163.713684	49.661098	115.039566
624.473755	165.034241	49.103962	111.029251
624.287476	164.828979	49.529030	112.066238
626.109314	166.394348	48.300194	112.385651
625.621033	161.989090	47.871582	114.889046
626.416748	168.124023	49.035686	111.815254
626.895264	168.354523	48.728729	110.419189
628.984497	166.960129	46.853207	112.387825
629.973999	168.329315	46.380215	110.828262
629.452087	168.061798	48.440071	111.306458
630.844299	167.671860	47.128937	112.648933
632.460632	168.316620	45.741508	111.391670
631.856140	165.040817	47.537384	113.762177
634.888245	167.929352	44.824261	112.917549
634.259705	163.839066	46.659546	119.787102
635.205872	166.854904	46.588535	117.519783
633.289429	154.209335	50.589176	127.456459
633.804565	160.555695	49.595551	121.614044
637.496216	155.643677	46.942104	125.278877
637.103760	152.113922	49.051762	129.318314
637.635559	158.744003	48.195881	128.493347
638.766357	158.041611	46.491379	122.858582
637.837708	160.411469	48.768398	131.786499
637.591492	157.703674	50.134514	136.825638
641.292175	157.937317	45.904030	121.111359
642.436829	155.906708	43.896534	123.836525
643.278503	157.605209	43.755802	117.667046
643.322144	160.839050	44.250851	114.444122
642.932312	158.240906	45.053749	113.754227
643.156860	157.711578	44.170860	113.428574
644.674866	160.411438	42.129532	110.598190
645.788391	164.544754	41.128056	108.313110
645.826538	164.535767	42.470200	108.656372
646.120117	165.020996	42.931320	108.970963
647.024780	165.303238	41.899776	108.423286
646.999634	168.075058	42.168865	107.027405
647.012878	166.977570	43.143513	108.422897
647.976013	165.377350	42.236141	106.440536
648.461365	170.017380	42.846737	103.791588
648.986511	168.074020	42.525024	103.627129
648.575684	168.741257	43.572693	103.942474
649.185852	167.105942	43.899487	108.390190
648.590454	164.695526	45.998466	111.700691
648.293091	168.240799	46.786625	109.900002
648.398621	156.917480	47.475170	120.762680
648.620056	155.925079	47.749386	121.040443
647.798035	160.479172	50.253445	121.914482
648.218506	147.278564	51.335094	124.772415
646.763733	159.332092	55.529861	126.511971
645.329468	155.470505	57.605698	123.763390
644.884888	157.162811	60.253857	123.744705
641.675171	154.189697	67.128494	125.477966
599.020386	318.453186	57.211609	168.107559
596.689880	321.494019	57.797832	168.324432
596.679321	321.467468	58.875671	169.860229
596.536987	317.251984	58.807491	172.244827
595.783691	317.968719	59.749428	173.421097
596.027222	319.572815	59.839611	172.390900
594.565063	320.973694	60.986931	171.193634
593.940796	317.434570	60.571632	172.636520
593.430847	321.358368	60.653511	164.683838
592.235657	323.976685	62.569736	168.132492
592.963379	315.536041	61.122173	173.440170
591.433044	319.540649	62.808270	172.728836
589.353027	326.801941	66.189384	181.418228
591.067871	322.281097	62.782238	179.224655
590.301636	322.250488	63.360710	180.657639
592.028748	321.775513	61.234135	179.812653
590.392395	309.097900	63.184418	178.625427
590.808777	316.236450	63.231182	180.931015
590.591980	309.466980	62.302570	184.252441
590.884094	310.646332	60.679020	178.977097
591.260254	307.724121	62.184181	186.959625
590.764038	305.994080	62.334835	189.763641
591.542725	307.242126	61.639843	185.675995
592.212708	306.292389	60.779263	188.833313
592.642456	305.179474	60.036610	187.622635
592.495178	305.232239	59.932892	186.210648
593.572632	312.192444	58.909767	183.638397
594.222351	312.403320	59.670662	183.945465
593.976685	312.076599	60.518208	179.735718
594.457520	319.501282	60.291428	180.523346
595.870483	317.955444	59.677689	177.232773
597.680847	312.836670	57.510246	174.292572
597.871155	314.994446	58.164597	175.954224
596.795288	316.259125	59.944397	172.705566
598.641357	314.591675	59.176369	175.839691
599.258545	312.972229	59.292950	175.971588
600.970276	313.010193	58.142250	175.503128
601.028015	315.873596	57.820839	176.457611
601.489258	312.501221	57.021400	177.177444
602.005310	316.454620	56.476875	174.251511
602.358032	314.454407	55.180710	176.047989
603.652283	314.999603	55.479305	173.890137
603.443420	315.881195	56.158287	176.526535
603.280457	315.106628	57.311562	179.942322
604.914673	321.546997	56.366222	171.903183
605.825623	318.139160	56.648243	173.065186
606.158386	316.179657	57.222103	170.038376
605.886353	314.204773	59.228142	173.251419
606.394592	315.802246	58.966759	170.212708
606.796021	315.031433	59.078674	174.314957
606.805847	319.639648	59.360527	168.661621
607.807861	321.132751	59.032658	167.489838
607.708679	318.739319	59.200130	170.536102
607.669739	325.783752	59.751431	168.929398
607.920837	323.403625	59.168339	166.007645
608.282593	329.256165	59.484447	170.433975
608.386414	329.641998	57.432480	166.798874
606.737488	327.936554	58.489151	164.697830
607.407837	324.065948	58.222691	165.735031
607.341675	326.786713	58.791328	163.524399
607.134705	326.991577	58.086044	161.566315
606.477356	332.514313	59.307262	162.115356
606.482849	334.655396	58.018387	157.911774
606.000366	332.022034	57.646393	158.416107
605.513306	329.419312	58.933887	160.291458
605.002380	327.639465	60.042641	160.480896
605.120667	328.535278	60.590744	158.776428
604.622864	326.990417	62.162895	162.002960
603.909363	327.180389	61.002739	160.873123
604.815063	328.330078	61.441040	160.920334
603.929199	327.254089	59.931145	157.442673
604.057007	320.577057	61.039204	166.478165
605.520752	315.567230	59.273582	173.624130
605.586792	324.814728	58.342003	164.799240
604.410950	317.362213	59.422310	171.505386
604.794189	315.766449	56.706928	176.399094
606.694275	318.135193	54.493397	174.646027
603.544495	315.677826	59.487984	177.087662
603.745667	315.189606	61.252571	182.101303
602.840332	317.917786	61.317680	179.877228
602.368286	318.630219	60.000931	170.456711
603.476624	325.422821	56.437096	176.605820
604.556641	324.437195	56.229092	168.934540
605.817383	326.028168	54.342220	163.699219
604.814270	325.774231	54.345791	165.469391
604.362915	326.301025	55.029121	162.444992
604.476074	329.166382	54.060303	160.346786
604.480835	330.414429	52.222507	156.085617
604.116394	331.752960	54.842030	154.969772
604.475220	336.245239	50.482399	151.705185
603.753052	329.933594	54.598305	160.520187
604.593933	337.067200	52.944061	149.853638
603.175781	334.804321	56.644279	152.638443
600.666992	315.857849	64.691917	175.668427
602.076721	310.279510	62.649208	181.679947
601.213928	307.309540	63.609142	185.380371
598.221741	316.311157	73.037476	180.110153
601.066589	309.028717	69.436874	182.993774
600.439941	316.274170	70.106438	175.545090
600.637207	321.847687	67.963318	171.384903
599.671509	316.838837	72.277702	172.888000
600.936707	320.457214	69.294731	171.269760
600.680969	318.417847	69.238747	173.972702
598.073608	322.152832	80.108246	174.830414
598.888672	318.909760	76.325615	175.149521
598.899780	321.703278	76.287521	174.262390
596.860168	325.593140	77.242325	172.563354
598.324341	318.963501	74.694824	180.172226
597.902100	320.669067	71.362335	175.399979
593.809021	326.099884	88.625778	175.797104
594.979126	314.908203	83.156357	180.607040
594.722900	309.531860	82.327209	190.766281
589.963867	307.164795	91.582794	189.825989
590.164307	310.441956	93.501839	185.178558
589.849426	311.379883	89.307533	184.014603
594.067078	315.011963	80.111969	179.289627
591.869202	317.793274	90.811806	179.191940
593.741882	315.288147	78.768402	182.732635
594.558899	315.365936	77.019691	184.791321
595.116455	315.086914	76.585793	185.153519
594.759094	319.145691	73.449272	182.871002
597.406860	324.550659	65.559151	175.942123
598.798279	327.626404	63.026989	170.327896
600.052917	333.973938	60.376713	166.605713
599.576660	335.649780	63.895084	160.784454
599.975769	334.515564	61.412949	161.242065
600.833252	337.446899	58.569511	161.327820
599.367920	341.695831	65.282509	157.089615
600.913940	338.292114	57.283047	158.734711
601.412354	340.078308	60.319271	156.215790
599.467224	342.712860	62.476070	155.892502
599.593079	346.233124	64.250725	153.481522
600.632202	343.570496	59.893215	149.841553
601.382751	350.894104	57.304066	142.348236
600.814575	349.573761	61.398151	146.273193
603.264771	352.478699	57.792652	141.457932
599.073547	337.337219	71.005249	157.225128
600.802734	349.999603	62.597694	141.978165
596.319885	321.852509	78.518394	167.612381
595.526184	315.457520	77.308952	167.884354
591.320923	304.019653	85.400208	180.684723
585.427551	296.041473	89.817604	189.418762
597.569275	313.179718	76.981804	168.955887
589.834961	293.980835	86.771622	187.271271
595.426392	303.768921	90.469582	180.959015
595.343079	308.951965	91.858261	166.019928
603.327881	311.578247	73.774437	161.976471
602.860413	306.129669	62.875465	161.756668
606.936035	307.211029	64.079659	169.764542
604.974426	304.531189	52.325844	174.322830
606.868958	307.838867	54.806370	162.593140
606.580872	304.646454	60.840015	172.819763
606.508911	308.870117	57.697586	161.626724
604.163391	301.823059	70.166489	174.366241
604.689575	300.123169	67.583748	168.592010
606.654541	299.139740	62.640694	168.518188
603.497559	285.883392	73.080437	187.761917
603.411377	292.601379	69.251823	171.580048
606.289978	306.946320	68.389282	160.091080
605.664734	289.102722	72.901382	183.651764
608.614014	292.572388	64.738976	176.868195
603.809631	291.674957	76.821030	177.046188
606.969421	284.733246	71.241432	185.469009
607.542542	285.542419	72.099037	184.210693
608.620972	261.595978	80.076614	208.451736
605.698486	287.219696	77.455467	176.294739
608.480347	298.170502	68.181969	177.046829
610.520142	292.814453	64.830139	179.779510
610.126099	279.087982	67.893349	194.582779
609.858948	280.226288	67.860909	193.161499
610.088867	281.222656	68.216248	190.069321
607.315430	291.961884	67.488228	179.832703
607.166321	274.569763	75.641113	191.660385
610.234375	278.597015	70.630272	191.166061
611.089844	281.713013	72.626770	189.198776
610.058289	276.471558	67.959763	180.816742
610.330994	283.626099	68.329376	177.258652
611.113342	293.113464	67.507759	170.320282
608.682922	288.532501	71.354477	171.106766
611.856934	294.839325	66.598358	149.872665
608.476868	292.071075	67.724648	152.946594
610.999939	298.173676	65.087975	149.230103
608.097107	296.259216	67.509270	155.260742
608.752441	298.142883	66.191994	160.455429
607.113525	298.480591	74.167892	159.809418
608.833618	302.480072	69.787300	155.803528
611.140747	305.345337	66.385475	154.723663
611.880981	307.973999	62.296410	154.060165
611.399597	302.927307	63.108086	156.526077
611.144592	306.165405	62.218239	148.584778
612.656982	307.754181	58.179749	151.371140
611.364441	311.185547	60.304981	152.405563
611.431580	311.511139	60.308468	153.155380
610.433960	314.003296	58.238331	148.467514
611.280518	312.809296	56.263248	150.978714
614.450500	311.337189	51.613266	149.193741
613.185303	320.258118	54.504646	142.441116
614.721619	323.402496	49.239906	140.289795
612.929443	316.018524	53.647850	147.037613
613.023560	325.008240	53.596592	139.694916
613.159119	329.085846	53.932930	141.114990
612.968567	316.272949	53.855404	151.249725
609.860840	311.046478	64.115631	166.313721
612.647827	306.005127	58.618279	165.184952
616.573547	338.826477	45.986820	132.577316
613.661987	341.112915	54.131897	139.000031
617.283936	317.252167	50.620087	144.150558
616.733887	322.539886	51.754353	132.672058
617.774475	317.887512	52.918591	142.549271
620.045227	314.251587	54.189865	144.913177
616.822266	312.419159	63.502789	143.810837
617.409973	314.235077	60.573494	149.533310
617.195984	311.143463	61.228447	150.110413
618.838623	304.457428	62.334644	164.493103
617.768799	294.255981	63.727764	171.630966
616.021973	287.651794	71.724083	173.915924
617.354065	295.303680	68.532623	165.400818
617.366028	298.241730	67.526222	175.585144
616.746948	294.983582	72.677979	172.018082
616.509705	296.250244	73.716927	167.395325
616.708679	293.397461	71.330132	171.086884
620.903442	296.545624	56.095112	165.242996
619.456909	302.970642	64.465637	167.303482
620.631775	308.075439	62.777653	161.738678
620.418091	299.164246	65.780823	169.563522
621.671082	311.699097	62.570328	159.952377
625.003113	306.475006	55.784512	161.874344
624.970337	317.219452	54.789730	148.695114
625.690002	316.956879	50.931973	151.643356
625.822510	319.075287	56.231312	147.298080
626.475891	320.369934	52.956234	146.723999
625.177063	327.565582	57.663105	144.190109
625.617615	326.994446	57.579578	140.624481
623.366577	331.764801	65.709114	136.596695
626.547668	333.884949	61.025646	135.272308
627.392517	333.021362	58.389034	135.978485
627.737305	339.574646	58.618984	130.644073
626.458862	338.780548	61.615620	129.830765
628.678467	341.985687	56.918701	127.861443
628.687622	352.005920	59.627777	118.738777
628.866821	347.551971	62.432205	125.756332
630.007202	351.399200	57.795708	123.516090
630.479126	348.918457	57.707291	125.825043
630.914368	353.463135	58.043865	125.761711
631.447083	357.356049	58.781689	125.146713
632.385071	339.768097	58.885262	135.512634
632.035950	345.686493	56.405281	131.522156
631.419189	345.658539	61.660172	133.064651
630.430298	342.027985	63.798458	134.089523
632.247437	371.902466	52.728474	110.918930
635.351501	371.421906	49.556889	105.759254
633.923462	379.660767	50.436359	96.586197
632.756531	394.904236	50.235428	85.949493
634.026733	385.283356	48.976715	89.350586
635.785645	391.523376	45.733551	88.272919
637.516235	394.683716	42.388187	83.952240
635.846008	394.026367	45.851910	85.578903
635.631836	396.283630	46.967228	87.089149
636.144287	397.955444	46.594837	81.974709
638.772156	398.409424	43.328545	79.578033
640.168091	398.699890	42.600983	76.151329
641.309875	393.070557	42.875103	78.730766
640.722046	401.741302	42.805359	69.729660
641.073730	402.177521	42.399719	69.115746
641.209229	399.712341	44.755932	71.039520
642.164429	393.971710	44.975803	78.803528
645.969727	411.887421	47.619469	61.049019
645.656372	405.630066	42.051884	65.651443
659.307373	288.470612	41.097599	64.246193
660.733093	307.565491	37.099934	47.043953
661.441284	305.323395	35.695934	47.341171
661.603149	305.300659	35.097919	49.497227
661.847351	304.739410	36.526321	52.418919
662.250854	309.032715	37.851479	49.658169
662.024475	308.329956	38.273827	53.100563
662.768066	309.560699	38.532768	54.202557
660.984314	307.101105	41.522659	58.988289
660.924622	306.347809	41.936779	62.501179
661.799500	302.068451	45.477589	70.956108
660.306641	302.266113	46.725742	73.997101
660.681152	309.430084	45.113022	71.561562
660.902710	308.439728	45.313385	76.860222
661.173767	314.313263	43.949833	71.078796
659.768066	315.335297	44.975277	73.630966
660.229614	315.354309	44.382378	73.618950
660.342041	301.585449	46.675701	85.068695
661.845825	304.698700	44.100674	85.796623
662.484375	304.172760	44.753960	86.828232
662.175598	301.358337	45.419693	90.934494
661.767029	301.617126	46.379547	92.906982
663.273621	304.318268	46.223679	88.960098
662.542847	303.375519	48.965282	96.937515
656.024170	302.202301	56.383705	115.759300
657.369751	303.999268	52.125294	114.168793
658.541260	310.885529	51.017017	113.495979
657.918518	307.812439	52.226608	109.315117
658.897766	307.670624	54.384480	107.863220
655.479187	311.180450	55.051754	116.716133
656.206970	317.674377	53.250511	117.659088
656.386292	319.917084	49.826000	112.108047
654.110840	321.142609	52.785343	126.286484
652.710388	320.207733	52.570381	120.908974
652.234314	329.337036	51.925430	123.795059
650.760193	330.416718	52.145271	122.308510
650.990356	330.558350	52.019264	121.620911
651.105103	338.396423	50.175491	118.622223
651.818298	336.592407	46.720104	119.208282
649.654297	335.632050	51.786594	118.489151
649.953857	342.981354	51.008121	112.671669
650.726746	347.016144	48.369968	108.821518
651.768005	343.969360	46.716522	114.332169
649.744812	344.255432	51.939301	116.360992
651.816040	349.874207	43.691551	109.082428
647.825134	353.655945	48.308521	108.497528
650.840515	355.952179	46.531956	108.262207
650.761719	374.474762	42.618404	88.355957
658.375916	378.292084	33.951279	81.760719
657.153687	373.016907	36.981323	84.214844
655.624573	379.270203	36.781723	70.492859
657.774353	382.348389	33.157452	63.994621
661.027283	384.136169	27.791252	65.050972
661.566589	385.968719	26.043879	61.260696
661.965637	386.250610	26.185188	62.479000
661.104065	390.476074	26.171524	59.558125
662.845581	395.342194	23.188471	48.586971
662.939941	395.537140	21.627403	42.110859
660.471069	399.562469	23.403078	40.720516
662.345520	403.312836	20.768393	38.788437
660.844604	405.717102	21.493879	37.845135
659.464661	406.972382	22.186954	40.465538
658.252502	408.428589	22.639219	41.685509
657.911621	396.418579	23.782190	41.228386
654.857544	399.814026	25.157825	40.450413
653.640808	404.858124	26.762226	45.984592
653.144104	401.426727	26.387598	38.473381
657.599609	313.712463	38.269596	43.516098
655.417908	292.098083	43.000961	59.359745
653.420654	290.835632	46.438591	67.784988
652.100342	290.082184	46.203384	67.296890
652.632019	295.167511	45.760788	74.234726
649.318481	292.634949	51.956646	72.094620
648.534851	293.324402	48.879307	71.266518
649.019287	302.617737	46.614613	60.652973
647.404114	295.448242	49.637478	71.461411
647.876953	301.127930	46.859077	66.538109
647.051392	302.076416	47.445396	75.412079
644.094238	281.949524	52.091713	93.038689
645.948669	283.088257	51.339794	90.894547
646.044250	274.509125	51.844440	93.935661
642.177917	282.929016	55.829193	100.280235
641.487549	276.721802	55.877476	104.088829
641.528748	278.980316	53.018341	108.834190
640.686279	276.851105	52.577480	107.553246
640.537903	281.224274	50.834808	107.051628
639.660278	277.461456	52.694256	110.257462
636.804016	282.780396	57.198036	113.471100
638.023865	278.665955	55.193771	115.550629
638.646423	279.591858	53.707466	115.625984
640.353333	283.046051	51.345325	113.123573
637.497253	284.534149	52.671249	113.686790
636.022278	282.925659	52.592175	119.328247
635.858398	284.621399	51.077179	121.835480
634.056396	286.390808	54.008171	128.683487
633.078064	287.553711	56.754299	126.890594
632.183167	287.243744	55.521507	123.139397
630.896973	292.104675	56.497974	124.388275
632.580566	289.403809	53.529289	130.630219
629.658813	294.214172	57.417049	132.788223
631.383362	298.994385	52.376022	127.530441
629.357666	296.606049	52.762314	131.092407
627.477173	305.668945	55.518669	132.318665
631.892761	304.476227	48.228428	115.362305
630.628845	309.594116	50.179386	110.756012
629.643677	311.534546	51.811337	111.602196
630.020020	309.558746	51.813896	120.740288
628.936707	315.616608	48.844231	111.479652
630.199341	316.036743	48.663315	112.318878
629.941895	318.180725	48.966732	114.240364
630.127747	319.812744	47.635738	112.548370
631.267761	324.759857	44.809528	109.226128
631.802856	324.640106	44.345535	101.577034
631.868103	324.890991	43.449860	91.461960
636.350342	336.208527	39.522709	82.826843
632.223938	341.839355	42.086319	73.744034
634.642334	345.347748	38.177177	75.317223
637.925293	348.097198	35.097637	68.623108
641.791626	348.776886	30.929819	67.708855
642.760010	349.173706	31.382212	67.668922
642.107727	351.760071	31.060858	67.983482
642.265442	353.627777	31.088902	68.258789
642.213989	352.436249	29.927862	62.876549
642.098755	358.285858	29.063833	57.418877
642.089783	360.999451	28.610922	55.019073
642.861328	363.701477	27.719883	52.210030
641.650879	364.168671	28.721571	50.223148
641.793579	369.375244	27.640621	48.744194
643.110535	370.222321	26.201885	49.400463
642.000732	375.760529	27.683683	47.764992
642.227722	377.537720	25.717442	46.907902
641.369934	380.925476	25.680113	46.494911
639.324280	383.566772	26.746679	45.791061
637.777161	384.465576	26.864765	46.494678
639.286438	368.169342	28.812798	44.492771
639.871948	367.998993	30.931013	44.089905
638.621216	362.589905	29.651817	50.817497
648.741821	281.576904	33.588829	65.640556
649.247559	276.822845	33.772621	71.155197
646.911621	281.828308	38.218048	67.807373
647.882202	281.090027	36.854488	60.125252
651.952881	287.257172	32.984516	58.317303
653.776550	287.738007	29.127613	62.308586
653.529541	291.156036	29.886339	66.948952
651.897888	293.854614	29.804600	72.110344
651.171997	287.937164	32.287430	62.640919
651.204041	290.907867	32.918041	49.352737
658.768311	295.225891	27.020826	42.629150
657.310120	303.647736	25.117891	39.309032
657.786682	302.215302	25.136349	42.161751
657.183411	304.939575	25.426920	52.302780
648.347595	308.722046	32.900757	76.960167
645.666992	306.419739	35.179569	84.367264
641.186218	307.121704	41.721676	90.722458
643.221375	301.999084	39.117386	96.388931
640.987854	305.516663	40.973183	94.126556
637.481018	302.464722	44.700470	96.087303
639.419617	314.600922	40.386547	84.666641
637.833679	321.040955	44.662777	73.711739
636.951904	328.972290	45.181309	69.712151
639.322510	329.681274	40.022900	71.212761
639.562805	329.023987	38.486786	71.879723
639.673584	329.773468	39.172829	72.435173
638.791809	329.854828	40.525223	70.934029
640.217041	327.812805	39.396385	74.059654
639.746338	327.927826	41.357239	73.764687
638.632935	324.638062	43.785679	75.484039
641.646729	325.933167	39.578247	68.463432
643.869934	327.474396	38.003422	70.664497
642.349060	330.820801	40.388554	70.673500
645.485718	330.285645	34.889565	66.374519
647.501709	335.693695	31.388683	57.297779
650.216003	337.795471	27.061306	56.244759
648.636719	340.291534	28.193338	57.229996
648.764709	339.410767	28.426514	58.617252
648.846741	343.046082	28.586002	57.687168
650.264282	348.036255	26.892252	54.279686
651.940552	349.746155	24.508591	54.168274
653.607239	341.449646	24.821457	46.193439
650.823669	352.905090	26.048229	53.978943
652.869202	348.737549	25.100096	41.836609
653.917358	355.076019	22.140556	36.888615
655.289734	359.090668	22.061804	38.532284
653.444153	360.995544	21.951023	38.168530
653.590942	357.868225	23.724966	32.089523
650.918152	364.419159	24.835491	30.030167
650.380737	367.286835	22.525410	24.168386
654.503723	370.174042	20.118301	22.541771
650.453186	373.283112	22.357111	22.165731
650.453186	373.283112	22.357111	22.165731
650.453186	373.283112	22.357111	22.165731
650.453186	373.283112	22.357111	22.165731
650.453186	373.283112	22.357111	22.165731
650.453186	373.283112	22.357111	22.165731
650.453186	373.283112	22.357111	22.165731
650.453186	373.283112	22.357111	22.165731
650.453186	373.283112	22.357111	22.165731
650.453186	373.283112	22.357111	22.165731
650.453186	373.283112	22.357111	22.165731
650.453186	373.283112	22.357111	22.165731
650.453186	373.283112	22.357111	22.165731
650.453186	373.283112	22.357111	22.165731
650.453186	373.283112	22.357111	22.165731
650.453186	373.283112	22.357111	22.165731
650.453186	373.283112	22.357111	22.165731
650.453186	373.283112	22.357111	22.165731
650.453186	373.283112	22.357111	22.165731
650.453186	373.283112	22.357111	22.165731
650.453186	373.283112	22.357111	22.165731
650.453186	373.283112	22.357111	22.165731
650.453186	373.283112	22.357111	22.165731
650.453186	373.283112	22.357111	22.165731
650.453186	373.283112	22.357111	22.165731
650.453186	373.283112	22.357111	22.165731
650.453186	373.283112	22.357111	22.165731
650.453186	373.283112	22.357111	22.165731
650.453186	373.283112	22.357111	22.165731
650.453186	373.283112	22.357111	22.165731
650.453186	373.283112	22.357111	22.165731
650.453186	373.283112	22.357111	22.165731
650.453186	373.283112	22.357111	22.165731
650.453186	373.283112	22.357111	22.165731
650.453186	373.283112	22.357111	22.165731
650.453186	373.283112	22.357111	22.165731
650.453186	373.283112	22.357111	22.165731
650.453186	373.283112	22.357111	22.165731
650.453186	373.283112	22.357111	22.165731
650.453186	373.283112	22.357111	22.165731
650.453186	373.283112	22.357111	22.165731
650.453186	373.283112	22.357111	22.165731
650.453186	373.283112	22.357111	22.165731
650.453186	373.283112	22.357111	22.165731
650.453186	373.283112	22.357111	22.165731
650.453186	373.283112	22.357111	22.165731
650.453186	373.283112	22.357111	22.165731
650.453186	373.283112	22.357111	22.165731
650.453186	373.283112	22.357111	22.165731
650.453186	373.283112	22.357111	22.165731
650.453186	373.283112	22.357111	22.165731
650.453186	373.283112	22.357111	22.165731
650.453186	373.283112	22.357111	22.165731
650.453186	373.283112	22.357111	22.165731
650.453186	373.283112	22.357111	22.165731
650.453186	373.283112	22.357111	22.165731
650.453186	373.283112	22.357111	22.165731
650.453186	373.283112	22.357111	22.165731
650.453186	373.283112	22.357111	22.165731
650.453186	373.283112	22.357111	22.165731
650.453186	373.283112	22.357111	22.165731
650.453186	373.283112	22.357111	22.165731
650.453186	373.283112	22.357111	22.165731
650.453186	373.283112	22.357111	22.165731
650.453186	373.283112	22.357111	22.165731
650.453186	373.283112	22.357111	22.165731
650.453186	373.283112	22.357111	22.165731
650.453186	373.283112	22.357111	22.165731
650.453186	373.283112	22.357111	22.165731
650.453186	373.283112	22.357111	22.165731
650.453186	373.283112	22.357111	22.165731
650.453186	373.283112	22.357111	22.165731
650.453186	373.283112	22.357111	22.165731
650.453186	373.283112	22.357111	22.165731
650.453186	373.283112	22.357111	22.165731
650.453186	373.283112	22.357111	22.165731
650.453186	373.283112	22.357111	22.165731
650.453186	373.283112	22.357111	22.165731
650.453186	373.283112	22.357111	22.165731
650.453186	373.283112	22.357111	22.165731
650.453186	373.283112	22.357111	22.165731
650.453186	373.283112	22.357111	22.165731
650.453186	373.283112	22.357111	22.165731
650.453186	373.283112	22.357111	22.165731
650.453186	373.283112	22.357111	22.165731
650.453186	373.283112	22.357111	22.165731
650.453186	373.283112	22.357111	22.165731
650.453186	373.283112	22.357111	22.165731
650.453186	373.283112	22.357111	22.165731
650.453186	373.283112	22.357111	22.165731
650.453186	373.283112	22.357111	22.165731
650.453186	373.283112	22.357111	22.165731
650.453186	373.283112	22.357111	22.165731
650.453186	373.283112	22.357111	22.165731
650.453186	373.283112	22.357111	22.165731
650.453186	373.283112	22.357111	22.165731
650.453186	373.283112	22.357111	22.165731
650.453186	373.283112	22.357111	22.165731
650.453186	373.283112	22.357111	22.165731
650.453186	373.283112	22.357111	22.165731
650.453186	373.283112	22.357111	22.165731
650.453186	373.283112	22.357111	22.165731
650.453186	373.283112	22.357111	22.165731
650.453186	373.283112	22.357111	22.165731
650.453186	373.283112	22.357111	22.165731
650.453186	373.283112	22.357111	22.165731
650.453186	373.283112	22.357111	22.165731
650.453186	373.283112	22.357111	22.165731
650.453186	373.283112	22.357111	22.165731
650.453186	373.283112	22.357111	22.165731
650.453186	373.283112	22.357111	22.165731
650.453186	373.283112	22.357111	22.165731
650.453186	373.283112	22.357111	22.165731
650.453186	373.283112	22.357111	22.165731
650.453186	373.283112	22.357111	22.165731
650.453186	373.283112	22.357111	22.165731
650.453186	373.283112	22.357111	22.165731
609.346375	312.355225	22.404146	23.834999
600.261353	309.935455	27.184963	31.493565
596.913330	311.514221	31.902788	34.437943
594.374390	311.677704	32.042961	36.643677
594.911011	309.286682	34.403786	42.963211
597.802795	315.043396	29.857254	42.212112
594.239929	311.083008	32.003231	42.375484
598.110718	315.528809	30.584940	45.962734
593.235596	314.466553	34.359371	45.118488
592.203613	319.429138	35.980885	42.603928
587.831116	319.708160	39.060081	44.181328
587.952637	317.514893	31.308647	49.463085
586.595642	321.684113	33.813995	46.836693
587.436890	326.749878	26.627302	43.495827
586.174438	325.571045	27.108210	46.559628
593.750427	331.374207	31.414680	44.916489
588.482544	331.658234	36.667881	46.068073
584.527283	336.365387	40.338886	45.924110
586.612305	338.783691	38.382469	44.172066
583.299438	339.834137	42.396088	45.060474
582.250366	341.381073	40.036652	46.018738
582.270325	342.880005	36.292557	42.866497
585.640259	342.983521	36.602402	43.335388
591.033569	344.365570	32.481392	42.668919
592.217346	341.151764	30.275547	37.024525
595.543884	348.445282	26.827150	38.519356
580.340637	351.203400	25.394670	39.957932
596.168579	350.595642	24.538710	35.235584
594.250000	356.766449	23.278103	36.935825
664.450195	282.951904	31.877417	43.593616
585.818848	354.494751	30.474009	45.504765
591.354065	361.071960	24.190659	40.904236
593.419861	363.072449	23.692707	40.394489
593.744019	360.389526	24.138420	36.461529
592.631897	367.109131	23.574303	35.845310
591.385132	371.060760	23.986795	34.572327
591.933472	373.204834	22.254421	34.165447
592.188110	374.685974	22.806688	39.022861
591.216980	373.010986	25.635986	39.661587
589.808533	374.431183	24.256971	38.997997
589.794739	374.653625	26.111591	41.217319
588.545166	375.094452	24.187376	41.236023
589.591553	377.221985	24.789480	39.176102
589.479309	376.932129	23.445934	40.510624
590.344849	376.858368	24.220409	44.386330
588.042358	375.997009	28.034307	46.000023
662.664734	301.938843	24.596037	42.822594
662.679504	301.419067	25.636087	49.855415
663.609802	301.910522	23.833920	44.952457
664.214722	302.354218	23.066473	44.638657
664.141968	302.071716	23.332443	47.625256
663.974365	302.849335	23.137684	46.231503
663.089355	302.376740	24.703814	46.892879
589.743958	377.128052	26.324150	39.480484
588.600281	378.182129	28.157820	31.597729
589.794373	379.283569	26.107874	26.748926
591.370117	380.792480	25.407087	24.905144
593.354553	381.495117	23.024908	23.853527
594.158936	380.672424	22.307777	24.973341
592.971375	379.205475	23.840824	27.183109
592.913513	380.467377	24.084057	25.511431
592.184509	379.781128	24.680750	26.069223
592.016968	380.157837	24.635813	25.793625
592.899536	379.279816	24.085978	26.008017
592.711487	379.753296	24.647812	26.551374
593.127502	377.999268	23.816172	27.928513
592.684692	377.773804	24.273027	28.068369
592.573669	376.307526	24.637274	29.870668
592.166199	374.468079	25.125015	32.046322
592.096985	377.101227	24.103149	28.850380
593.255066	381.536072	23.852524	23.747147
592.873047	381.134949	24.080667	25.138092
593.313843	381.032471	23.643948	25.517324
594.040527	380.525635	22.699146	25.193214
594.068970	381.545563	22.481997	24.278728
593.171448	381.562683	23.787277	25.015993
593.326660	380.750885	23.614433	25.685163
592.491516	380.314514	25.197378	27.074106
593.002014	381.008667	23.337849	24.745739
594.333557	381.050476	23.125681	24.168509
594.865540	380.644043	22.379631	24.620251
595.229492	380.625305	22.145889	23.634386
594.915894	380.810272	22.481220	23.500652
595.771179	381.070099	21.129160	23.107048
595.248779	380.616608	21.728840	23.705305
595.368713	380.993073	21.790751	22.898573
595.389709	380.268555	21.608721	24.088594
595.980774	379.231659	20.698147	24.648214
595.532043	378.649292	21.298843	26.032145
594.926331	378.191772	21.524120	26.425425
594.776611	378.479065	22.266111	25.896811
594.434143	378.338013	22.582067	25.888182
595.438110	378.253967	21.939276	25.061104
595.419556	379.843597	21.964830	23.197725
595.070984	378.427277	22.292633	24.618780
594.021973	379.159454	22.532618	24.033108
594.090759	379.222778	22.673424	23.389685
593.663208	379.177887	23.812155	24.692822
593.898621	378.323486	22.286911	24.915993
593.964905	378.019409	22.320206	25.040569
593.844360	378.961487	22.422066	23.839260
593.561707	378.908112	22.741581	24.054918
593.576477	378.398346	22.205767	24.291843
593.425476	378.620605	22.585674	24.533064
593.356201	378.059052	22.173456	24.621202
592.918030	379.084991	23.068827	23.836914
592.990906	377.481079	22.343542	24.986832
592.733337	378.529144	23.361536	23.737299
592.676453	378.586731	23.578321	23.775324
592.513062	378.211243	23.505611	23.873371
592.492065	379.105743	23.727224	22.760288
592.663391	378.777588	23.585201	23.388826
593.245605	377.684814	22.226156	25.022919
593.408752	376.863495	22.155907	26.012917
593.350830	378.019775	22.190588	24.216625
593.268738	376.387024	22.227936	26.102091
593.458191	376.194916	20.504053	26.083012
593.107483	376.923981	21.380581	25.797041
593.384033	378.384674	21.521591	23.966801
593.578430	378.131836	21.464247	23.897633
593.379944	378.421417	20.946323	23.944990
591.534790	379.814972	23.120588	23.847347
592.109863	378.994446	21.509333	23.459011
592.966431	379.880798	20.761528	22.612890
591.867249	379.421387	21.615162	24.097504
591.772156	379.020996	21.852303	23.657473
591.823059	380.179108	22.927191	22.660141
589.771790	380.074097	23.824612	22.987410
590.879395	381.805176	22.165846	21.707411
590.212769	379.993500	20.599434	23.932459
590.024719	381.817352	23.091124	23.168512
590.745850	382.016113	21.055168	22.855413
589.660889	381.482361	20.960493	23.167894
588.926758	382.545685	22.950018	22.401237
589.513184	384.112213	19.471033	21.268808
588.427551	382.770782	20.812262	23.184649
586.755066	384.848114	22.852678	21.855963
587.414734	384.357483	21.728127	22.605865
586.873413	383.483154	20.611267	22.611921
585.304138	385.727692	23.556942	22.559486
586.169250	384.904663	20.247892	22.431379
584.974670	386.168640	21.982437	22.371620
584.886292	386.266235	19.728819	23.200867
583.904419	387.575256	21.857853	22.010527
583.383545	387.759766	20.753569	21.556250
582.877075	388.303772	22.124414	23.801983
582.580383	389.477875	21.612654	21.213598
581.525635	389.914185	22.454266	22.270300
580.967163	390.796448	22.638807	20.885786
579.681213	391.525726	24.373310	22.280573
579.985779	391.407806	22.308495	21.650928
578.912476	392.753876	23.148596	21.205360
578.125793	393.127594	23.397781	20.645550
578.205078	392.964752	22.195496	22.333263
577.504639	394.293915	22.823431	22.118025
576.827393	395.440491	22.601601	20.913126
576.639404	396.411804	21.766249	21.084156
575.710022	396.227814	23.100405	21.643593
574.175293	398.034485	25.075838	21.323093
574.548279	399.185333	22.869051	19.372299
573.662781	399.452026	24.083935	20.455448
573.107300	399.958588	23.852177	22.298897
571.925049	401.921753	24.391870	19.428974
572.539368	402.418030	22.819178	19.503775
571.853455	403.158539	22.234985	20.111061
571.206970	403.830109	22.187016	20.688120
570.600098	405.817444	23.305977	19.163269
569.150208	405.964264	23.688526	20.261055
569.056396	407.259338	23.641468	20.049519
567.634705	407.677307	24.728151	20.718172
566.738464	408.929077	24.798243	20.671520
566.314026	410.134766	25.385082	20.671299
565.579895	411.805267	25.004932	18.824093
564.332336	412.107574	25.331617	20.080437
563.936340	413.566589	24.590849	19.607204
563.548584	414.935059	24.368977	18.974058
562.924072	415.611938	23.650080	19.425791
561.880310	416.605286	24.936760	19.979813
560.671265	417.485107	25.268576	21.087158
560.692932	418.818054	25.461695	19.322052
560.162537	419.960083	25.006250	19.164921
559.184509	421.190857	25.316353	19.403795
558.846130	422.460144	24.817072	18.710802
558.391602	423.173126	24.934658	19.248217
556.886047	423.559875	26.141685	20.976307
556.479431	424.979523	24.543205	18.119886
556.415283	426.405029	25.225113	18.361525
555.417480	427.418091	24.862358	17.975683
555.563293	428.344666	23.367792	17.657946
554.383606	429.134705	23.542538	18.584482
553.633545	429.968658	23.893511	17.036531
552.510925	430.873596	25.593227	18.288090
552.368896	431.917450	25.208830	17.651344
551.454834	433.156525	25.696585	16.394733
550.934692	433.124603	25.398790	18.273243
549.823181	433.958435	26.988985	17.974588
548.422424	435.307098	27.653484	17.963594
549.086731	436.075928	26.461945	16.608767
548.396240	437.319885	27.745674	17.173512
547.509766	437.705505	26.937784	17.021673
547.439087	438.583435	27.760851	16.491314
546.053040	438.877533	28.633352	16.482140
547.448486	439.463348	27.274277	18.301487
547.122742	440.314606	26.629175	17.681587
544.655945	440.180817	29.975405	17.721861
545.025269	441.063965	28.370134	17.333473
543.293884	440.582397	29.912565	20.984880
544.944092	441.868622	27.971487	19.480862
544.372253	442.272858	27.993904	20.936119
544.541138	443.468567	27.133507	20.025732
543.204224	443.536499	28.863247	20.742769
542.701721	442.600342	27.810652	20.426666
542.339722	441.354858	27.628031	23.104010
541.387207	444.287018	29.806721	23.006254
541.070129	445.084412	28.978842	22.998564
541.273743	444.614288	28.127132	24.166531
541.666565	448.539520	29.284245	21.885365
542.045593	449.977692	29.125324	21.993555
542.420349	452.148682	28.194571	19.252628
542.402283	453.381897	28.036379	20.136963
542.450134	454.566040	27.732714	19.445295
541.947815	455.538239	28.059170	19.561499
541.420532	456.345978	27.713770	18.918970
541.208679	457.076935	28.408321	19.371058
541.683472	458.215515	27.469553	19.072514
540.607300	459.559326	28.267065	19.097788
540.586365	460.351959	29.009796	19.683060
540.985168	461.010468	28.254335	19.156610
542.326477	462.179932	27.529436	18.711088
541.831116	462.823700	27.576502	19.393124
541.856384	463.970215	28.193922	18.541451
542.493042	464.885986	27.290205	18.916737
541.703796	466.330353	27.918463	17.246527
542.065918	466.951080	27.367697	19.472338
543.171509	468.420837	26.886936	18.079645
542.854370	469.372162	28.470261	18.169334
542.874023	470.551941	28.861561	16.894514
543.528442	470.461487	27.404516	19.725878
545.131470	472.335968	27.063416	18.565409
545.171875	473.592712	27.315369	17.495703
544.360901	473.967010	28.856251	17.855751
544.854126	475.377258	28.008883	18.177416
546.291321	475.883911	26.567003	19.539577
545.536133	477.100250	27.795366	18.196562
546.220825	478.145508	25.772650	19.004202
546.915161	479.942566	25.076384	18.188467
580.239319	424.623535	20.143320	34.257622
628.703613	367.027039	27.043739	48.391548
589.135010	285.193359	37.954842	74.369598
587.377930	291.417114	61.163731	74.028511
581.284668	288.168823	72.306648	83.020515
581.134827	289.880005	78.181602	86.411530
575.291138	283.453491	82.407410	119.223946
564.541260	281.238892	90.696625	144.814789
569.220398	280.824829	91.615974	144.367889
566.487244	280.795105	98.026260	159.910233
563.775818	284.486053	95.846977	180.848511
560.975159	281.679993	95.374382	181.168869
560.512939	279.371094	100.684631	191.696259
553.792419	277.416992	106.074905	185.740204
550.787476	275.008667	109.261559	195.010727
550.365112	283.174988	107.785423	190.263077
546.628052	281.372742	109.456604	190.397522
549.427856	283.484070	106.874565	187.505493
548.771179	287.687927	113.233749	193.256805
547.784180	283.468201	106.553955	194.909836
542.053101	283.412292	112.340309	179.546783
539.981445	283.202301	117.775612	172.127731
542.621399	280.921387	118.963547	172.307068
529.551575	279.463135	122.274071	202.217636
535.650024	288.866974	125.845490	170.779480
531.674011	278.957214	125.888412	144.938812
528.120911	284.453766	127.547348	156.183838
522.559875	288.581970	131.311920	169.097687
519.989136	284.830231	130.730774	182.963181
519.554871	289.684753	132.711395	204.145523
510.695831	288.071198	142.034958	213.681335
506.032135	293.122192	145.235291	214.671936
500.321716	286.812103	150.835083	198.743042
498.190399	288.910614	156.682053	216.947220
497.925293	294.822937	158.937256	218.365952
495.719910	291.431519	155.868637	209.049286
