0.111505
0.064692
0.063000
0.062775
0.062812
0.066909
0.042349
0.042319
0.042125
0.042543
0.040385
0.042050
0.041823
0.041804
0.041841
0.040816
0.040454
0.042322
0.042020
0.040259
0.045878
0.041640
0.042516
0.041878
0.040668
0.040764
0.042230
0.042072
0.040042
0.040022
0.045201
0.043916
0.042320
0.040181
0.040287
0.041888
0.041721
0.039890
0.042044
0.041867
0.049643
0.043402
0.042186
0.063120
0.042087
0.042264
0.041974
0.041933
0.042306
0.041439
0.042236
0.040214
0.040307
0.040237
0.042230
0.041946
0.042397
0.041057
0.040496
0.044034
0.047668
0.041868
0.041774
0.041739
0.039901
0.039902
0.042002
0.039752
0.039453
0.041292
0.041560
0.041492
0.040140
0.041946
0.039814
0.045534
0.041801
0.039722
0.041282
0.040514
0.046943
0.042874
0.040884
0.043957
0.043099
0.043015
0.043233
0.042746
0.043180
0.041068
0.046346
0.043797
0.046493
0.044907
0.043469
0.041807
0.042889
0.041662
0.043435
0.041429
0.048820
0.043246
0.044943
0.041424
0.043183
0.043235
0.041324
0.041113
0.043282
0.041219
0.042925
0.043501
0.042934
0.043126
0.043523
0.043251
0.042744
0.042490
0.040645
0.041354
0.048693
0.042555
0.042630
0.042370
0.042357
0.040886
0.042455
0.040527
0.043564
0.042800
0.041373
0.041342
0.044195
0.044173
0.040929
0.042941
0.042928
0.043591
0.043043
0.042458
0.048101
0.044490
0.041206
0.042591
0.042964
0.042336
0.043416
0.042664
0.042768
0.042731
0.042669
0.041839
0.043221
0.040597
0.042622
0.044693
0.042671
0.042275
0.042334
0.043035
0.048402
0.040875
0.042826
0.041152
0.043937
0.042437
0.042622
0.044125
0.042732
0.046604
0.040763
0.045881
0.042639
0.043266
0.043035
0.041223
0.046148
0.043405
0.041071
0.043399
0.048953
0.043137
0.042053
0.042589
0.040313
0.040516
0.041453
0.040349
0.044031
0.040824
0.040770
0.042461
0.021321
0.021356
0.041435
0.041818
0.041404
0.039675
0.041379
0.039925
0.048005
0.040273
0.042075
0.040716
0.063008
0.040366
0.043919
0.046519
0.046072
0.046145
0.043675
0.042281
0.042551
0.042641
0.040492
0.040629
0.042975
0.042817
0.043195
0.043178
0.048488
0.040792
0.042545
0.042614
0.042524
0.040911
0.043331
0.044044
0.042427
0.042542
0.042374
0.042444
0.040638
0.042725
0.042507
0.043037
0.041672
0.043069
0.040875
0.043276
0.047279
0.041430
0.041017
0.043725
0.043061
0.043092
0.042657
0.020388
0.042413
0.040956
0.041066
0.020375
0.042848
0.020294
0.021498
0.042143
0.042728
0.041282
0.042532
0.044545
0.047326
0.043070
0.043017
0.043516
0.044770
0.041115
0.041041
0.042349
0.042749
0.042709
0.042807
0.022573
0.042928
0.043695
0.043294
0.041290
0.043021
0.041081
0.043094
0.041371
0.048720
0.043951
0.042912
0.042311
0.043770
0.043486
0.041098
0.061613
0.043191
0.043076
0.022663
0.022482
0.022073
0.022117
0.021839
0.020314
0.020288
0.021695
0.022070
0.021186
0.021803
0.021145
0.021777
0.021777
0.044495
0.021714
0.022101
0.020282
0.021370
0.019298
0.019656
0.021164
0.020957
0.019276
0.020727
0.020736
0.044644
0.044471
0.021262
0.019980
0.045511
0.021741
0.042438
0.042217
0.021881
0.040474
0.042121
0.042304
0.039794
0.043456
0.043023
0.045195
0.044891
0.042038
0.039873
0.021254
0.041624
0.040948
0.045077
0.041920
0.045822
0.042379
0.042394
0.040512
0.040166
0.041843
0.041239
0.045465
0.046188
0.043797
0.020736
0.021593
0.041938
0.042086
0.042120
0.041802
0.040522
0.041745
0.042150
0.043482
0.044816
0.047009
0.046867
0.067429
0.043473
0.066803
0.073028
0.048203
0.061420
0.066339
0.061774
0.068488
0.070072
0.043473
0.062309
0.042263
0.063542
0.065319
0.064502
0.043369
0.074154
0.065565
0.064607
0.064606
0.066934
0.068263
0.062911
0.064890
0.062607
0.062646
0.069208
0.066169
0.065274
0.067736
0.069246
0.064637
0.064504
0.065798
0.062930
0.064285
0.074202
0.063852
0.064314
0.067335
0.067557
0.064211
0.070365
0.068945
0.071239
0.067070
0.064534
0.064068
0.065667
0.068076
0.064004
0.064496
0.067877
0.068149
0.064684
0.065693
0.078119
0.067995
0.067792
0.064419
0.064469
0.067918
0.065325
0.067580
0.071496
0.067532
0.067202
0.067296
0.064049
0.071972
0.063426
0.068284
0.065603
0.068290
0.068191
0.068485
0.076679
0.064644
0.064678
0.064826
0.067753
0.062759
0.065994
0.064185
0.065633
0.043908
0.068031
0.067296
0.064325
0.065127
0.042992
0.061997
0.046511
0.046134
0.042767
0.043276
0.047549
0.025017
0.042823
0.041857
0.044002
0.045223
0.043857
0.047073
0.043401
0.042027
0.045247
0.043921
0.043968
0.043836
0.068082
0.047050
0.045166
0.067379
0.046186
0.021250
0.048425
0.043610
0.020880
0.042811
0.020534
0.043360
0.042752
0.022073
0.043620
0.042996
0.043197
0.043222
0.042976
0.043139
0.041178
0.042853
0.046400
0.041673
0.044536
0.043531
0.047966
0.042849
0.043267
0.041235
0.042918
0.043884
0.067156
0.063818
0.063720
0.061472
0.067033
0.061655
0.063354
0.062300
0.044184
0.043848
0.062272
0.041454
0.043277
0.042927
0.049491
0.041227
0.042967
0.043010
0.041393
0.042958
0.042827
0.042975
0.043900
0.043434
0.041267
0.043486
0.043617
0.042907
0.064293
0.041639
0.064550
0.043558
0.064099
0.063881
0.074743
0.066036
0.066301
0.062850
0.061941
0.063982
0.044864
0.020355
0.060776
0.063679
0.065424
0.063048
0.045638
0.040500
0.045818
0.045747
0.067666
0.021942
0.040479
