531.000000	357.000000	272.000000	49.000000
562.812500	363.028778	235.072205	46.058159
558.368835	361.667114	244.231430	45.888191
556.209961	360.326294	237.338760	47.084332
552.257263	361.797302	237.784546	46.366360
553.555054	360.786285	234.480530	46.939003
531.677002	360.150726	253.417511	48.174576
544.862427	361.860016	236.410141	46.299572
530.503784	358.748810	245.474152	50.071476
530.237549	360.940430	246.514587	47.617878
529.170654	360.475464	248.358246	48.650005
536.866211	359.505798	233.062607	50.973919
531.927368	359.962097	237.240829	48.877419
534.356873	359.367249	233.734833	48.644890
535.402588	359.771606	239.706940	48.696163
541.006836	358.173889	221.019882	51.049095
543.122009	358.810822	220.855026	50.273495
550.015686	358.673828	213.507675	49.133770
552.711182	358.432892	216.448364	48.921509
549.270813	357.875977	216.481934	49.261322
557.544495	357.770386	211.558029	49.756409
579.998779	358.301880	201.168015	47.847473
585.204712	359.074371	193.510345	47.122147
573.455078	357.621674	201.097855	47.808437
599.231812	357.428589	185.484253	48.208115
599.478333	357.550476	184.977325	47.280426
595.860718	356.201202	190.827133	47.297783
593.326477	357.432892	188.932281	47.192299
616.480347	356.485046	164.765121	46.711723
628.547668	357.283752	154.737564	44.847260
641.215881	359.562561	141.006348	42.594048
663.688477	358.642487	123.738083	41.231468
674.528748	361.059052	101.596642	38.838646
677.763184	360.760132	100.784447	36.799000
676.767578	360.459290	99.361076	36.457882
678.280334	359.813873	97.327599	37.618576
678.133484	360.218750	96.712326	35.287567
677.129578	358.580475	98.899803	38.499889
670.696716	358.944885	102.053436	38.653294
673.995117	359.254822	98.782600	36.991871
667.135437	357.745972	106.195831	38.536285
672.727234	359.116058	99.397041	37.303715
671.617920	358.537018	99.288338	38.195179
659.210876	356.576538	111.034874	39.237091
661.564575	355.660065	108.369972	40.180092
666.223633	356.934296	102.453377	39.088657
665.866638	355.501068	102.219063	41.028645
667.344177	355.890778	101.445145	42.203671
670.327148	355.582550	96.567276	42.367558
673.906738	356.229889	93.259766	41.734951
672.128845	356.191895	90.527100	41.414898
678.879272	355.887360	83.262222	41.930099
680.072510	356.029083	83.730179	41.347496
684.100037	355.238373	82.930260	43.231373
684.511536	356.482422	75.294693	41.286930
686.138794	356.651459	71.464172	40.536396
690.324280	356.175842	65.856400	41.276104
688.055176	356.164795	65.166061	40.382526
695.207031	356.155762	57.305630	39.553425
696.259216	356.308777	56.864552	38.753975
697.914795	356.589966	56.134609	38.112972
700.937927	356.916351	52.349503	44.504265
704.806091	354.135193	48.275089	56.010376
568.632507	347.341553	58.297787	50.222717
535.484924	348.392273	84.029831	48.542027
522.278748	348.015167	109.292389	48.979774
526.212402	346.246277	108.963440	52.834930
525.559753	346.570557	111.440826	50.405563
527.722656	347.192444	109.320610	50.038284
527.445129	347.484192	112.890999	49.760105
560.850586	349.070038	84.818993	46.662594
533.746094	345.901123	111.257103	49.386227
561.659607	346.643860	82.722191	50.392017
536.186523	344.948059	102.099197	50.226788
524.264465	344.963196	120.805008	49.723015
532.195068	344.019440	115.676010	51.439766
539.171692	343.672791	108.690872	49.876556
545.879700	343.563873	99.402756	48.790417
546.957947	344.421631	97.382172	47.938946
580.486206	343.769226	67.955406	47.821732
553.871338	343.398590	90.472504	46.208637
564.771606	341.987579	86.944595	51.395535
583.229065	341.737122	65.383896	49.385895
592.504761	344.096954	48.041798	44.853733
646.027100	349.266083	44.471687	35.306095
645.450928	349.342468	49.277206	34.949924
646.693115	349.028076	51.498154	35.561398
644.684448	350.205963	58.451321	35.383945
644.451965	348.047363	60.920742	37.902275
643.646179	349.763977	69.309692	36.550362
643.228088	349.666901	74.168007	36.635063
640.409607	349.423035	78.533768	37.229279
633.426270	349.928833	87.242828	36.017929
635.965942	349.879364	93.675995	35.541756
634.906311	348.891663	93.859146	37.576939
639.177307	350.341248	88.707657	37.344154
641.432190	347.921204	87.018173	41.099091
644.966187	348.759644	84.031219	40.183563
649.356018	349.900024	77.822350	36.755394
640.802063	347.273499	84.594475	40.002693
640.864258	346.218781	85.291748	40.935917
659.729797	346.706848	61.503414	41.664459
661.536011	347.914551	57.753258	39.291977
664.867615	347.968536	51.677586	37.470821
668.454468	348.135498	46.151875	36.613243
667.613403	347.787048	46.603592	37.826466
674.266296	345.631348	37.903919	41.621395
678.614746	347.728455	32.606998	39.300488
682.436523	347.660065	26.579329	36.976055
682.484436	341.631836	25.002972	43.079380
682.307129	340.178070	24.961647	42.471455
679.809937	339.105316	27.571264	43.676819
664.123779	338.660034	42.979076	37.092915
662.056458	339.419556	48.568600	30.187384
660.176575	291.121277	53.132309	36.714859
660.176575	291.121277	53.132309	36.714859
543.332153	345.274506	47.550705	51.702831
478.705322	332.294495	90.630966	42.956314
476.569885	333.297821	105.252098	43.147495
475.762726	332.034027	106.465401	44.410046
475.443909	331.182922	113.685562	44.434155
474.912415	326.369110	120.904930	51.645763
477.276947	322.030365	123.782669	58.355019
476.561066	323.101868	129.387497	58.320705
478.623779	322.022461	133.476700	62.530613
481.643768	331.423218	128.348450	52.456768
483.565125	331.540192	129.917847	50.870487
485.156311	327.990631	131.561783	54.545265
484.714050	324.824219	132.450684	55.769672
483.019409	326.766113	137.325211	53.658909
480.067810	329.083252	148.354767	50.365501
484.983826	328.993286	153.833252	51.438786
483.601074	328.359894	165.313446	50.170948
484.274933	326.100433	168.142136	55.129250
483.939697	327.438171	174.909149	52.074356
485.330597	328.871094	171.995667	50.332077
487.690521	329.164520	176.091354	49.856949
480.535187	329.032837	185.135193	48.301212
480.831909	326.915314	189.606186	48.893322
480.910034	326.064178	191.527252	54.551426
484.938446	324.392090	199.587708	54.862507
478.130096	325.112335	203.431595	53.859692
482.141663	328.357666	201.509186	51.709404
480.638519	327.782532	204.196228	50.934673
487.866272	331.251587	209.418350	50.089611
481.272583	329.171417	215.489120	50.908836
489.122742	326.853668	212.309052	52.551418
487.643280	328.972046	220.062943	52.147270
488.699463	331.649292	218.791489	49.392075
482.493835	327.796875	226.889801	48.970619
489.299591	329.177399	224.611893	52.052261
497.181946	291.448975	222.255493	88.110886
480.219116	323.829590	232.445160	64.614296
480.660004	303.965332	159.502121	83.907936
490.486938	312.329407	203.808380	72.352760
484.006775	325.184540	236.047501	58.126606
482.054932	330.374939	246.329483	55.329613
488.551575	326.210022	248.670303	55.508392
487.026703	331.173706	245.611511	51.283379
481.681854	325.861420	242.588089	56.146931
476.982788	331.252411	240.897919	51.249825
485.882507	327.294189	234.823349	53.733604
480.690918	330.499756	234.684479	53.158432
486.201294	325.801208	233.867218	55.930546
483.764893	329.911743	237.654312	51.621998
489.868530	329.585022	231.360367	53.277100
494.496704	331.635132	227.941254	52.284477
493.619995	326.469360	235.324234	54.164139
492.952576	330.653564	225.579681	50.900745
494.016998	326.685852	224.165848	55.094219
491.988342	330.063965	222.827637	51.180454
498.888641	327.337891	220.473953	53.898739
497.869629	328.982300	223.026718	53.857155
537.926758	328.215729	188.284363	54.058247
620.455200	332.298981	117.079041	52.662659
620.831726	334.983398	109.607498	45.765072
621.532959	334.491760	111.559021	48.869030
627.567261	333.861450	105.449684	47.799076
634.132812	334.261353	101.786339	49.178276
631.989807	333.970734	104.484947	48.112572
639.425415	335.749176	100.435158	48.959644
637.139404	335.410919	102.777710	48.837261
643.129944	336.000580	98.172905	51.521553
644.974854	337.436127	99.828552	46.150192
646.952087	338.014862	98.077248	45.840343
648.597290	338.577454	95.388748	45.985924
650.118958	337.527527	98.687202	46.565311
654.354736	338.026123	95.771736	45.991940
657.760559	337.748718	93.096390	46.995552
657.320312	338.817047	97.717049	44.872448
661.889038	339.142792	93.945198	44.995529
666.845825	338.079437	90.379288	45.431515
664.650391	338.587921	96.076233	42.606430
668.776184	338.670959	96.663086	45.525513
669.703186	338.812073	91.710342	40.573746
670.706482	339.347473	92.845787	37.619804
677.743164	339.515747	92.286438	40.695942
601.806335	331.391937	72.196571	54.256618
687.537537	338.593414	89.291008	47.777397
686.456482	339.370178	93.398720	41.243771
689.741028	339.209961	91.262222	41.693497
691.343079	339.322723	92.248985	40.063904
693.449707	340.045746	92.754517	40.189312
623.917603	335.825806	159.737183	47.165516
617.527893	334.157501	165.023712	50.110455
621.485718	335.227325	165.402649	52.499458
632.348145	333.741974	158.070648	50.121677
634.626160	336.873840	156.317398	47.138012
644.749573	336.938843	152.162567	47.203587
636.586914	337.278503	158.533859	47.309322
653.857239	338.953094	150.027100	45.323429
646.423157	340.523193	155.563568	45.454491
649.815918	339.770203	153.710724	46.217243
647.002686	340.744598	157.180969	47.055012
654.957458	342.167389	152.966019	45.845291
657.676270	344.515533	151.652649	44.358669
663.974365	345.486450	150.073029	43.788239
662.719604	346.650116	152.028412	46.752235
656.872986	347.100464	156.585251	46.468925
659.718628	348.346222	156.134857	46.749821
664.162048	352.585510	150.615952	44.712311
671.844177	353.218506	146.270721	45.873333
671.134094	355.984436	149.168671	45.480026
672.765381	357.713562	149.745331	45.827156
670.906311	360.227905	151.393814	45.758408
667.080811	362.234161	156.890411	45.280724
675.640991	364.404968	150.955261	46.296936
682.798767	367.456665	145.035172	44.209885
677.328003	368.939117	148.304337	44.349815
677.523254	369.922028	148.171783	47.043819
681.356506	373.996765	148.279022	44.429752
677.992371	374.355652	150.675873	44.011749
679.557495	375.680389	151.856064	45.504177
678.975708	377.094574	150.173965	45.885464
672.355835	379.219604	155.217545	49.147846
680.037292	381.014282	147.558823	46.002083
679.599365	384.118835	149.788757	47.301155
679.397461	385.737488	149.526398	46.694317
675.218567	387.948059	152.796783	45.535797
678.505981	388.938080	152.062637	44.895027
674.451477	389.247650	155.183640	51.258560
679.251099	390.976593	152.777130	47.097290
677.149719	393.364929	156.225449	46.822071
679.479492	395.365540	151.221558	45.597149
674.409546	396.951904	157.751541	47.513550
677.334473	397.951752	155.282043	46.262707
674.692871	399.841431	153.065628	45.954666
681.922302	402.002106	152.960663	44.726280
675.692505	403.436737	156.306412	45.210758
679.163635	402.538879	151.460220	46.130886
675.082642	405.326477	155.254913	45.564938
679.289551	404.088440	151.088287	45.620636
676.735596	405.763031	153.817780	44.973469
683.224121	407.574005	149.439819	43.518692
682.666382	406.805145	148.051392	45.177788
674.086121	408.287354	155.618362	44.081596
678.774658	407.767395	150.399307	44.608822
677.035095	409.330658	155.354370	44.416759
675.208801	408.822296	153.956161	44.223824
681.696045	408.638153	149.293228	44.462452
675.189880	412.871124	154.207977	42.700844
673.741943	408.369263	157.572647	46.293175
675.154968	410.276093	155.902969	43.321499
674.278320	411.723328	153.576080	44.874027
680.151123	409.676758	150.844528	43.863232
677.235840	412.278351	151.970154	43.162781
671.083252	410.867859	159.993240	44.963505
675.481079	411.428680	153.361588	43.522366
676.292603	411.043243	153.659729	45.063362
670.624634	411.839508	158.303909	44.848251
678.303711	410.692596	151.918793	44.301762
678.343201	413.032288	151.410126	43.712486
674.208923	411.453003	157.694061	45.219776
680.841248	412.163818	150.611420	44.820255
676.550537	412.407928	154.597153	43.690285
679.509460	413.041504	153.688507	43.966267
679.230713	415.132568	152.763504	44.288525
676.927063	412.603455	155.739044	46.086639
680.301575	413.209900	151.232498	44.246563
680.088257	413.000000	152.231842	44.774002
679.896729	413.577789	155.926468	44.277775
685.008179	413.633118	153.570740	44.263371
681.049927	414.646088	155.099869	44.606342
688.526367	414.043884	152.240738	44.786068
682.412964	415.041382	156.246750	44.238838
686.586060	414.562988	152.896164	45.249752
683.181458	416.518280	154.113876	44.656258
682.973145	415.038849	152.714600	47.274197
689.433167	416.569000	151.504196	44.678917
687.481201	416.255188	152.287537	43.270977
683.943787	416.887146	155.601120	45.429413
692.182495	417.178772	144.932709	44.968853
690.578308	417.139374	151.279907	44.765438
692.060120	416.354980	148.871307	45.351425
687.442261	418.079559	157.996567	43.666782
689.506714	420.014893	151.901672	42.196186
692.588257	418.380035	148.620438	43.275986
687.230347	418.259460	156.851883	43.179844
683.965149	419.766876	157.630356	43.314678
689.739990	418.245392	151.439865	44.635628
690.374817	419.013306	150.632660	43.411457
687.367981	420.219055	155.068451	43.888168
692.241577	419.068451	151.050385	43.990601
691.180359	419.560760	158.939804	42.729576
693.015259	418.712646	152.591370	45.804909
692.451843	419.634186	151.949326	44.761208
697.884155	420.983521	151.511292	46.093655
696.004395	420.947174	154.062897	44.391232
699.578857	419.467377	148.871155	44.368755
699.752502	420.049713	151.646286	44.219746
701.365173	419.196167	151.058228	44.924213
702.398804	419.667999	149.725952	44.076775
703.692749	419.719269	151.679016	45.794167
704.170654	419.968018	150.872452	45.024822
709.881653	420.655762	146.225357	45.599281
711.995972	420.738159	148.590500	44.318279
712.463074	420.250793	150.217697	44.467205
711.749512	420.538361	151.808929	46.490211
715.917908	421.239502	149.188828	45.689297
721.523743	420.722168	151.529648	44.725498
718.435791	423.508362	151.989853	44.618526
751.457397	423.279907	122.235245	43.215256
718.506836	422.006042	154.035675	44.715981
735.539429	422.869507	137.987610	43.900215
727.315735	424.502441	147.828354	43.786404
728.285889	425.651489	148.042694	43.662727
740.038330	423.947083	138.183411	43.380672
731.562622	426.136993	145.448700	41.854595
748.871216	425.458191	130.866425	43.199993
735.182190	425.521698	144.729477	43.140697
732.918274	425.125519	146.277451	41.955299
732.060181	424.478699	146.637039	41.479950
731.174255	427.827271	145.405487	42.087521
736.654968	425.792450	141.788376	43.242092
731.993103	425.859070	147.002426	43.775288
733.323364	428.164215	144.223801	42.659359
783.631409	427.761200	95.895294	42.388317
778.008911	429.081665	106.223259	41.661636
787.397705	429.492828	96.220589	36.985580
779.553345	430.431580	104.794144	39.267014
781.703369	430.866608	100.879066	38.259747
787.575684	431.331451	96.966713	40.461803
758.822876	430.146179	124.840836	40.336742
784.106384	430.148254	100.641914	39.711609
786.630432	431.021912	96.641014	40.075134
784.936279	430.739716	100.750298	42.248341
786.333801	432.311188	96.878082	37.841816
739.565857	430.729218	140.995773	42.423149
755.214539	429.564789	129.109039	41.560261
782.771912	430.306030	103.970947	44.127583
786.165771	432.297424	97.567139	39.591278
784.927002	432.379944	100.874069	42.948395
736.077332	429.682251	145.092438	44.600849
736.408325	430.010254	143.434418	43.317188
733.504395	431.428345	145.898010	44.154179
757.981262	432.185272	121.515640	42.030445
792.529297	433.430725	95.450005	39.216053
798.891418	434.015289	85.162361	42.557060
805.232544	435.154633	76.118187	40.451233
784.934265	435.496582	101.376389	40.253788
758.740479	433.444702	124.931053	41.499664
792.030579	433.337830	92.697411	41.270687
792.434509	433.676880	92.490463	41.746330
793.540710	435.096771	90.318939	40.259296
793.192017	434.790405	92.956200	41.127853
796.094604	434.684784	87.799995	41.728714
783.059570	435.340546	99.519897	39.304623
785.752563	436.272034	95.315552	37.968845
790.442322	436.113678	93.863197	39.679356
784.756836	436.141174	99.739395	40.734375
747.682922	434.238617	135.261917	41.477520
778.894043	435.194214	105.781319	40.702591
782.757263	436.192017	100.995987	38.724159
784.869202	435.961761	95.932831	39.886211
788.823181	436.055328	94.707657	39.913673
788.155701	436.801941	97.077507	42.529823
788.411560	437.628326	94.540840	41.499584
788.086792	437.953705	96.227402	41.047535
790.666138	438.275818	93.139366	41.029556
791.703186	437.920898	93.183426	42.617874
783.772888	437.463684	98.749107	43.279083
789.793945	437.952545	91.256615	41.166771
784.878479	438.812073	98.624168	41.555561
785.111145	438.434723	97.941391	42.379826
782.070801	438.918488	98.883446	40.553726
779.432800	439.047791	103.143089	42.890423
782.224731	438.815063	99.304398	40.981155
789.000977	439.044159	93.570496	41.802666
801.904297	439.638275	80.563950	42.663502
786.595886	439.253052	94.225578	38.785053
772.946472	439.042572	110.487617	42.783146
789.797058	438.503723	92.595947	40.509136
796.847473	438.876434	84.822922	43.890625
793.007141	440.227570	89.321907	41.843521
793.418579	439.591888	87.093346	42.475620
797.289001	440.146515	83.970177	41.443687
791.837036	440.833588	91.581169	40.198032
797.798767	439.916779	82.317360	42.110561
783.374878	440.134521	97.720390	40.240467
781.021545	439.400024	100.324593	39.218445
795.988586	439.951050	86.871994	40.993935
794.283752	440.228760	85.507050	40.009476
800.314819	440.083771	81.215149	40.789085
790.172119	440.020050	90.653755	40.889061
782.928833	439.354584	100.254990	41.540947
788.279419	439.301361	96.376877	39.796204
789.019470	438.944580	96.810265	41.417633
782.467590	439.234283	100.198975	42.194118
787.694946	438.797943	96.246407	41.038429
790.067871	438.610352	90.998215	42.624012
786.654541	439.377289	97.623032	40.684677
784.808472	439.727875	97.662323	39.959011
761.846863	438.392181	122.084076	39.633038
785.498657	437.548279	98.657364	41.576374
782.180847	437.982025	101.662422	41.933228
782.264465	437.473724	101.698959	42.653549
793.985901	437.634247	87.259659	41.087322
797.873596	437.300354	85.623627	43.019363
807.801819	438.189117	73.173592	38.829792
783.188660	437.318481	99.313950	40.796989
784.440308	437.069244	98.745537	40.088810
784.517456	436.853668	98.453972	40.732853
786.260132	436.542328	96.510651	38.779320
780.895569	436.705231	103.211571	41.440426
789.506470	436.271271	90.790184	38.794109
786.884399	435.983521	96.962173	41.005848
787.799438	435.673553	95.843819	38.565956
783.336792	435.709656	103.172783	41.228851
790.166077	435.396027	99.776344	40.516254
776.297363	435.628479	113.019188	41.557446
799.413879	434.296295	95.032661	41.083744
804.590942	435.487579	84.110352	40.987633
794.965332	437.026978	95.373291	38.361435
781.295044	435.582275	111.521042	41.347958
799.745728	434.462006	93.431435	42.851986
797.301270	436.386322	97.545242	40.328629
798.858032	436.978577	96.565033	40.380146
790.255127	436.838898	105.683044	40.898502
800.723938	435.223206	93.775391	39.937332
802.035950	435.334625	95.398468	43.082771
794.773560	436.145813	101.732056	41.794472
799.918091	436.034851	93.351379	39.262203
773.730225	435.580170	122.261536	41.956558
803.174316	435.371460	88.930939	40.938366
803.032471	436.520538	93.303261	42.786263
808.103760	437.529541	86.854507	41.729931
808.996216	437.655518	86.484344	42.545700
810.600647	438.714752	84.729591	41.743916
811.314636	439.952271	83.558853	39.527771
800.926086	439.366608	91.986259	40.522194
793.328796	439.963470	102.640289	42.180161
802.836548	439.957428	93.005379	41.969276
804.605103	440.770355	91.999176	42.782455
810.135254	441.666260	86.119881	40.190014
801.085083	441.134735	92.618843	38.514389
801.863708	440.753937	93.711006	42.937962
803.225952	441.209412	92.016060	41.302265
805.447754	441.702606	92.415077	40.839279
799.781006	442.047729	93.113495	39.304214
773.720703	441.153625	120.647011	41.663166
804.219482	439.959320	88.994942	40.833767
802.257324	441.051788	94.499481	42.923038
802.019958	442.609436	92.021675	40.463017
800.826294	441.398712	94.976440	41.692650
805.458496	441.444824	88.757111	41.288719
814.100342	441.884460	79.572235	40.175907
800.318237	440.820648	93.323692	39.680561
795.775024	441.055481	100.838142	42.322571
799.032043	439.876343	97.041573	41.080574
796.790771	439.765930	97.950287	42.219292
798.726929	439.650543	95.008949	41.536800
798.687134	439.802460	96.584641	42.883877
799.598206	439.728699	93.033432	42.449104
797.090515	440.622375	96.796265	41.870201
798.088074	439.771362	95.115364	40.591579
799.746033	440.247681	97.205101	42.802467
794.050232	441.557800	100.534470	39.934227
799.495117	441.137360	93.408829	39.927746
791.192627	441.361908	105.960335	41.213242
805.943909	440.961090	89.651627	40.066402
812.125610	440.753418	86.360741	44.069748
800.708313	441.617249	94.764679	41.444286
796.768616	441.832062	100.490257	42.280399
803.911316	442.499390	93.668015	40.718941
811.367798	441.561646	83.105972	40.048294
797.976624	441.869263	99.586250	41.389431
788.406372	442.008789	107.439072	40.152119
805.672607	440.651672	87.139610	39.997055
806.504211	440.921173	91.005592	41.676495
814.335449	442.279816	79.303642	40.141457
796.928162	442.108093	99.857903	39.312103
770.325806	440.233124	126.381958	42.488655
804.814819	440.126434	90.650032	41.239788
808.430298	440.621826	87.662590	43.106544
815.911865	442.203949	79.789017	41.623150
801.525818	441.692200	94.493980	39.007500
805.276245	440.923523	91.538811	41.193096
816.819275	441.518982	78.416878	39.887009
795.692139	441.306946	102.208527	38.602615
797.707520	440.735596	99.361092	41.189476
801.852295	440.856415	93.192062	39.924019
803.446472	441.138611	93.300835	40.814358
809.538269	440.278107	87.360458	41.010578
800.599609	441.058777	95.315468	39.522465
795.280273	441.457245	103.805832	41.739265
801.518921	440.151855	91.431213	40.472980
779.512451	439.673370	117.489456	41.280617
806.222107	438.930237	90.333084	40.844490
806.658813	439.394958	92.788681	42.737186
813.301880	441.129181	81.349266	40.949276
798.699219	440.674438	99.306015	40.212547
802.024475	440.542877	96.977745	40.892216
807.721863	441.010254	92.062172	40.575947
818.310669	440.773499	76.836426	41.649906
798.770264	441.054565	98.944176	39.331776
804.499634	441.064026	92.861313	39.415787
790.667603	440.413635	108.651222	41.315727
818.694336	440.630127	76.770378	41.268635
798.556763	441.207306	99.090317	39.176121
798.842224	441.114410	98.107300	38.701698
782.929565	439.497559	116.116562	41.268875
792.095093	439.846252	103.498466	40.798492
795.861877	440.650360	97.620255	40.219700
820.992859	440.677551	72.221085	40.939133
817.827332	441.763916	76.117668	39.324089
825.397400	441.606598	67.411766	38.976616
801.290894	443.120483	92.897629	37.065598
801.547363	441.994873	91.852730	38.573330
789.250854	441.141327	105.650826	39.960121
809.679932	441.999084	82.141815	39.932682
789.459167	442.086578	102.716667	39.722721
794.582703	440.346436	98.187042	41.830517
791.456787	440.140839	99.515518	42.138737
793.151001	440.680328	97.368011	40.868420
794.008423	441.291077	95.095345	40.070381
795.047058	441.159332	93.157104	39.546341
792.111938	441.488678	94.058228	41.174278
789.805908	442.474426	96.820679	38.563450
789.072327	442.661194	94.832710	39.095436
784.683533	442.897827	99.349068	38.925594
785.880005	442.721924	96.406853	40.398029
770.850220	443.860809	108.519951	39.327579
768.524109	443.549530	107.155296	40.855278
772.509094	443.049896	103.995934	41.436375
776.076843	443.896301	96.373863	40.383327
774.928345	444.140411	96.757217	39.024212
775.662659	444.765228	95.273827	39.563171
780.138855	444.913147	90.226006	36.986370
782.599304	445.494141	89.244141	36.631138
777.537598	445.665070	88.760269	37.402721
778.764160	446.130280	86.663162	38.174297
779.198120	446.716919	85.976028	38.323139
779.220825	447.522461	83.254082	38.306400
778.578125	447.262604	82.066948	38.420956
776.941711	447.319397	82.065750	37.984783
774.600403	446.244263	82.744225	40.139320
780.349792	445.946899	72.146713	39.321461
781.772339	446.081116	70.661163	40.506245
783.552734	446.726532	66.328255	39.480022
784.466064	447.101685	63.723148	40.480045
781.440063	445.428772	63.896244	40.238712
783.466614	445.850555	62.093987	41.682838
785.252319	446.592926	59.248165	41.616001
785.437500	446.119843	57.175781	42.273678
787.690308	445.658905	55.091854	43.340248
786.986206	448.110321	54.200237	42.376240
786.464966	443.971619	52.162025	44.589294
790.389526	448.980865	47.460621	41.172054
785.970703	448.357574	49.771404	41.896980
792.156616	448.702972	43.633728	41.264423
787.843506	447.643433	45.092251	42.927521
791.855347	447.223145	36.846607	42.641548
790.429382	446.877136	39.220818	41.960659
790.035095	445.688080	38.402382	44.238571
790.035095	445.688080	38.402382	44.238571
790.035095	445.688080	38.402382	44.238571
790.035095	445.688080	38.402382	44.238571
751.623047	445.580719	61.619961	37.685711
738.131592	445.509003	86.030792	39.281467
733.831421	446.842712	96.800674	43.280643
733.831421	446.842712	96.800674	43.280643
733.831421	446.842712	96.800674	43.280643
733.831421	446.842712	96.800674	43.280643
733.831421	446.842712	96.800674	43.280643
733.831421	446.842712	96.800674	43.280643
733.831421	446.842712	96.800674	43.280643
733.831421	446.842712	96.800674	43.280643
733.831421	446.842712	96.800674	43.280643
733.831421	446.842712	96.800674	43.280643
733.831421	446.842712	96.800674	43.280643
733.831421	446.842712	96.800674	43.280643
733.831421	446.842712	96.800674	43.280643
733.831421	446.842712	96.800674	43.280643
708.405701	451.905518	94.569023	40.534344
708.405701	451.905518	94.569023	40.534344
708.405701	451.905518	94.569023	40.534344
708.405701	451.905518	94.569023	40.534344
708.405701	451.905518	94.569023	40.534344
708.405701	451.905518	94.569023	40.534344
708.405701	451.905518	94.569023	40.534344
708.405701	451.905518	94.569023	40.534344
708.405701	451.905518	94.569023	40.534344
708.405701	451.905518	94.569023	40.534344
708.405701	451.905518	94.569023	40.534344
708.405701	451.905518	94.569023	40.534344
727.855591	450.367249	63.398891	49.805248
734.735779	454.407135	47.106956	47.775528
733.627136	451.202393	39.720264	42.718822
738.786133	445.801056	36.651161	39.129131
740.622375	454.137329	30.795296	41.189514
743.043823	456.864716	31.700926	32.853764
746.187805	456.116058	30.328239	31.093519
748.054993	447.859741	29.071804	34.749802
750.625732	456.947998	26.706734	33.139050
752.011108	457.243927	24.907524	33.131588
754.630310	456.870605	20.087580	31.645891
758.628784	457.572083	15.898894	28.413235
759.175659	458.530518	16.310167	25.842756
759.175659	458.530518	16.310167	25.842756
759.175659	458.530518	16.310167	25.842756
759.175659	458.530518	16.310167	25.842756
759.175659	458.530518	16.310167	25.842756
759.175659	458.530518	16.310167	25.842756
759.175659	458.530518	16.310167	25.842756
759.175659	458.530518	16.310167	25.842756
759.175659	458.530518	16.310167	25.842756
759.175659	458.530518	16.310167	25.842756
759.175659	458.530518	16.310167	25.842756
759.175659	458.530518	16.310167	25.842756
759.175659	458.530518	16.310167	25.842756
759.175659	458.530518	16.310167	25.842756
759.175659	458.530518	16.310167	25.842756
759.175659	458.530518	16.310167	25.842756
759.175659	458.530518	16.310167	25.842756
759.175659	458.530518	16.310167	25.842756
759.175659	458.530518	16.310167	25.842756
759.175659	458.530518	16.310167	25.842756
759.175659	458.530518	16.310167	25.842756
759.175659	458.530518	16.310167	25.842756
759.175659	458.530518	16.310167	25.842756
759.175659	458.530518	16.310167	25.842756
759.175659	458.530518	16.310167	25.842756
759.175659	458.530518	16.310167	25.842756
759.175659	458.530518	16.310167	25.842756
759.175659	458.530518	16.310167	25.842756
759.175659	458.530518	16.310167	25.842756
759.175659	458.530518	16.310167	25.842756
759.175659	458.530518	16.310167	25.842756
759.175659	458.530518	16.310167	25.842756
759.175659	458.530518	16.310167	25.842756
759.175659	458.530518	16.310167	25.842756
759.175659	458.530518	16.310167	25.842756
759.175659	458.530518	16.310167	25.842756
759.175659	458.530518	16.310167	25.842756
759.175659	458.530518	16.310167	25.842756
759.175659	458.530518	16.310167	25.842756
759.175659	458.530518	16.310167	25.842756
759.175659	458.530518	16.310167	25.842756
759.175659	458.530518	16.310167	25.842756
759.175659	458.530518	16.310167	25.842756
759.175659	458.530518	16.310167	25.842756
759.175659	458.530518	16.310167	25.842756
759.175659	458.530518	16.310167	25.842756
701.175964	447.326508	20.019838	38.830822
690.527039	445.661865	31.766165	41.986721
609.174500	430.386383	38.727669	49.805054
594.242676	426.688690	53.241264	51.163944
554.590820	422.789886	46.940117	52.692390
584.213257	427.133698	78.375244	52.107319
547.170227	422.794464	67.758461	51.239243
548.504883	423.380005	96.967651	52.882919
552.982178	427.553772	130.329163	51.736191
542.845215	428.274750	139.023682	50.968803
354.710754	379.090668	109.632782	53.860405
546.535767	422.975159	116.577194	52.186451
544.164124	426.556702	140.245377	51.024517
546.444275	425.018158	134.618256	51.859062
546.672668	424.485657	137.703400	52.125244
548.805908	425.091187	137.683014	51.852283
547.065125	424.501923	142.077728	52.241398
548.396729	424.971680	141.174896	51.446415
548.576111	425.331329	139.020706	49.648911
549.195496	424.496155	138.150620	51.055073
546.893433	423.193817	139.105530	53.056805
548.255249	423.604248	139.984924	50.855221
552.112244	422.968689	137.151855	51.223022
549.069092	422.690552	137.565399	51.458263
546.556152	422.301208	139.523529	51.072208
548.631409	421.145508	137.808426	51.571152
543.586914	421.095703	142.191772	51.829174
544.568787	420.248077	142.526398	52.546104
546.475769	420.348785	143.325699	51.728226
542.678040	421.078217	146.380173	50.825546
542.139160	421.533630	150.302841	50.308838
541.619080	421.229309	151.301544	49.064198
538.451904	420.208679	152.084747	51.082397
545.058228	420.159973	141.598236	50.315922
541.787415	420.423889	146.279160	50.748756
542.844971	420.077026	140.706055	49.139053
540.769165	419.024811	142.505951	49.304081
544.749146	419.909485	141.664505	48.720612
544.559204	419.545593	138.918274	49.026482
543.921021	418.524445	137.898178	49.743660
548.562378	419.030273	136.306992	49.489399
545.299927	418.915436	136.570465	48.577194
545.832703	418.672516	135.225082	47.896622
546.119629	418.819519	135.732742	47.981663
548.076599	418.998413	136.037125	47.653893
549.171936	419.164825	133.468552	47.569744
546.201294	419.319733	138.710373	47.183578
547.734192	418.890228	136.971039	46.411423
544.631836	419.024780	139.314392	46.409321
544.526367	418.164795	139.294128	47.048492
544.512024	417.834839	139.018417	46.577724
544.499390	417.623810	137.586304	46.390766
543.364319	417.444489	141.266342	46.892414
547.964661	417.004852	135.833405	46.673939
551.300293	417.066559	132.654785	46.959423
549.563477	417.211304	136.000732	45.472870
553.551147	416.777618	129.499069	46.221642
552.949341	416.740295	132.327621	46.636486
555.584229	416.756592	130.138962	45.619473
553.128784	416.495605	132.828552	45.322895
557.020203	416.626678	130.940430	45.136436
555.552368	417.618866	132.596481	43.987633
552.993958	417.097900	134.627838	44.769588
554.924622	417.406799	137.259888	45.271729
558.041565	416.138611	130.550629	44.321323
556.243958	416.333893	136.205704	44.509270
558.170288	416.888885	138.090744	44.470665
560.183899	415.332245	136.957764	46.290524
559.119446	415.584076	136.416458	45.880886
559.539917	414.729492	138.038895	46.597549
557.770752	414.954102	141.101059	45.586582
558.140686	414.577209	137.251175	45.911095
560.524841	413.077087	136.053131	47.430222
558.993652	413.873505	137.796555	44.858932
559.872742	414.475647	138.280365	45.226055
559.776245	414.155151	139.275894	44.773663
563.530762	413.428467	137.779572	46.702839
561.813904	413.496216	140.719254	45.284851
564.576233	413.414093	138.566284	45.559826
566.004517	412.732727	137.151184	45.968658
568.629883	412.505035	136.682175	46.057800
571.295288	413.096497	136.995148	45.551689
571.271851	412.760834	138.349106	44.854897
574.058228	411.737305	136.536224	45.633930
572.802856	410.673615	136.219437	46.925957
570.262207	410.771545	141.205566	46.073685
571.179199	410.590424	142.409073	46.179050
571.460571	410.025055	142.855423	47.061024
572.899414	409.417877	142.887405	47.551624
573.958618	409.096222	141.700424	47.009876
579.204773	408.528656	137.404373	45.112972
582.312012	408.144867	134.639847	45.161182
583.020752	408.328217	134.466003	43.987049
581.903137	407.078094	133.536209	46.332829
585.697510	406.909729	134.330292	45.534004
585.281128	405.905579	137.262299	45.026447
588.876343	405.430878	135.171570	45.176071
589.164307	404.770172	136.894653	45.224663
590.214783	403.064728	136.824509	46.707664
587.429443	401.955780	143.527374	48.346165
588.145447	401.101196	144.269012	48.272652
588.936035	400.740753	144.546616	48.402573
588.338867	399.112823	146.841553	49.703232
592.005615	398.131653	143.692703	51.394283
595.305847	397.165802	141.022385	51.337391
597.277710	396.859467	140.775986	50.749832
601.535889	396.694885	137.454575	51.531139
600.158691	395.541779	139.786224	52.890327
609.372681	395.258484	142.482361	51.537285
604.419739	395.922791	142.268585	50.865429
600.483582	396.659119	146.752365	50.023056
595.958069	394.588440	152.019623	51.002895
601.961121	396.406677	149.181854	48.969681
607.146912	393.765228	150.971588	51.672966
603.455261	394.030060	152.762482	50.180237
610.472229	394.067047	149.024567	50.019203
601.814697	390.915588	154.186096	52.724899
609.435425	390.854340	147.511841	51.550461
608.885437	388.207214	150.673111	52.849358
610.645203	387.173523	147.072556	54.031109
617.955505	386.429291	140.981583	55.793514
622.757263	388.521942	142.065643	52.745628
630.693054	387.515625	137.465775	54.212128
624.574829	388.082397	140.513947	53.249626
629.572021	386.454529	139.077438	52.324341
633.844666	385.210632	138.912964	53.377556
634.977783	385.548706	141.397522	53.478378
636.701782	383.662292	142.429932	54.493122
626.369324	382.605408	144.296417	55.872627
623.250244	382.086182	143.731186	55.083813
629.108459	381.246368	139.036148	56.194145
636.738159	380.958710	134.025681	54.279350
641.560120	380.523773	128.734543	53.637165
641.289551	380.579895	131.279907	52.741184
647.874634	380.622986	127.107758	51.325775
651.041565	379.202271	131.394547	54.870911
657.190125	378.193909	125.731323	53.961361
660.353943	379.546539	125.045517	51.133774
667.044617	377.847626	122.877419	53.855858
673.516846	378.610260	112.699791	50.441467
679.375366	379.753754	110.891525	51.025303
683.779663	380.152100	107.707840	48.492783
689.674927	378.494385	105.391129	51.392498
694.605591	379.957123	99.112976	49.397636
704.787903	379.398407	91.765411	48.724480
707.458496	382.247162	88.619972	47.382332
802.192749	390.619385	94.947678	40.609825
806.549683	390.804993	92.903366	39.818584
803.029236	390.864227	94.898323	39.293941
808.787598	390.484955	90.947327	40.434364
810.348572	390.052490	90.747833	40.363461
808.983337	388.923645	94.649857	40.495144
750.476379	384.915741	152.575699	42.795048
744.896790	377.823639	158.070602	50.436031
756.939209	380.473663	155.365509	48.305355
761.616455	377.667999	148.970917	51.259129
765.422974	381.448120	148.977264	48.323532
762.469482	376.109711	149.103745	54.161655
770.512756	381.874725	146.746124	49.447937
777.138428	374.402344	135.333069	56.559895
778.128113	379.365875	136.450699	51.322472
787.017151	376.487000	127.988533	53.348511
814.480164	379.011444	101.064445	49.532433
817.005371	380.526672	98.486031	45.590580
821.837585	381.115143	97.572685	45.280354
822.436584	381.916016	98.885857	44.986031
823.905334	380.919281	100.828888	45.783012
813.915466	379.534943	107.059616	45.483891
812.437683	377.374878	106.477715	48.401573
816.627747	378.736359	105.232544	48.463642
822.678284	379.807831	99.342094	45.949711
822.942200	378.683136	102.073746	49.433628
830.009644	377.113678	96.894356	51.944660
834.316589	379.630554	92.547112	48.239395
840.739624	379.858673	88.943077	47.777454
846.755371	379.846313	84.812019	47.465992
853.211304	381.803101	79.018028	45.644627
864.049866	384.050446	68.450508	43.497700
866.814453	385.316010	69.677597	42.485100
868.905090	385.083435	59.347546	42.025761
876.310059	383.798431	52.343346	42.601936
881.368347	387.689362	45.852402	39.473412
884.935242	388.693634	41.625778	37.215542
887.486328	387.574158	38.738922	37.215385
887.894775	387.575195	37.796299	36.662674
895.340881	387.299469	31.305248	35.918369
899.897766	388.523163	26.983480	35.366367
900.162292	387.807587	27.858873	36.490967
903.604187	387.802765	23.857473	37.673397
907.022888	388.842163	21.126717	36.572445
909.750793	389.814819	19.935711	37.115036
908.422241	384.641602	21.487637	42.960773
908.422241	384.641602	21.487637	42.960773
856.941040	397.084900	27.057245	40.203274
841.808472	394.855133	22.475431	35.327644
843.752014	397.929291	21.508987	29.719795
845.927734	399.941010	24.634075	34.062340
767.291077	394.113800	35.350735	32.435768
752.799438	384.464264	57.046585	42.199654
749.848511	382.038666	62.354431	45.527737
744.244019	379.821198	72.199631	47.641880
752.952515	380.689575	66.120262	46.052826
748.996948	381.300018	76.735367	46.903732
765.031860	385.160614	64.073265	44.780396
770.785828	381.796051	63.375504	46.954372
772.438293	379.765686	67.310020	48.284317
776.459473	385.449524	61.702385	44.512356
783.202820	383.122467	57.783379	46.142246
785.339417	382.312927	55.326385	46.027397
792.803955	383.008545	48.447212	45.464550
785.299744	381.967896	60.849072	47.234604
796.825867	382.530975	48.802761	46.089924
804.187195	383.318573	39.168770	44.768017
808.025391	385.815430	37.279846	44.102718
809.792114	382.963409	36.138229	45.863392
811.781799	382.032837	34.962566	47.028564
818.930115	382.983124	27.286947	46.054512
815.842773	382.918091	32.999653	46.213001
818.195984	386.227081	34.896412	45.624031
856.869446	393.023346	48.522697	33.000351
854.058167	392.052856	59.672142	33.785275
853.084900	392.296631	61.723282	34.093945
853.282532	392.414307	69.733871	34.401134
853.566040	392.944733	74.721344	35.448463
855.209595	393.013733	75.544106	35.631954
858.874268	392.724915	75.997932	36.652061
859.291809	393.360168	78.810532	35.577827
862.082764	393.403137	81.862259	35.587097
866.817139	393.982056	81.831673	34.565826
867.610779	393.115814	81.606926	36.388340
870.801758	392.539032	78.957123	38.046669
876.956726	393.520874	74.193649	37.675056
883.650513	394.491089	67.638817	36.267460
886.415588	394.866699	65.065788	36.344868
892.269470	394.741516	58.471626	35.799854
896.135681	394.893951	54.790970	35.464882
902.142456	394.756470	48.257462	35.268566
904.318359	394.549896	45.837433	35.270824
907.611694	394.368103	41.509659	36.580910
909.465515	394.492889	38.935371	37.028309
911.222473	393.662354	38.118324	38.330021
910.078308	393.279816	36.889519	37.950722
907.421997	392.395874	37.986698	38.943905
908.278748	392.603760	34.468773	40.197220
909.805542	392.176392	29.597677	40.170853
912.605591	391.850555	23.493454	40.036179
914.528015	391.554626	19.935375	37.988968
914.528015	391.554626	19.935375	37.988968
914.528015	391.554626	19.935375	37.988968
914.528015	391.554626	19.935375	37.988968
914.528015	391.554626	19.935375	37.988968
914.528015	391.554626	19.935375	37.988968
914.528015	391.554626	19.935375	37.988968
914.528015	391.554626	19.935375	37.988968
914.528015	391.554626	19.935375	37.988968
914.528015	391.554626	19.935375	37.988968
914.528015	391.554626	19.935375	37.988968
914.528015	391.554626	19.935375	37.988968
914.528015	391.554626	19.935375	37.988968
914.528015	391.554626	19.935375	37.988968
914.528015	391.554626	19.935375	37.988968
834.343201	403.229462	26.118088	27.988493
830.817749	404.101166	27.721050	25.835932
812.234070	404.112823	47.395458	24.272995
799.504944	402.481415	69.945587	25.892733
797.600281	399.641998	76.880379	30.967230
793.679443	398.164062	90.518898	32.888294
787.544128	395.259949	99.445625	37.755886
796.460083	397.315338	88.208549	34.301025
797.919922	398.985718	99.248940	31.860260
798.723206	396.259491	90.537247	35.310894
801.226074	396.333405	88.804985	34.202374
806.068176	395.312653	86.584915	33.445629
809.426941	395.596558	80.603310	32.444183
819.527100	395.419769	70.950287	32.585205
824.527222	395.499390	65.787704	31.373314
828.088562	393.502380	61.826923	32.588120
832.552551	392.039612	56.897358	33.612770
836.386658	390.981079	51.046608	34.658482
838.549255	387.431793	48.300785	37.115475
841.330994	389.077362	43.587677	34.680248
848.476135	389.599945	37.941002	33.759705
850.401611	386.754211	35.962330	35.172737
853.517456	382.843933	32.982632	40.300869
854.331238	385.448090	29.712660	39.054577
857.549438	384.798462	24.489927	34.023575
861.439331	384.197083	19.334959	33.471809
863.843872	383.558838	15.197362	34.446083
865.990051	384.850708	16.421246	30.063868
867.027954	384.619019	16.658974	29.280571
867.027954	384.619019	16.658974	29.280571
867.027954	384.619019	16.658974	29.280571
867.027954	384.619019	16.658974	29.280571
867.027954	384.619019	16.658974	29.280571
867.027954	384.619019	16.658974	29.280571
867.027954	384.619019	16.658974	29.280571
867.027954	384.619019	16.658974	29.280571
867.027954	384.619019	16.658974	29.280571
867.027954	384.619019	16.658974	29.280571
867.027954	384.619019	16.658974	29.280571
867.027954	384.619019	16.658974	29.280571
867.027954	384.619019	16.658974	29.280571
867.027954	384.619019	16.658974	29.280571
867.027954	384.619019	16.658974	29.280571
867.027954	384.619019	16.658974	29.280571
867.027954	384.619019	16.658974	29.280571
828.953857	377.915039	18.131620	34.733425
832.253845	376.934326	19.266087	33.834549
837.417358	377.046936	19.680843	33.332737
841.954407	375.751678	20.507515	34.781990
841.554321	375.518890	21.958677	34.038864
845.587708	376.546173	22.575205	33.743034
847.039490	375.810028	21.491732	34.748161
847.164307	372.535339	23.369823	37.281822
847.512512	365.833466	28.781025	44.218163
847.512512	365.833466	28.781025	44.218163
847.512512	365.833466	28.781025	44.218163
847.512512	365.833466	28.781025	44.218163
847.512512	365.833466	28.781025	44.218163
847.512512	365.833466	28.781025	44.218163
847.512512	365.833466	28.781025	44.218163
847.512512	365.833466	28.781025	44.218163
847.512512	365.833466	28.781025	44.218163
847.512512	365.833466	28.781025	44.218163
847.512512	365.833466	28.781025	44.218163
847.512512	365.833466	28.781025	44.218163
847.512512	365.833466	28.781025	44.218163
847.512512	365.833466	28.781025	44.218163
847.512512	365.833466	28.781025	44.218163
847.512512	365.833466	28.781025	44.218163
847.512512	365.833466	28.781025	44.218163
847.512512	365.833466	28.781025	44.218163
847.512512	365.833466	28.781025	44.218163
847.512512	365.833466	28.781025	44.218163
847.512512	365.833466	28.781025	44.218163
847.512512	365.833466	28.781025	44.218163
847.512512	365.833466	28.781025	44.218163
847.512512	365.833466	28.781025	44.218163
847.512512	365.833466	28.781025	44.218163
847.512512	365.833466	28.781025	44.218163
847.512512	365.833466	28.781025	44.218163
847.512512	365.833466	28.781025	44.218163
847.512512	365.833466	28.781025	44.218163
847.512512	365.833466	28.781025	44.218163
847.512512	365.833466	28.781025	44.218163
847.512512	365.833466	28.781025	44.218163
847.512512	365.833466	28.781025	44.218163
847.512512	365.833466	28.781025	44.218163
847.512512	365.833466	28.781025	44.218163
847.512512	365.833466	28.781025	44.218163
847.512512	365.833466	28.781025	44.218163
847.512512	365.833466	28.781025	44.218163
847.512512	365.833466	28.781025	44.218163
847.512512	365.833466	28.781025	44.218163
847.512512	365.833466	28.781025	44.218163
847.512512	365.833466	28.781025	44.218163
847.512512	365.833466	28.781025	44.218163
847.512512	365.833466	28.781025	44.218163
847.512512	365.833466	28.781025	44.218163
847.512512	365.833466	28.781025	44.218163
847.512512	365.833466	28.781025	44.218163
847.512512	365.833466	28.781025	44.218163
847.512512	365.833466	28.781025	44.218163
847.512512	365.833466	28.781025	44.218163
847.512512	365.833466	28.781025	44.218163
847.512512	365.833466	28.781025	44.218163
847.512512	365.833466	28.781025	44.218163
847.512512	365.833466	28.781025	44.218163
847.512512	365.833466	28.781025	44.218163
847.512512	365.833466	28.781025	44.218163
847.512512	365.833466	28.781025	44.218163
847.512512	365.833466	28.781025	44.218163
747.705139	337.693481	35.584129	48.873840
697.473328	336.601746	48.341091	43.082390
720.730225	319.734222	61.139446	40.055447
720.730225	319.734222	61.139446	40.055447
708.507812	316.475281	81.062958	31.549648
705.903625	335.759338	93.164162	35.075665
711.186523	336.719482	90.082451	33.375061
717.332153	336.335388	83.398010	24.781176
718.889771	335.586029	78.648621	16.992966
725.280212	335.562927	73.995514	22.301706
732.955688	334.715820	69.030067	26.261398
734.643555	333.810272	59.464722	22.269253
741.790344	333.629242	55.693226	22.650047
750.150879	333.309235	49.804935	23.025480
754.450073	333.132965	45.454430	23.192778
760.816895	333.147217	41.404934	19.518253
766.102661	332.165619	38.008511	22.408480
769.875427	331.653015	33.745934	21.180614
777.024048	331.425079	27.099977	19.034887
783.543274	331.515717	21.929886	18.434927
787.499390	330.504456	16.375637	18.787437
791.489075	329.383209	14.983302	18.420771
795.447327	329.123657	17.953884	20.207417
776.205566	355.523071	18.058207	22.547855
781.302124	355.701294	19.001310	22.375751
785.851685	350.974792	19.201117	20.623104
789.653320	352.816406	16.856390	23.635271
823.027588	329.494873	22.041842	25.022844
827.764282	331.954590	23.435352	18.583981
833.383972	330.285553	23.342855	22.086296
835.142761	329.034485	26.811390	20.442810
840.747498	329.870239	28.565153	22.361019
844.275696	329.873169	28.671068	17.295034
850.045654	330.869720	28.634283	15.357405
853.017395	330.550598	33.291374	18.144228
858.013733	329.688477	36.040524	19.888458
862.557068	329.317657	37.325157	17.429674
868.001404	328.470490	34.731216	19.464886
874.378418	327.581696	34.115711	20.226315
879.365479	326.522888	34.533836	21.676586
885.167786	326.340485	32.338764	25.452724
889.293335	324.079102	27.575706	25.526899
892.414734	326.770569	22.822418	23.956516
895.289368	323.230286	20.217682	26.244158
898.018005	319.218536	17.910137	29.482424
866.576111	336.911987	24.988649	28.347645
869.469177	329.861267	22.769209	36.501396
870.002625	328.664215	26.907825	36.181004
867.669739	323.592010	33.270458	34.717541
868.820435	316.907593	34.799057	42.699665
760.687256	308.638245	41.449066	47.653072
748.518677	309.896240	47.072861	47.099533
749.030396	309.427063	56.505745	48.924992
681.688171	308.765778	89.461685	46.829964
678.365540	308.902252	116.276360	49.918011
674.161621	308.903473	118.595032	50.002048
677.623108	307.330322	112.015343	53.218094
680.396912	306.596985	110.811127	53.480804
679.148315	306.917694	108.288353	53.127129
682.269897	305.314331	109.223938	55.346615
681.488525	306.447815	106.365662	54.357777
681.917053	306.989288	98.384727	52.142807
686.531982	306.610107	83.949677	50.100517
684.693909	307.770660	84.581573	46.804562
688.446594	307.932739	77.626801	46.583664
688.043274	305.927460	71.379555	46.894283
688.959045	304.878387	68.225113	49.013744
690.683228	304.262604	65.673996	49.226414
691.265381	305.376984	61.155529	45.135792
751.158997	310.189697	56.683842	44.260048
750.818115	309.138000	59.451942	42.785500
751.123047	309.081573	61.840206	42.804409
750.673157	309.798187	67.755470	43.245014
748.905945	308.761749	71.936996	43.334045
746.280640	309.541992	80.356300	43.357567
743.656616	309.191956	86.713387	41.513050
732.643799	307.643616	91.468399	42.239098
734.182739	306.556610	91.505325	44.626240
731.268494	305.821655	96.903275	46.622730
731.035461	305.685150	98.634171	44.219151
732.861084	306.388580	97.874237	43.912296
734.246155	304.989929	97.681969	44.319000
735.335632	303.764740	98.652466	44.920349
737.979309	304.577332	96.476913	43.228928
740.987122	303.626373	105.592819	45.054508
739.511353	302.263580	91.749786	43.052231
747.731750	304.101044	82.817635	41.060143
752.257935	305.450531	79.800728	40.369717
757.209534	304.602631	75.536163	40.639500
759.800781	304.545898	72.323334	39.767521
764.867004	304.665100	67.058342	36.417179
767.775330	303.149475	62.874428	38.613224
773.191284	302.958649	56.592972	38.851028
775.980286	301.788910	54.940319	38.983780
779.422363	302.412994	52.350628	39.071915
785.932495	302.244110	46.555534	37.548283
790.008362	301.729797	40.829762	37.814560
794.354309	302.212128	36.438740	37.062481
798.004944	302.624054	30.013618	35.980171
802.155640	301.663940	24.198919	35.509502
801.566284	301.496887	23.992975	35.792030
801.456116	300.541931	27.598085	37.337292
799.018494	300.068756	31.120045	40.613914
786.754150	245.515167	46.013515	39.681934
786.754150	245.515167	46.013515	39.681934
786.754150	245.515167	46.013515	39.681934
786.754150	245.515167	46.013515	39.681934
786.754150	245.515167	46.013515	39.681934
786.754150	245.515167	46.013515	39.681934
786.754150	245.515167	46.013515	39.681934
786.754150	245.515167	46.013515	39.681934
786.754150	245.515167	46.013515	39.681934
786.754150	245.515167	46.013515	39.681934
786.754150	245.515167	46.013515	39.681934
786.754150	245.515167	46.013515	39.681934
786.754150	245.515167	46.013515	39.681934
786.754150	245.515167	46.013515	39.681934
670.807373	312.467926	47.360367	38.450310
654.995056	314.123779	45.143875	38.184830
660.283203	315.820587	46.071529	38.103558
663.718140	317.861115	48.355434	37.895546
667.992310	320.384399	48.934860	37.227455
673.296265	321.340790	48.093567	37.612106
677.140259	323.751221	48.904469	36.994251
681.561462	322.605713	45.387127	40.087818
684.878540	325.034210	45.882324	38.838337
691.319946	325.943695	47.958080	38.573715
695.629150	326.008881	39.741894	39.751724
701.555481	326.484497	32.715118	38.857143
740.635559	330.988281	29.019371	34.206760
747.216248	333.256775	22.885849	29.485645
750.525024	335.476257	25.963404	29.035595
751.013245	336.852661	30.640923	29.274033
753.380310	336.085907	34.975800	31.289934
756.807800	338.958923	36.989964	29.881458
754.105835	337.159485	45.758404	32.655384
763.045410	340.203308	43.704617	31.583347
770.614380	342.476410	42.945103	32.058521
772.657654	341.354218	42.870686	32.531616
774.737671	341.411743	46.219067	32.016624
774.331604	341.134033	49.395424	33.169231
769.924133	341.543365	59.767948	33.677673
774.100708	342.272247	58.983845	34.368343
775.798706	342.585785	61.227203	34.387512
778.427856	342.963593	61.963020	35.008602
788.010559	344.365204	58.120449	34.428699
785.451355	346.100494	61.996696	32.621807
805.543823	347.239441	48.897636	33.099808
805.670959	345.331726	48.511284	32.704510
799.433105	346.995667	54.689724	32.258293
800.683472	346.827484	57.172241	34.789772
801.818481	347.335266	57.620289	34.006638
808.439148	348.026947	48.124107	35.234142
814.177612	347.060730	40.760040	36.848782
812.059875	349.476379	40.812897	33.000130
818.228027	343.382233	32.641579	40.512333
823.370239	345.870728	28.552660	37.022778
825.567383	342.641296	25.889154	43.656433
826.160034	343.780975	24.654081	42.019531
826.160034	343.780975	24.654081	42.019531
826.160034	343.780975	24.654081	42.019531
826.160034	343.780975	24.654081	42.019531
826.160034	343.780975	24.654081	42.019531
826.160034	343.780975	24.654081	42.019531
826.160034	343.780975	24.654081	42.019531
826.160034	343.780975	24.654081	42.019531
826.160034	343.780975	24.654081	42.019531
826.160034	343.780975	24.654081	42.019531
826.160034	343.780975	24.654081	42.019531
826.160034	343.780975	24.654081	42.019531
826.160034	343.780975	24.654081	42.019531
826.160034	343.780975	24.654081	42.019531
826.160034	343.780975	24.654081	42.019531
826.160034	343.780975	24.654081	42.019531
826.160034	343.780975	24.654081	42.019531
826.160034	343.780975	24.654081	42.019531
826.160034	343.780975	24.654081	42.019531
826.160034	343.780975	24.654081	42.019531
826.160034	343.780975	24.654081	42.019531
826.160034	343.780975	24.654081	42.019531
826.160034	343.780975	24.654081	42.019531
826.160034	343.780975	24.654081	42.019531
826.160034	343.780975	24.654081	42.019531
826.160034	343.780975	24.654081	42.019531
826.160034	343.780975	24.654081	42.019531
826.160034	343.780975	24.654081	42.019531
826.160034	343.780975	24.654081	42.019531
826.160034	343.780975	24.654081	42.019531
826.160034	343.780975	24.654081	42.019531
826.160034	343.780975	24.654081	42.019531
826.160034	343.780975	24.654081	42.019531
826.160034	343.780975	24.654081	42.019531
826.160034	343.780975	24.654081	42.019531
826.160034	343.780975	24.654081	42.019531
826.160034	343.780975	24.654081	42.019531
826.160034	343.780975	24.654081	42.019531
826.160034	343.780975	24.654081	42.019531
826.160034	343.780975	24.654081	42.019531
826.160034	343.780975	24.654081	42.019531
826.160034	343.780975	24.654081	42.019531
826.160034	343.780975	24.654081	42.019531
826.160034	343.780975	24.654081	42.019531
826.160034	343.780975	24.654081	42.019531
826.160034	343.780975	24.654081	42.019531
826.160034	343.780975	24.654081	42.019531
826.160034	343.780975	24.654081	42.019531
826.160034	343.780975	24.654081	42.019531
826.160034	343.780975	24.654081	42.019531
826.160034	343.780975	24.654081	42.019531
826.160034	343.780975	24.654081	42.019531
826.160034	343.780975	24.654081	42.019531
826.160034	343.780975	24.654081	42.019531
826.160034	343.780975	24.654081	42.019531
826.160034	343.780975	24.654081	42.019531
826.160034	343.780975	24.654081	42.019531
826.160034	343.780975	24.654081	42.019531
826.160034	343.780975	24.654081	42.019531
826.160034	343.780975	24.654081	42.019531
826.160034	343.780975	24.654081	42.019531
826.160034	343.780975	24.654081	42.019531
826.160034	343.780975	24.654081	42.019531
826.160034	343.780975	24.654081	42.019531
826.160034	343.780975	24.654081	42.019531
826.160034	343.780975	24.654081	42.019531
826.160034	343.780975	24.654081	42.019531
826.160034	343.780975	24.654081	42.019531
826.160034	343.780975	24.654081	42.019531
826.160034	343.780975	24.654081	42.019531
826.160034	343.780975	24.654081	42.019531
826.160034	343.780975	24.654081	42.019531
826.160034	343.780975	24.654081	42.019531
826.160034	343.780975	24.654081	42.019531
826.160034	343.780975	24.654081	42.019531
826.160034	343.780975	24.654081	42.019531
826.160034	343.780975	24.654081	42.019531
826.160034	343.780975	24.654081	42.019531
826.160034	343.780975	24.654081	42.019531
826.160034	343.780975	24.654081	42.019531
826.160034	343.780975	24.654081	42.019531
826.160034	343.780975	24.654081	42.019531
826.160034	343.780975	24.654081	42.019531
826.160034	343.780975	24.654081	42.019531
826.160034	343.780975	24.654081	42.019531
826.160034	343.780975	24.654081	42.019531
826.160034	343.780975	24.654081	42.019531
826.160034	343.780975	24.654081	42.019531
826.160034	343.780975	24.654081	42.019531
826.160034	343.780975	24.654081	42.019531
826.160034	343.780975	24.654081	42.019531
826.160034	343.780975	24.654081	42.019531
826.160034	343.780975	24.654081	42.019531
826.160034	343.780975	24.654081	42.019531
826.160034	343.780975	24.654081	42.019531
826.160034	343.780975	24.654081	42.019531
826.160034	343.780975	24.654081	42.019531
826.160034	343.780975	24.654081	42.019531
826.160034	343.780975	24.654081	42.019531
826.160034	343.780975	24.654081	42.019531
826.160034	343.780975	24.654081	42.019531
826.160034	343.780975	24.654081	42.019531
826.160034	343.780975	24.654081	42.019531
826.160034	343.780975	24.654081	42.019531
826.160034	343.780975	24.654081	42.019531
826.160034	343.780975	24.654081	42.019531
826.160034	343.780975	24.654081	42.019531
826.160034	343.780975	24.654081	42.019531
826.160034	343.780975	24.654081	42.019531
826.160034	343.780975	24.654081	42.019531
826.160034	343.780975	24.654081	42.019531
826.160034	343.780975	24.654081	42.019531
826.160034	343.780975	24.654081	42.019531
826.160034	343.780975	24.654081	42.019531
826.160034	343.780975	24.654081	42.019531
826.160034	343.780975	24.654081	42.019531
826.160034	343.780975	24.654081	42.019531
826.160034	343.780975	24.654081	42.019531
826.160034	343.780975	24.654081	42.019531
826.160034	343.780975	24.654081	42.019531
826.160034	343.780975	24.654081	42.019531
826.160034	343.780975	24.654081	42.019531
826.160034	343.780975	24.654081	42.019531
826.160034	343.780975	24.654081	42.019531
826.160034	343.780975	24.654081	42.019531
826.160034	343.780975	24.654081	42.019531
826.160034	343.780975	24.654081	42.019531
826.160034	343.780975	24.654081	42.019531
826.160034	343.780975	24.654081	42.019531
826.160034	343.780975	24.654081	42.019531
826.160034	343.780975	24.654081	42.019531
826.160034	343.780975	24.654081	42.019531
826.160034	343.780975	24.654081	42.019531
826.160034	343.780975	24.654081	42.019531
826.160034	343.780975	24.654081	42.019531
826.160034	343.780975	24.654081	42.019531
826.160034	343.780975	24.654081	42.019531
826.160034	343.780975	24.654081	42.019531
826.160034	343.780975	24.654081	42.019531
826.160034	343.780975	24.654081	42.019531
826.160034	343.780975	24.654081	42.019531
826.160034	343.780975	24.654081	42.019531
826.160034	343.780975	24.654081	42.019531
826.160034	343.780975	24.654081	42.019531
826.160034	343.780975	24.654081	42.019531
826.160034	343.780975	24.654081	42.019531
826.160034	343.780975	24.654081	42.019531
826.160034	343.780975	24.654081	42.019531
826.160034	343.780975	24.654081	42.019531
826.160034	343.780975	24.654081	42.019531
826.160034	343.780975	24.654081	42.019531
826.160034	343.780975	24.654081	42.019531
826.160034	343.780975	24.654081	42.019531
826.160034	343.780975	24.654081	42.019531
826.160034	343.780975	24.654081	42.019531
826.160034	343.780975	24.654081	42.019531
826.160034	343.780975	24.654081	42.019531
826.160034	343.780975	24.654081	42.019531
826.160034	343.780975	24.654081	42.019531
826.160034	343.780975	24.654081	42.019531
826.160034	343.780975	24.654081	42.019531
826.160034	343.780975	24.654081	42.019531
826.160034	343.780975	24.654081	42.019531
826.160034	343.780975	24.654081	42.019531
826.160034	343.780975	24.654081	42.019531
826.160034	343.780975	24.654081	42.019531
826.160034	343.780975	24.654081	42.019531
826.160034	343.780975	24.654081	42.019531
826.160034	343.780975	24.654081	42.019531
826.160034	343.780975	24.654081	42.019531
826.160034	343.780975	24.654081	42.019531
826.160034	343.780975	24.654081	42.019531
826.160034	343.780975	24.654081	42.019531
826.160034	343.780975	24.654081	42.019531
826.160034	343.780975	24.654081	42.019531
826.160034	343.780975	24.654081	42.019531
826.160034	343.780975	24.654081	42.019531
826.160034	343.780975	24.654081	42.019531
826.160034	343.780975	24.654081	42.019531
826.160034	343.780975	24.654081	42.019531
826.160034	343.780975	24.654081	42.019531
826.160034	343.780975	24.654081	42.019531
826.160034	343.780975	24.654081	42.019531
826.160034	343.780975	24.654081	42.019531
826.160034	343.780975	24.654081	42.019531
826.160034	343.780975	24.654081	42.019531
826.160034	343.780975	24.654081	42.019531
826.160034	343.780975	24.654081	42.019531
826.160034	343.780975	24.654081	42.019531
826.160034	343.780975	24.654081	42.019531
826.160034	343.780975	24.654081	42.019531
826.160034	343.780975	24.654081	42.019531
826.160034	343.780975	24.654081	42.019531
826.160034	343.780975	24.654081	42.019531
826.160034	343.780975	24.654081	42.019531
826.160034	343.780975	24.654081	42.019531
826.160034	343.780975	24.654081	42.019531
826.160034	343.780975	24.654081	42.019531
826.160034	343.780975	24.654081	42.019531
826.160034	343.780975	24.654081	42.019531
826.160034	343.780975	24.654081	42.019531
826.160034	343.780975	24.654081	42.019531
826.160034	343.780975	24.654081	42.019531
826.160034	343.780975	24.654081	42.019531
826.160034	343.780975	24.654081	42.019531
826.160034	343.780975	24.654081	42.019531
826.160034	343.780975	24.654081	42.019531
826.160034	343.780975	24.654081	42.019531
826.160034	343.780975	24.654081	42.019531
826.160034	343.780975	24.654081	42.019531
826.160034	343.780975	24.654081	42.019531
826.160034	343.780975	24.654081	42.019531
826.160034	343.780975	24.654081	42.019531
826.160034	343.780975	24.654081	42.019531
826.160034	343.780975	24.654081	42.019531
826.160034	343.780975	24.654081	42.019531
826.160034	343.780975	24.654081	42.019531
826.160034	343.780975	24.654081	42.019531
826.160034	343.780975	24.654081	42.019531
826.160034	343.780975	24.654081	42.019531
826.160034	343.780975	24.654081	42.019531
826.160034	343.780975	24.654081	42.019531
826.160034	343.780975	24.654081	42.019531
826.160034	343.780975	24.654081	42.019531
826.160034	343.780975	24.654081	42.019531
826.160034	343.780975	24.654081	42.019531
826.160034	343.780975	24.654081	42.019531
826.160034	343.780975	24.654081	42.019531
826.160034	343.780975	24.654081	42.019531
826.160034	343.780975	24.654081	42.019531
826.160034	343.780975	24.654081	42.019531
826.160034	343.780975	24.654081	42.019531
826.160034	343.780975	24.654081	42.019531
826.160034	343.780975	24.654081	42.019531
826.160034	343.780975	24.654081	42.019531
826.160034	343.780975	24.654081	42.019531
826.160034	343.780975	24.654081	42.019531
826.160034	343.780975	24.654081	42.019531
826.160034	343.780975	24.654081	42.019531
826.160034	343.780975	24.654081	42.019531
826.160034	343.780975	24.654081	42.019531
826.160034	343.780975	24.654081	42.019531
826.160034	343.780975	24.654081	42.019531
826.160034	343.780975	24.654081	42.019531
826.160034	343.780975	24.654081	42.019531
826.160034	343.780975	24.654081	42.019531
826.160034	343.780975	24.654081	42.019531
826.160034	343.780975	24.654081	42.019531
826.160034	343.780975	24.654081	42.019531
826.160034	343.780975	24.654081	42.019531
826.160034	343.780975	24.654081	42.019531
826.160034	343.780975	24.654081	42.019531
826.160034	343.780975	24.654081	42.019531
826.160034	343.780975	24.654081	42.019531
826.160034	343.780975	24.654081	42.019531
826.160034	343.780975	24.654081	42.019531
826.160034	343.780975	24.654081	42.019531
826.160034	343.780975	24.654081	42.019531
826.160034	343.780975	24.654081	42.019531
826.160034	343.780975	24.654081	42.019531
826.160034	343.780975	24.654081	42.019531
826.160034	343.780975	24.654081	42.019531
826.160034	343.780975	24.654081	42.019531
826.160034	343.780975	24.654081	42.019531
826.160034	343.780975	24.654081	42.019531
826.160034	343.780975	24.654081	42.019531
826.160034	343.780975	24.654081	42.019531
826.160034	343.780975	24.654081	42.019531
826.160034	343.780975	24.654081	42.019531
826.160034	343.780975	24.654081	42.019531
826.160034	343.780975	24.654081	42.019531
826.160034	343.780975	24.654081	42.019531
826.160034	343.780975	24.654081	42.019531
790.440247	347.791321	22.926094	35.346767
791.811646	346.810364	22.206291	29.245464
791.771667	350.275116	22.900763	33.402870
793.795898	355.182648	21.978798	32.963116
792.542725	359.228149	23.326763	34.061028
791.320984	365.553070	26.496361	29.650822
792.295227	369.246918	26.994020	32.935696
791.622437	372.765259	26.292801	33.140213
790.198425	376.734528	26.379213	34.191441
789.586304	382.150299	24.768652	31.938784
790.082703	387.370300	22.057966	30.494089
789.918640	390.248108	22.617149	29.348846
788.707703	394.833740	22.966082	30.598183
787.464111	398.678558	20.459555	28.504477
785.878662	404.286957	21.341694	29.092409
785.138916	406.630676	21.839993	28.936348
783.149109	411.180908	21.908455	28.461792
781.711914	416.026459	23.318478	29.155989
780.503906	417.839966	22.533100	26.998055
778.827454	423.004211	25.746536	29.186129
777.593689	423.821503	19.952723	27.551199
774.670593	429.540985	18.813150	27.729099
774.269165	434.580017	18.961121	29.150459
772.144409	439.094604	19.023693	31.126001
772.144409	439.094604	19.023693	31.126001
772.144409	439.094604	19.023693	31.126001
772.144409	439.094604	19.023693	31.126001
772.144409	439.094604	19.023693	31.126001
772.144409	439.094604	19.023693	31.126001
772.144409	439.094604	19.023693	31.126001
772.144409	439.094604	19.023693	31.126001
772.144409	439.094604	19.023693	31.126001
772.144409	439.094604	19.023693	31.126001
772.144409	439.094604	19.023693	31.126001
772.144409	439.094604	19.023693	31.126001
772.144409	439.094604	19.023693	31.126001
772.144409	439.094604	19.023693	31.126001
772.144409	439.094604	19.023693	31.126001
772.144409	439.094604	19.023693	31.126001
772.144409	439.094604	19.023693	31.126001
772.144409	439.094604	19.023693	31.126001
772.144409	439.094604	19.023693	31.126001
772.144409	439.094604	19.023693	31.126001
772.144409	439.094604	19.023693	31.126001
772.144409	439.094604	19.023693	31.126001
772.144409	439.094604	19.023693	31.126001
780.344971	394.141632	29.339705	33.823963
780.344971	394.141632	29.339705	33.823963
780.344971	394.141632	29.339705	33.823963
780.344971	394.141632	29.339705	33.823963
793.799194	435.734680	28.165930	52.825737
793.799194	435.734680	28.165930	52.825737
793.799194	435.734680	28.165930	52.825737
793.799194	435.734680	28.165930	52.825737
793.799194	435.734680	28.165930	52.825737
793.799194	435.734680	28.165930	52.825737
793.799194	435.734680	28.165930	52.825737
793.799194	435.734680	28.165930	52.825737
793.799194	435.734680	28.165930	52.825737
793.799194	435.734680	28.165930	52.825737
793.799194	435.734680	28.165930	52.825737
793.799194	435.734680	28.165930	52.825737
793.799194	435.734680	28.165930	52.825737
793.799194	435.734680	28.165930	52.825737
793.799194	435.734680	28.165930	52.825737
793.799194	435.734680	28.165930	52.825737
793.799194	435.734680	28.165930	52.825737
793.799194	435.734680	28.165930	52.825737
793.799194	435.734680	28.165930	52.825737
793.799194	435.734680	28.165930	52.825737
793.799194	435.734680	28.165930	52.825737
793.799194	435.734680	28.165930	52.825737
793.799194	435.734680	28.165930	52.825737
793.799194	435.734680	28.165930	52.825737
793.799194	435.734680	28.165930	52.825737
793.799194	435.734680	28.165930	52.825737
793.799194	435.734680	28.165930	52.825737
793.799194	435.734680	28.165930	52.825737
793.799194	435.734680	28.165930	52.825737
793.799194	435.734680	28.165930	52.825737
774.324036	491.963074	29.544735	57.282318
774.324036	491.963074	29.544735	57.282318
774.324036	491.963074	29.544735	57.282318
777.854919	501.654633	26.922642	59.419346
777.069397	505.998383	28.787222	54.408154
777.466736	509.614044	29.674511	54.863338
777.466736	509.614044	29.674511	54.863338
777.466736	509.614044	29.674511	54.863338
777.466736	509.614044	29.674511	54.863338
777.466736	509.614044	29.674511	54.863338
777.466736	509.614044	29.674511	54.863338
777.466736	509.614044	29.674511	54.863338
777.466736	509.614044	29.674511	54.863338
777.466736	509.614044	29.674511	54.863338
777.466736	509.614044	29.674511	54.863338
777.466736	509.614044	29.674511	54.863338
777.466736	509.614044	29.674511	54.863338
777.466736	509.614044	29.674511	54.863338
777.466736	509.614044	29.674511	54.863338
777.466736	509.614044	29.674511	54.863338
777.466736	509.614044	29.674511	54.863338
777.466736	509.614044	29.674511	54.863338
777.466736	509.614044	29.674511	54.863338
718.941040	607.656555	33.029327	54.110065
609.269531	462.169312	38.413265	69.374146
531.561401	437.466064	48.630051	54.375053
532.364197	438.722595	50.388638	43.156902
534.803894	443.940674	50.067715	35.182610
534.518860	444.102234	46.411469	34.201759
531.221924	437.161438	38.555981	42.022194
537.215515	446.001251	43.267147	33.186638
531.620117	446.132904	47.799011	30.339277
531.302063	446.258667	48.965923	34.464607
530.165283	445.810120	48.937305	35.215393
530.495728	445.223724	48.198254	37.997498
528.749878	446.711212	47.853195	33.131588
533.994507	447.290283	45.450165	35.301201
535.447632	449.116394	43.096684	30.681749
533.599487	447.420807	44.857033	35.957943
532.762024	448.549103	43.290554	33.020996
528.097107	447.290436	48.590984	35.320194
529.478638	448.526947	47.964024	34.241447
524.356079	446.981995	49.352993	35.360062
526.619141	448.423889	50.162914	33.858620
