568.000000	504.000000	11.000000	35.000000
569.268982	501.381287	10.896571	34.171146
568.405090	498.365234	11.765625	34.308250
566.565125	496.074493	11.824053	34.580894
565.161011	493.076813	11.050673	32.447224
563.952332	490.854401	11.440341	34.632629
563.764404	487.517456	11.776887	32.502445
562.577759	487.398285	12.913926	32.849178
561.339233	485.048523	12.813508	32.160591
558.452881	488.952118	11.600812	29.168936
557.969727	486.253571	11.551148	32.743526
557.207397	486.281342	12.438042	29.345179
555.127502	486.609100	14.021123	30.737965
553.057068	488.812439	12.170677	28.158413
550.408447	492.609467	11.785191	27.301859
574.772217	501.186676	10.888245	31.144716
574.772217	501.186676	10.888245	31.144716
574.772217	501.186676	10.888245	31.144716
574.772217	501.186676	10.888245	31.144716
555.824097	498.173859	13.019087	32.305008
557.498352	501.482788	13.092679	31.583014
564.302307	506.972351	11.055131	27.591925
565.837158	512.342957	11.850879	24.984760
566.842407	518.133362	11.757120	21.800383
568.700195	523.512634	11.273442	20.475943
572.275696	528.377991	10.284443	20.738554
572.275696	528.377991	10.284443	20.738554
574.918335	527.900269	11.926918	28.981113
574.918335	527.900269	11.926918	28.981113
577.030945	532.853333	14.391293	31.445654
577.030945	532.853333	14.391293	31.445654
617.972290	550.771545	12.067966	33.443211
582.794800	539.879089	14.103360	29.171745
584.293396	542.486755	15.091058	29.336596
586.990723	544.206299	13.553221	30.064072
586.990723	544.206299	13.553221	30.064072
591.763916	546.041199	12.329314	29.632444
630.100464	564.558777	10.128640	25.624353
628.086121	563.930725	14.048846	24.651760
598.210938	549.517395	12.805931	28.119795
601.719849	550.110352	13.857161	32.483772
602.305298	550.255371	15.356213	33.114876
604.719299	550.410645	15.459949	32.347305
607.179749	550.692322	14.457226	32.481678
608.477905	551.242065	14.767171	33.941589
609.258118	550.667114	14.386568	32.424557
608.671631	550.105347	16.204340	29.648851
610.669556	550.208557	15.017205	30.334150
611.720337	550.065063	12.741938	29.656496
612.210510	549.706116	12.878802	31.550119
611.862244	548.495850	12.571000	28.758768
612.004761	548.127136	11.891478	29.097527
611.916138	548.092163	11.807534	30.201916
610.874023	547.642517	11.651388	30.672991
607.440735	547.450500	13.584217	31.712803
605.141724	546.028809	13.533118	32.284676
602.224487	545.754150	13.360737	31.036354
600.975342	545.205933	14.453049	31.264345
600.855591	544.709106	13.820059	31.441961
599.436279	541.740051	15.125115	30.068913
598.259277	540.749634	13.308675	28.306826
597.630676	540.272888	11.563572	27.984880
598.403625	539.459412	11.196950	32.113529
598.134033	536.529724	13.293836	33.446739
596.998840	534.206909	13.134284	31.380560
595.753113	531.078613	13.365681	33.927437
595.555969	527.093689	15.299000	31.983242
594.685547	524.742798	16.016088	34.467281
594.591003	521.166199	15.364674	33.853802
594.434814	517.518005	15.426714	27.861902
594.748901	512.158203	12.507277	24.620947
594.698547	508.285400	11.330491	24.888681
595.305603	505.170685	11.036909	24.300009
594.810669	502.560059	10.253123	23.033077
594.471619	500.543182	10.277467	21.709078
593.693298	497.449707	11.009801	21.688046
592.688354	494.228210	11.862391	29.597420
592.386963	491.042358	11.081603	30.781443
591.308899	488.066772	10.913617	30.757998
590.858704	484.658417	11.329105	31.202259
591.157593	481.188263	11.561453	31.329004
591.529602	477.640076	10.964465	30.937574
590.922485	474.909698	10.283241	30.239702
590.578125	471.202057	11.100053	31.036219
590.044312	466.515472	10.021866	31.715714
588.681152	463.943085	11.227043	31.504339
587.704895	461.590088	11.139411	31.362932
586.095825	457.556213	12.206401	30.458422
584.757263	454.657166	12.025861	29.922363
584.232910	450.916718	11.376407	29.698193
583.150024	449.621246	13.929868	29.600916
582.374756	446.933350	14.970951	29.969248
581.512695	445.144135	14.735258	30.116426
580.678162	445.218384	13.658045	28.992409
580.696838	445.426239	13.756530	29.243795
580.273132	445.142059	14.316375	28.648945
579.373169	444.656036	13.676698	28.830612
578.625244	445.535522	14.877016	28.310987
578.032349	444.780426	15.090737	28.556051
578.108276	444.598236	14.024629	28.646009
578.433411	443.586151	12.171050	29.057398
578.427795	443.577667	12.017612	29.131834
578.607544	443.050568	11.663166	30.403564
577.591187	441.925659	11.996979	30.612810
576.417603	441.326874	12.082307	30.247282
576.124146	440.462097	11.164952	30.696918
575.878113	438.340698	10.329391	32.380421
576.393372	436.081940	10.024656	34.279942
577.097290	434.790619	11.402241	32.402920
579.926331	433.511658	10.728849	29.651100
582.653687	431.380402	11.763133	26.652159
584.858215	429.522461	10.661387	27.652571
587.182251	427.870758	10.930023	28.754196
588.357117	427.177338	13.658872	28.201254
593.450745	425.608887	13.081518	29.517242
597.432495	424.395081	14.568693	28.972305
600.975647	424.244446	12.066784	29.142595
603.937683	423.406677	13.128285	28.946869
605.297302	422.868103	15.037617	28.609898
609.255005	424.656097	13.122527	28.621235
616.549744	422.611969	9.305490	25.371540
619.848267	420.117676	10.689646	24.876097
621.821228	418.900452	13.117147	26.335737
624.593750	417.487335	13.236959	25.498741
628.928162	416.347992	11.375448	31.214588
629.859375	415.315613	11.478226	32.524963
633.224243	412.708984	10.060017	30.676363
635.640930	412.494598	11.736115	31.090788
635.852966	413.200592	14.705859	29.572214
639.867859	412.498627	12.488031	29.505827
643.387146	417.256836	9.750024	24.883444
645.364563	415.390961	10.430673	26.185738
648.167297	412.112396	10.084824	25.879841
652.127563	406.608063	12.406816	27.844975
654.158508	407.707764	12.059402	28.066551
658.380798	408.314667	10.450349	27.043655
662.162842	405.196136	13.257120	28.358343
666.546570	404.624268	11.933433	28.952818
668.572632	405.336975	14.081226	27.313992
677.787720	407.015167	16.648834	28.933640
681.003296	407.623016	17.163126	29.023056
688.036438	408.656097	14.387165	28.029732
690.367371	410.861755	18.230114	28.238083
698.329102	411.750244	14.871395	29.613747
700.567627	413.497223	17.816315	29.664976
706.931458	415.232941	15.509133	29.973745
711.888794	417.006927	16.658382	28.591396
715.085938	419.544983	19.726954	29.136936
723.625061	421.163544	15.878921	29.946760
726.228088	422.953705	17.868813	30.854984
733.780029	424.576599	17.591076	29.951708
738.305786	427.422180	17.378347	28.766659
741.161377	430.213379	19.264387	29.296577
749.866272	431.934265	15.466681	30.144863
753.558411	432.565094	16.839102	30.917185
761.144958	434.175171	16.384993	30.063826
764.104492	436.492828	18.893301	28.587000
766.524414	439.007751	22.598631	27.397493
777.869446	440.269440	17.658684	30.057520
779.578369	441.885193	20.045935	29.008598
786.555603	443.409943	16.881645	26.986792
787.722961	444.991516	18.328785	24.533890
788.602844	445.832245	16.247559	23.985239
784.518677	442.840942	17.339121	28.475111
782.224304	442.695709	16.592049	29.084332
779.537964	442.637024	19.333916	29.364006
783.527405	442.622223	17.273291	29.268484
783.265442	442.904663	13.984603	31.080584
786.529724	440.730530	13.191466	30.958529
785.303223	442.026031	13.861062	28.067200
782.605225	440.968658	17.181599	27.918966
787.805237	441.025116	14.669518	28.658445
786.901855	438.635101	14.853429	30.748947
787.164001	439.071991	14.151097	30.226723
787.574036	437.265625	13.206147	28.325907
787.623596	437.794434	14.763777	28.082588
792.272400	436.109558	13.990063	28.894205
793.406128	436.256287	10.976467	30.879745
793.715088	435.387054	11.405458	30.282768
793.532776	434.941498	12.711329	27.071451
795.708557	435.411713	12.352474	26.596338
798.104553	435.927582	10.659392	28.342020
798.309204	435.356689	12.460344	30.410252
799.012573	436.856720	10.828891	28.588879
796.238525	438.083984	15.195665	25.454962
794.226624	440.937103	19.422194	23.942936
792.022217	442.419708	21.281965	22.792015
788.669006	444.714203	20.989136	22.187572
785.045044	445.465637	20.506493	22.705278
779.679382	445.811249	19.941076	22.169266
776.628113	446.960175	20.467842	21.265276
774.438477	447.272949	19.929331	21.895676
774.018799	447.533051	18.369036	26.065237
771.834229	448.042297	16.150377	26.911848
770.843201	448.384460	15.763677	26.832794
770.409668	448.842621	13.397439	27.926661
770.089355	451.087433	13.322200	27.700916
770.471191	454.518616	13.776717	26.293999
771.567383	458.313446	14.230762	24.300827
772.362732	461.706940	17.034595	24.189341
773.316895	462.397736	16.809601	23.923635
772.817993	462.880188	18.983261	24.573534
770.863464	465.493835	16.309534	23.171291
770.686462	466.102020	16.273281	23.128222
768.490479	465.429932	18.515980	25.261751
766.431702	464.175415	14.758643	27.464912
763.650269	463.912537	12.207843	31.036842
760.792358	465.728882	12.257045	30.014116
759.172791	466.675232	11.875685	29.664093
757.476746	467.214630	12.706742	29.451572
754.710388	468.318848	11.111244	28.538820
753.806396	467.872406	13.071418	29.162466
754.086731	468.625854	11.068916	31.699780
752.718567	468.967010	15.037299	32.077602
752.518555	471.712097	17.704702	30.133717
753.402405	476.278656	17.116018	27.018946
751.766907	477.873413	16.366333	26.580635
750.889832	477.504425	18.370247	27.341211
751.116028	476.649658	15.185188	28.849722
750.614014	475.617706	15.598140	30.617851
750.349365	474.477417	15.938302	31.838276
751.969604	474.074188	14.820693	32.189655
752.396729	474.246643	14.749789	31.363077
752.765503	474.270874	14.393742	31.581936
753.379700	473.092163	14.293298	31.994888
753.752136	469.882965	14.671229	34.123520
754.522217	468.920685	15.550133	31.034601
756.347656	469.731232	14.021228	29.312893
758.046570	467.078491	13.992916	29.454178
759.548950	465.183319	12.855889	30.875608
759.045410	462.478699	13.573268	33.111523
758.203308	459.469757	13.162134	30.544357
757.695557	456.600616	13.283213	31.104366
756.191589	451.608032	13.350130	31.015177
753.507263	449.969330	12.011112	32.037800
749.899414	444.653809	12.716357	34.675701
745.326355	440.611755	12.455120	31.651255
740.235596	437.981018	12.567504	31.725817
737.934814	433.950867	11.772463	31.252144
734.669128	430.567169	12.011178	32.974358
731.151917	427.481323	11.334636	33.166008
727.173584	424.677704	11.807457	30.253891
724.979248	420.579620	12.031590	32.123867
723.822388	416.803833	11.842794	31.340345
722.031189	415.182343	11.779833	32.023937
720.145325	411.412079	11.083873	32.070694
716.168335	409.166321	11.824248	30.107141
712.999939	406.949951	13.124958	31.262604
712.931641	402.686859	11.067544	31.081951
710.327576	399.854736	11.044277	32.768726
705.969116	398.907593	11.338552	29.228615
702.525635	394.467865	11.990428	31.093922
699.392700	392.490845	12.264545	30.932898
697.152710	389.895874	10.551823	29.758411
692.850952	387.948792	10.560055	30.941660
688.279541	385.669373	10.178235	28.324453
682.564148	381.958008	11.605951	30.224993
677.561951	381.573029	10.932920	27.756296
671.748413	377.953278	10.714549	29.584314
666.728577	376.609406	11.061089	29.620857
663.022461	373.524048	10.483232	27.040068
661.123291	370.730499	11.367994	29.955847
661.457520	368.299713	10.387573	29.112658
661.120605	367.279633	11.623647	29.574625
659.760864	364.265167	11.589298	30.027750
658.881470	364.310120	11.146355	27.573452
658.646912	364.201782	11.171592	27.272631
658.951233	363.085907	9.470078	25.647198
657.148315	361.716309	11.115102	28.835682
655.822388	361.027863	11.235898	29.342962
653.816589	361.587280	10.802837	27.818180
652.619385	362.377472	11.160258	29.756544
653.568909	363.476959	11.528014	24.797184
654.400024	363.089539	11.132499	25.718309
653.844971	364.560638	12.726383	26.257059
655.067383	366.569244	10.894072	26.924793
656.427673	369.500763	10.916929	27.370890
657.899231	371.381683	10.995219	27.664778
660.748047	370.155731	13.453049	29.416620
662.889771	370.714874	12.177475	31.592533
664.393616	371.819244	12.320353	28.514362
665.849670	372.373688	11.436559	29.398573
668.341003	371.858063	11.749928	30.871122
671.138794	373.098999	11.130288	29.948433
673.245544	374.190125	10.725346	30.266924
675.632141	373.368011	10.684315	26.122610
679.771667	372.637939	11.717427	28.243807
682.554993	370.268158	12.555293	29.361195
685.843872	371.582703	10.432384	31.309509
686.563965	370.339203	11.609193	31.312033
688.746521	370.019745	11.725327	30.280851
690.734802	368.984863	12.034600	31.893444
694.388306	368.348114	11.031873	30.042253
695.788513	368.584991	11.717877	29.578993
698.016663	367.669952	10.202668	31.285931
699.051208	367.723938	10.390483	29.698568
700.562378	367.539978	10.551541	30.656792
702.299133	367.483398	10.718312	30.255337
703.779541	366.886597	10.647306	28.849089
705.165222	367.332184	10.233692	30.579227
705.268738	368.305054	10.311290	28.967524
705.412415	366.424042	11.274967	29.428886
707.029968	366.955414	11.237894	29.036060
708.773560	367.266449	11.084871	27.544371
710.315369	366.362946	10.701632	28.423326
711.614563	367.643738	10.350083	28.963352
711.880615	366.542053	10.956187	27.712828
712.696106	366.301392	11.348511	28.343081
713.447205	365.718018	12.498240	27.749203
715.656250	363.100739	11.295282	29.078108
716.372864	363.274750	11.154620	30.380299
717.395996	360.203918	10.743481	30.746510
717.629517	359.981659	10.816955	29.577435
718.475952	358.721863	11.491477	29.863058
720.817993	356.474182	10.931032	29.035278
721.895630	355.747528	11.149747	30.641191
722.350952	354.247498	10.730897	29.751215
723.303589	354.379730	10.996698	27.362406
724.390320	351.785919	11.065104	29.124964
725.611816	350.068115	10.417430	28.998280
726.358765	349.134033	9.351899	27.321352
725.510620	347.922974	10.146852	26.676451
726.497070	345.220215	9.826869	26.188751
726.120361	343.592529	9.710464	27.071293
724.791687	342.728851	10.374943	28.881271
723.645569	343.983521	11.415835	29.256975
723.443481	343.529877	14.000377	29.235571
725.512695	342.275421	12.550482	29.786100
726.500916	341.927582	10.255799	29.949423
725.424683	340.384521	10.552591	28.694265
723.230652	340.621307	11.479087	26.521065
722.142090	338.282166	12.353985	29.733286
723.084045	338.351410	11.468740	27.674200
722.831482	338.471313	9.550505	28.727348
720.398132	337.948059	10.916036	26.578728
718.927917	336.813721	11.984819	28.261362
718.796265	336.460663	10.476280	28.026560
718.149658	335.808960	10.251928	28.163225
717.177979	335.780060	10.085714	28.931259
714.182861	336.387970	10.441391	25.422478
713.665100	336.325195	9.972258	26.113483
713.351257	333.391602	9.855066	26.525543
712.289124	333.605408	10.343894	26.537563
710.728638	332.728271	9.995386	28.450249
708.909302	332.042206	10.326347	28.009830
707.328369	331.832031	10.604473	28.582893
706.991028	328.624573	12.268871	29.225353
705.593689	327.573456	9.832773	28.587313
705.309509	327.966461	9.850549	26.971111
705.551392	327.176910	10.712502	26.902386
704.967651	327.662720	11.159033	26.753819
704.685852	328.113922	10.324689	27.157003
705.020508	325.478790	10.349139	25.917696
704.184448	326.847015	10.531767	24.719784
704.095032	325.973450	9.925865	25.675255
703.301941	322.546875	12.028302	27.683928
702.810303	322.405457	10.839783	28.786997
702.809326	320.961243	10.219777	28.474531
701.426514	321.001709	10.806414	28.768522
702.475525	320.857056	10.541844	29.278322
702.509949	319.845459	10.183280	28.991444
701.989929	320.043365	10.989443	30.063705
702.031311	319.043030	10.725651	28.487209
701.307556	319.291931	11.845432	26.881992
701.579529	319.341797	12.782075	27.578091
701.426086	319.058563	13.754091	28.276241
703.977905	319.645508	11.408020	29.266056
704.265564	318.869019	10.665963	28.674723
704.718811	318.938293	9.931314	29.745775
705.602905	318.006348	10.538503	28.077484
704.618530	318.783813	11.270923	29.927834
703.866333	318.676910	10.788411	27.826378
703.971985	319.421844	9.368561	28.465921
703.565002	318.523682	10.361076	29.737959
704.594177	318.619537	10.035870	28.830175
703.660706	319.327515	9.654993	29.861536
702.681152	318.592438	9.934999	28.390488
701.489258	319.767120	9.824853	29.676308
700.880188	319.452332	10.408315	28.621227
700.164246	318.917297	10.901406	30.151499
698.170959	320.755188	10.977623	29.848047
697.909058	319.801178	10.463158	28.671871
696.510864	319.742981	11.234131	30.902431
695.977844	319.885956	11.948545	29.302910
694.814209	321.353638	11.977172	29.846636
694.645386	320.014954	12.298850	29.706911
694.282837	321.131226	10.837648	28.003876
693.900574	321.393951	11.619222	30.219345
694.066467	321.481476	10.901189	27.813204
693.905884	321.816681	11.815179	29.502947
692.524475	322.054901	11.947345	28.208799
691.287415	322.708130	10.394016	29.560812
689.780457	322.976898	10.836444	30.569452
689.189941	321.991241	10.865925	29.411549
685.755493	323.065399	13.124589	31.064205
684.120422	322.380280	13.181325	29.049082
681.193909	324.112793	11.857145	29.222235
681.357483	325.455627	11.982568	27.285624
679.982422	328.531494	10.964400	26.090624
678.128601	329.227722	11.665367	22.958143
673.914001	331.654694	12.781492	22.314585
674.069092	325.551208	10.541684	26.488188
671.940613	324.914642	12.079548	28.315371
668.058533	326.770355	12.521521	26.948160
666.628235	327.339294	11.113266	26.359711
663.784790	326.792908	12.424891	28.994501
662.846558	324.078278	11.188825	28.526531
660.327454	326.190430	11.901761	27.215441
658.107300	326.466431	12.534001	27.991434
654.694824	327.380219	11.715515	27.410883
653.686096	328.509308	11.809849	28.229494
652.372559	329.059875	12.139958	28.144299
651.069153	331.362854	11.333172	25.839193
648.243469	333.128113	11.563235	26.450052
646.825317	335.623962	11.729370	26.444704
646.187195	338.025269	10.780634	25.861242
645.335815	337.456512	11.623590	29.197683
643.345337	338.637054	14.805527	29.085325
642.936523	340.591949	15.336244	29.460482
640.515808	343.430725	15.134639	30.271677
639.004456	346.616577	15.560127	30.571852
636.993408	349.995575	16.396536	29.195656
634.206299	353.995239	13.725726	29.898291
633.686218	358.312500	12.246700	28.719576
632.738159	362.087677	12.268894	28.444210
631.484619	365.136993	15.330733	27.686052
631.968262	368.486969	12.632267	28.450436
631.044739	372.117828	12.917185	27.750147
630.377686	375.680267	12.407022	24.144796
626.787109	375.006592	14.602525	26.948467
624.507080	376.587769	14.174144	29.641266
622.528442	380.820953	12.889132	28.410463
622.005066	383.260101	13.676491	28.232918
619.139160	383.830261	15.459901	28.004156
616.983582	384.311188	15.065250	28.022528
616.845520	386.830444	13.329670	27.298208
614.744324	386.948761	12.995457	27.430136
610.377258	387.213318	14.351835	30.998049
609.962097	388.716461	12.310337	30.840071
605.207642	391.521393	13.256732	29.340096
602.725891	392.928680	13.428035	28.114618
599.933228	393.912567	12.983875	29.550558
598.677124	395.187378	12.148657	30.854118
596.533264	399.030334	11.648023	25.590195
593.936340	397.641327	11.787354	27.171684
591.412476	398.280609	10.562846	28.737715
589.265991	400.218262	9.649327	24.774759
565.832031	406.576660	10.238951	24.376223
528.054199	449.195160	13.065655	21.622169
526.365173	440.914825	14.609091	26.017895
524.098694	433.398438	14.766278	39.572277
484.331299	452.123962	13.224432	33.145760
451.575775	464.921204	12.485375	36.488907
415.698273	475.535858	14.500333	30.040956
383.776398	479.008240	15.064276	34.432903
345.942657	492.998932	12.150075	31.768454
311.856384	503.987610	16.137920	30.131823
271.858948	514.171570	21.580214	28.745817
234.722458	584.715393	26.119343	23.485514
196.509995	595.918579	29.141205	20.595688
154.040909	602.512390	29.801327	28.834391
93.789093	617.056702	33.798759	28.102522
45.191322	638.786194	32.503872	23.503119
29.171215	641.463074	27.508209	25.302477
30.017946	641.277405	22.409206	30.227213
28.481562	635.399719	16.248592	36.459263
26.496391	636.450256	12.862015	41.951672
26.287987	639.922791	8.497788	43.219238
20.595516	640.630249	9.649834	48.271488
23.220535	633.248352	11.145730	53.761917
25.924263	632.840942	12.744018	48.993374
25.883284	630.689880	13.314754	46.487457
25.139370	627.353271	15.625054	43.237450
25.463749	627.536194	15.862235	46.376266
25.972822	619.720215	19.646275	51.527485
29.990114	608.750366	22.692600	54.005047
34.476089	598.967896	21.650406	61.689865
40.885189	584.811707	15.026065	66.815880
38.929230	587.344849	13.609615	68.122597
36.895367	589.876465	12.920258	67.246315
34.151409	590.484070	14.216191	67.411339
34.189278	590.974792	13.348269	67.453262
32.207336	593.405151	12.289583	65.997421
29.090282	596.463440	18.295351	78.384132
37.451313	575.441650	30.162050	84.532814
266.354736	596.849121	24.773802	78.241577
271.165466	589.179382	22.456728	66.724930
275.717010	632.043579	22.991693	35.363358
281.044586	635.278931	18.745596	31.386913
284.692841	637.429443	21.242699	30.974310
287.182922	640.638000	18.944427	31.290014
289.285492	646.426941	22.792038	31.839230
289.724609	653.307861	20.705259	30.118301
289.518524	661.257629	26.739986	31.856976
286.610168	669.939514	24.147886	29.058615
282.740326	680.185364	23.628880	31.185787
271.273102	702.248291	21.769314	24.755110
234.409805	658.282776	23.945515	24.960455
188.125534	644.310730	28.538538	27.899343
137.179077	635.722046	30.790356	29.025818
208.920822	691.084167	28.044033	26.181856
163.957275	637.870361	31.030457	31.006851
124.159996	690.523071	31.964834	27.409679
79.156296	635.643738	24.108328	30.433163
41.933910	680.051453	23.591133	41.799294
35.659271	627.483765	23.466488	46.938923
32.105957	622.409302	28.476894	55.810158
38.590469	578.790344	23.548983	62.276001
41.822945	579.674866	17.349335	65.604828
34.270966	579.317078	23.674913	68.463875
41.601128	584.272400	21.352262	66.085808
42.473522	585.270630	13.599108	68.637505
33.548843	581.285339	16.525061	66.023056
34.721802	585.534607	21.611586	66.723000
43.674309	586.561768	13.343472	67.678116
35.192173	582.908020	12.371158	63.605648
33.426506	582.625366	12.204743	63.100105
29.420303	584.785400	16.931276	62.944607
34.425106	587.981750	18.335306	67.379005
36.750542	586.549805	22.404642	70.114319
43.936176	587.309692	18.183298	72.545349
36.781742	587.632690	24.092516	72.062752
58.683666	668.076050	31.365120	66.156830
65.345680	666.911133	27.130972	65.226227
39.663658	585.368652	27.418993	71.811417
45.633041	590.250305	21.899235	67.295334
36.220886	588.153503	29.625841	65.854752
