0.104694
0.065128
0.064384
0.066172
0.064502
0.064486
0.064759
0.065159
0.064482
0.064479
0.064064
0.064534
0.064108
0.065140
0.064447
0.062527
0.063503
0.064664
0.064356
0.066730
0.068413
0.066367
0.063705
0.064179
0.062651
0.064297
0.064919
0.064548
0.065123
0.065017
0.062684
0.064289
0.065866
0.063887
0.064139
0.063521
0.060641
0.062526
0.063646
0.060393
0.073656
0.062729
0.061427
0.062511
0.060653
0.060833
0.062296
0.062234
0.060331
0.062322
0.062257
0.061872
0.062061
0.062273
0.062526
0.064728
0.065611
0.069296
0.065666
0.062266
0.066837
0.062895
0.060637
0.063084
0.062575
0.063015
0.060776
0.062316
0.061679
0.062725
0.063402
0.060472
0.060768
0.062582
0.062664
0.042235
0.063374
0.060510
0.062421
0.062498
0.073329
0.063628
0.063185
0.061369
0.062350
0.041654
0.041706
0.041265
0.042980
0.043036
0.042980
0.043441
0.043287
0.043279
0.043002
0.043316
0.041479
0.042937
0.044364
0.045099
0.075711
0.062475
0.064338
0.064452
0.043295
0.041156
0.064898
0.063751
0.064684
0.064320
0.062301
0.062270
0.065071
0.064777
0.063691
0.063581
0.061644
0.064237
0.062444
0.060851
0.074090
0.062422
0.062144
0.063302
0.062685
0.064283
0.063013
0.063789
0.063886
0.063277
0.063853
0.064090
0.063371
0.063273
0.064192
0.063236
0.062880
0.063526
0.064539
0.063287
0.074428
0.062929
0.063855
0.063438
0.063229
0.062799
0.062820
0.060394
0.062634
0.060396
0.061762
0.064509
0.063230
0.062879
0.062428
0.064150
0.063580
0.063035
0.062956
0.061023
0.073042
0.060343
0.063212
0.063420
0.064854
0.061139
0.062095
0.062196
0.062870
0.064062
0.062516
0.062492
0.062338
0.062620
0.062706
0.062902
0.063164
0.063363
0.063545
0.063031
0.072312
0.061077
0.063147
0.063656
0.063549
0.063579
0.062290
0.063489
0.064681
0.063762
0.063874
0.064407
0.063817
0.063419
0.063265
0.064134
0.063668
0.064434
0.064137
0.063622
0.073583
0.062705
0.064447
0.042993
0.065903
0.064170
0.064155
0.063329
0.064087
0.061402
0.064226
0.043054
0.063532
0.043127
0.043377
0.063937
0.063951
0.064240
0.065395
0.064452
