0.094398
0.063538
0.064186
0.062887
0.062724
0.062398
0.061006
0.062520
0.062169
0.063192
0.062271
0.060802
0.061437
0.063107
0.063125
0.064188
0.064551
0.061635
0.062767
0.062362
0.070415
0.062484
0.063002
0.062067
0.062502
0.060816
0.062339
0.061138
0.061286
0.064530
0.061054
0.061946
0.062391
0.060158
0.062203
0.064035
0.062674
0.063067
0.066248
0.066026
0.071391
0.065619
0.062829
0.061803
0.060494
0.063074
0.062951
0.062587
0.067762
0.066474
0.062861
0.062568
0.062226
0.062360
0.064024
0.062335
0.064578
0.063465
0.060632
0.062505
0.074311
0.060908
0.060311
0.062433
0.062419
0.061799
0.062267
0.064106
0.062682
0.061381
0.064552
0.061046
0.062661
0.062335
0.062923
0.060326
0.062407
0.062520
0.060372
0.062222
0.074737
0.060514
0.063059
0.061223
0.063387
0.062690
0.060498
0.061927
0.062420
0.063133
0.060717
0.063079
0.061419
0.063234
0.062678
0.060437
0.060631
0.063872
0.062576
0.062630
0.075014
0.060530
0.062968
0.062843
0.060368
0.062271
0.063059
0.060962
0.062879
0.062874
0.061320
0.063311
0.063153
0.064803
0.063066
0.063000
0.060579
0.060617
0.062413
0.063745
0.074790
0.063548
0.063087
0.060975
0.063796
0.061124
0.062707
0.063048
0.063093
0.063043
0.063004
0.061077
0.064487
0.062752
0.062970
0.062886
0.062006
0.063332
0.061343
0.061746
0.074206
0.062878
0.062827
0.060921
0.060790
0.063792
0.062965
0.060857
0.062570
0.062351
0.060760
0.065246
0.063026
0.062354
0.062430
0.062510
0.060353
0.062500
0.061773
0.062928
0.074475
0.063201
0.063297
0.062728
0.063786
0.063242
0.062721
0.060502
0.060290
0.062374
0.062598
0.064413
0.064396
0.062422
0.067139
0.064252
0.064446
0.062802
0.063242
0.064392
0.073140
0.063651
0.063717
0.062309
0.065170
0.063944
0.063701
0.063398
0.063302
0.063122
0.064972
0.064771
0.062122
0.064363
0.063716
0.063669
0.061773
0.064225
0.063344
0.063533
0.074761
0.065025
0.063393
0.063316
0.064568
0.064252
0.063750
0.061615
0.063684
0.062114
0.062163
0.063563
0.063632
0.063523
0.062788
0.062690
0.064149
0.062676
0.064699
0.063152
0.074145
0.063057
0.062737
0.062620
0.060100
0.062431
0.060894
0.064325
0.063159
0.062233
0.063444
0.065383
0.063392
0.064212
0.063150
0.064604
0.063120
0.061014
0.063011
0.063098
0.073904
0.063680
0.061468
0.061059
0.062707
0.063428
0.060548
0.062835
0.061311
0.061430
0.063073
0.060961
0.063167
0.062851
0.062632
0.063277
0.061874
0.062308
0.060859
0.060726
0.073932
0.063769
0.062023
0.062564
0.062318
0.062359
0.062057
0.061987
0.064162
0.062091
0.060921
0.060573
0.064350
0.060997
0.064105
0.065573
0.063864
0.063098
0.063030
0.062415
0.074568
0.061484
0.060648
0.062574
0.063085
0.062961
0.063243
0.063964
0.062673
0.062539
0.062549
0.062484
0.063069
0.063070
0.061399
0.062550
0.062571
0.062345
0.062735
0.064163
0.074562
0.062076
0.062523
0.062047
0.062576
0.061959
0.062778
0.060822
0.062068
0.062351
0.062474
0.062409
0.062837
0.063869
0.060316
0.060498
0.062587
0.060680
0.062234
0.062568
0.069473
0.068427
0.065807
0.060074
0.063419
0.062931
0.064349
0.060362
0.062617
0.060140
0.060206
0.062194
0.060588
0.063141
0.062134
0.062128
0.062373
0.062460
0.062265
0.064641
0.071996
0.063399
0.062380
0.061963
0.060034
0.062642
0.062958
0.062855
0.060808
0.062423
0.062849
0.062934
0.064070
0.063884
0.063015
0.062635
0.062541
0.062751
0.062970
0.062693
0.073456
0.062135
0.060121
0.062621
0.063679
0.064242
0.065261
0.062608
0.063468
0.064289
0.064062
0.064232
0.062201
0.063233
0.061483
0.062505
0.062886
0.060580
0.061892
0.062807
0.074927
0.061640
0.063156
0.063344
0.061722
0.063790
0.062903
0.061363
0.062833
0.060913
0.063514
0.064193
0.061159
0.061247
0.063398
0.060915
0.060937
0.060985
0.062747
0.062310
0.074003
0.061356
0.061909
0.062497
0.063781
0.062588
0.060891
0.064358
0.063806
0.063065
0.063081
0.060916
0.063158
0.060715
0.060190
0.062024
0.062076
0.063872
0.062108
0.060639
0.074081
0.063807
0.062814
0.063762
0.064125
0.063759
0.061954
0.064250
0.063610
0.064327
0.064550
0.061827
0.067093
0.063728
0.062732
0.060910
0.063787
0.063313
0.063068
0.062979
0.072286
0.063222
0.062838
0.061812
0.063313
0.062799
0.063522
0.064470
0.064238
0.062965
0.063364
0.064183
0.064386
0.063149
0.062715
0.063148
0.063769
0.061355
0.063344
0.061613
0.074251
0.062072
0.063574
0.062731
0.062652
0.062735
0.060480
0.062594
0.061047
0.063653
0.063326
0.063212
0.063123
0.061186
0.062187
0.063896
0.062414
0.060456
0.065086
0.067089
0.077155
0.068685
0.071839
0.077955
0.069153
0.063861
0.061099
0.064230
0.061483
0.062930
0.060636
0.079200
0.077497
0.065322
0.070591
0.088896
0.090672
0.065747
0.064453
0.085503
0.115570
0.063168
0.063404
0.062311
0.061644
