671.000000	414.000000	31.000000	60.000000
672.920776	414.271912	30.610882	59.430527
672.811279	413.865051	30.791515	58.697327
672.964111	416.644531	30.490549	58.057720
672.678223	415.477600	30.968142	58.733456
672.842407	416.115295	31.079107	58.721600
673.258484	417.110870	31.063137	60.368576
672.672607	417.547180	30.875923	64.450050
673.026611	418.161316	31.403664	62.623299
672.690552	419.832947	31.232798	61.781883
672.940125	419.608643	30.993576	61.700615
673.413879	420.709351	30.688551	60.627728
673.593323	420.579163	31.214632	60.169182
673.636353	422.445251	30.968964	64.355988
673.945679	422.248688	29.760674	64.296791
673.854614	422.177612	29.841877	64.767532
674.314514	423.481720	29.845692	63.837887
674.951965	422.776245	28.827244	63.923763
675.211914	422.867065	28.680416	63.179462
675.463623	423.497009	28.930016	66.176865
675.839050	424.081818	28.874155	64.017151
675.986572	424.529053	28.500933	62.662006
676.014709	424.827698	28.923569	64.917068
675.837708	424.522980	29.265314	63.086109
676.158020	425.331482	28.127323	59.361546
676.683960	425.531647	28.735094	60.467327
676.037964	425.102570	28.613754	58.598377
676.406738	425.571991	29.089621	61.282627
676.562073	425.497772	28.965200	58.805798
676.949158	425.481140	29.762701	60.383514
677.586182	426.453033	28.520201	63.642746
677.768738	425.823914	28.696836	65.221825
677.622559	425.492767	29.128620	65.744736
677.849060	425.562378	29.346569	65.317719
677.774902	425.880463	30.104725	62.562443
678.152466	426.861237	30.328741	66.215652
678.025513	427.237305	30.476355	64.378990
678.083740	425.983795	31.146572	64.746620
678.036377	426.045959	31.189934	63.944225
678.139648	425.425110	30.962502	64.878685
678.237427	425.996857	30.911602	65.189781
677.934387	426.422974	31.495163	65.243134
678.104858	426.891296	32.353413	65.519684
678.404785	427.156860	32.118996	65.854515
679.319580	427.798340	31.641722	65.283836
679.216980	428.149475	32.910843	64.169930
679.223145	428.090790	32.244766	64.230003
679.846375	428.088318	32.243992	64.574631
680.228638	427.919250	32.091789	64.785362
681.312683	429.082672	30.797064	64.332222
680.334717	428.242859	33.301781	65.286995
681.799561	427.886200	31.598282	67.237076
682.347107	428.659607	31.571901	66.366280
683.215637	428.420502	30.647343	65.799568
683.174866	427.928314	31.341911	67.590782
684.109802	430.300629	30.527588	65.630875
685.448364	429.960724	30.006697	65.080772
685.682373	428.584747	30.185005	67.432175
686.865112	430.554077	29.239395	65.768990
687.267334	432.044647	30.568691	64.643967
688.534058	431.697540	29.509348	65.984093
688.510193	431.437958	30.041553	65.297401
689.175659	432.022308	29.610338	64.043144
689.604553	433.225861	29.699966	62.513180
690.020996	434.439117	29.442722	60.517330
690.353333	433.941101	29.925755	61.403107
692.009583	435.310638	29.988022	60.201962
691.561646	436.193176	30.648685	62.831825
692.480042	436.919342	29.600224	62.166821
693.641785	437.123871	29.280922	60.516491
694.060242	437.023956	29.503914	62.513741
695.063477	436.994476	28.176466	62.503002
695.527100	438.612488	28.328129	61.564072
696.828186	438.695007	28.392265	62.545174
697.045288	438.602875	29.190948	64.612305
698.270142	438.766907	28.655241	63.687859
699.091675	439.228973	29.552872	65.515015
699.578003	439.590332	29.852432	64.276031
700.546875	439.553497	28.893847	63.555130
701.295532	440.018005	29.569010	63.517292
702.330627	440.610352	28.173637	61.047150
703.637451	440.411194	28.427044	62.947651
703.362122	441.168823	29.143188	63.815079
705.031738	441.495239	29.093555	65.373604
704.987488	441.536469	28.812637	62.091923
707.023315	442.379883	27.780993	62.788395
707.628235	442.023651	28.558849	65.290855
707.805237	442.998566	27.913361	61.194683
708.866211	442.251587	28.331404	65.809509
708.856201	443.336639	28.340250	59.358036
708.809509	442.730896	29.252180	61.191772
709.627502	442.157501	28.385357	63.803013
710.498474	441.470245	28.750841	67.003281
709.392212	442.505585	29.504368	63.002556
710.726379	440.900146	28.144032	62.758465
710.594116	440.601227	29.379602	66.337357
711.031433	440.580688	28.700426	64.463203
711.403931	439.711365	28.807211	63.770523
711.271851	437.694946	29.453430	66.062164
711.018494	436.881927	29.920206	66.041565
711.526794	436.537292	29.070744	65.763695
711.289001	436.984863	29.180153	63.325523
711.248535	435.539459	30.281076	64.037598
711.144531	435.025940	30.697321	64.754303
711.229736	434.439240	29.935902	62.255878
710.850525	433.461334	29.602497	63.395103
710.538391	433.084198	30.552843	63.747688
710.348999	432.375092	30.676287	63.194675
710.339050	432.179260	30.984079	63.210556
710.070374	431.462219	31.694452	64.036812
710.047668	431.302155	31.603924	63.950218
710.103149	430.866180	32.005463	64.715904
709.813904	430.251160	31.911640	65.120911
709.575195	430.763000	32.155960	65.524513
709.461609	430.217560	32.215950	64.998672
709.473389	430.952118	31.744436	63.561279
709.632568	430.614197	32.599171	65.034836
709.139160	430.794678	32.278282	64.050888
708.571106	430.793610	32.665260	64.816345
708.243958	430.728882	32.618572	62.983429
708.426819	431.179352	32.628414	61.831181
707.898804	431.403717	33.246758	62.616005
707.481750	431.408722	32.784592	59.776230
707.014648	431.216400	32.543598	59.271282
707.008606	430.880920	34.442711	61.520714
706.752380	432.911743	34.642326	62.101257
706.308289	431.941864	33.928967	59.619926
705.674255	431.733704	36.165695	63.369892
705.795959	432.697937	36.151745	59.756260
706.079834	433.165527	34.330219	56.613235
705.386108	432.692810	37.160007	62.426281
705.288391	432.346527	35.588631	60.455185
704.638123	431.361847	35.387230	61.634163
704.024414	432.342346	36.357254	61.931229
703.659241	432.672455	36.628139	59.188526
703.423523	431.926697	37.369545	62.228924
702.435181	432.186768	37.956459	61.226833
702.048706	432.044708	38.983116	61.694164
702.545715	432.421539	38.179874	60.147850
702.085693	430.624817	38.813141	59.192684
700.464294	430.261841	39.795242	54.907394
702.242920	430.453094	39.111637	52.699429
704.289795	430.075165	38.897793	54.349792
704.145935	428.486755	39.484589	57.812996
699.991699	426.673157	38.100632	57.754223
699.535034	426.244507	39.880806	55.600422
699.661011	425.363586	40.149197	54.982494
699.936707	425.079102	40.680267	55.403473
699.783569	424.579895	40.685856	53.977875
699.924988	424.803528	40.418503	52.099266
700.123230	422.972107	39.727161	52.121883
700.151733	423.187012	39.395992	55.208702
698.291748	422.163513	42.438732	57.379963
698.496765	422.324677	41.393566	58.615288
697.012939	422.135101	42.180527	59.910534
697.244080	421.170258	41.691460	60.063896
697.356384	421.228699	40.912140	59.054241
696.506165	421.298340	42.436417	61.840668
695.697998	420.831848	42.745804	61.214973
695.017090	420.175232	42.654739	60.209232
694.675781	420.192657	42.257824	58.651924
694.597046	419.531464	42.645805	58.806526
694.355408	420.187378	42.570427	60.275139
693.741882	420.964020	42.387661	60.155025
693.707397	421.633148	42.613548	58.085186
693.386292	420.921997	42.728519	59.359928
693.122864	421.464569	43.285454	58.607216
693.170532	422.115601	43.254982	58.454056
693.052368	421.918976	42.809280	58.305038
692.705872	421.564606	42.156651	59.400349
691.733704	421.441772	41.948944	59.643585
691.785461	422.251312	41.578129	59.580082
691.648254	423.083710	42.089550	57.626045
691.426392	422.825348	42.584995	58.353848
690.871399	423.352631	43.573139	58.459019
690.227905	422.962433	42.732441	58.686989
690.065247	422.426605	42.014164	58.382519
689.637817	422.782898	42.109287	57.439083
689.601013	424.115265	41.343395	56.423412
688.999756	425.338318	39.750362	54.941612
688.411499	425.689728	39.423195	54.602615
687.415771	425.653656	39.924061	54.548477
686.652161	425.487183	40.845871	54.827106
686.319824	425.043640	41.160069	56.078049
686.147644	424.887970	41.454525	57.312935
684.475098	423.306702	41.573517	58.919304
683.658508	424.343719	41.223972	56.281467
682.412964	423.071808	40.273701	50.107540
682.756836	422.998291	40.847866	46.374168
681.622131	422.062286	40.733696	49.291470
680.005493	422.136444	41.809998	49.000454
679.420288	421.560638	41.623531	49.295761
678.737915	421.150269	41.093323	51.641872
678.234741	422.117432	40.955936	49.522488
678.877014	422.063141	41.108238	52.158176
676.060059	420.770355	44.373669	55.493923
675.513855	421.517273	44.711021	55.871292
674.456238	420.562775	45.428570	56.364574
674.948303	422.081970	44.272732	55.451427
674.408813	421.294739	45.504398	56.547409
673.525696	420.867279	44.924007	56.860107
673.547668	421.382996	44.429459	56.193047
673.395935	420.268433	45.678207	57.060699
673.239075	421.048645	44.702984	55.236576
673.244690	420.433716	45.344608	56.267921
672.990845	420.319489	44.765568	56.410843
672.729065	420.703705	45.562416	56.186104
673.242310	419.200836	43.297108	57.517574
673.048889	417.487244	43.339382	55.086628
673.676086	417.482971	41.780727	56.040134
673.242188	416.368103	41.259930	53.593441
672.957397	416.490723	42.680405	55.144039
672.905212	417.177246	43.770515	56.745613
672.820129	418.125519	42.699318	56.136860
672.427246	417.367554	42.313877	56.491920
672.273743	417.490967	42.483711	56.973759
671.996460	416.377655	42.517635	56.832268
670.990051	416.759613	42.606812	55.187588
670.456909	417.669006	40.907852	54.456856
670.044678	418.032928	41.140568	54.557949
669.522766	418.010712	40.246883	53.603577
667.915771	419.208496	38.798866	52.091778
667.425537	419.448578	37.698914	48.534683
666.910522	420.905426	38.108608	48.300137
666.259094	421.323334	36.955158	46.448544
666.542480	422.300568	36.611233	45.665512
665.544617	422.330750	37.985741	48.544666
665.050964	422.936340	36.964203	47.868927
663.752258	423.932465	36.812183	49.200630
662.504272	424.310333	38.968021	49.775223
662.193481	425.848846	38.558205	50.870972
661.543945	426.689484	40.358551	51.010307
661.106018	429.585236	41.004318	53.293552
661.515381	429.662628	40.358295	53.630020
658.101074	430.570740	41.992619	51.922310
659.596985	431.561707	39.677162	52.634697
657.808655	433.494080	40.515034	51.632263
654.834534	434.997711	41.060963	50.133064
654.700256	435.313202	40.973831	51.528725
653.367676	437.595398	40.920773	48.976959
651.728455	438.439850	41.285660	48.653812
649.547729	439.061340	41.822292	49.638317
648.189758	440.333527	42.776970	49.726570
647.256287	440.725830	42.135574	46.735626
646.081543	441.456940	41.147820	47.751011
644.450500	441.167999	39.649395	48.416447
641.973694	442.441986	42.181160	48.651043
641.570374	442.224579	41.253391	49.031960
639.106018	444.172546	41.888443	47.733349
638.268738	446.391937	41.832474	46.972225
636.867737	447.735687	40.620407	43.827023
636.301392	447.223694	39.881950	44.968868
635.280762	446.423065	39.994331	48.068916
633.385986	444.990997	40.163845	50.203125
632.043579	445.782471	40.443588	50.303032
631.881165	447.700714	39.167339	48.139771
630.282959	449.262207	38.739674	45.355476
629.975525	447.438965	38.785439	48.157337
626.899475	449.596130	40.607567	46.991337
626.554626	449.861389	39.855686	45.901810
626.701477	450.458405	40.096039	46.442612
632.479004	452.048035	32.761578	44.530941
634.771484	453.142731	30.696333	42.883972
633.827026	453.747589	31.129230	34.418163
635.347046	452.999573	27.912731	33.903893
633.166565	452.877411	29.907196	33.880764
633.206787	454.142578	28.573441	32.569557
629.810547	452.554535	32.199375	36.324402
631.800659	456.052155	29.667021	30.271793
629.805725	453.896454	34.618172	34.923313
628.836975	456.617737	31.923071	31.997383
627.676758	455.084320	33.818813	33.059181
625.739136	457.325775	32.141602	31.076275
625.779053	458.826294	32.639374	29.351654
624.536194	458.671906	35.616318	30.279644
624.056213	455.378143	38.682209	34.324036
621.865417	454.012695	41.679241	38.518776
620.028992	453.693359	41.751774	48.251122
613.314636	452.535156	49.217125	47.561310
609.855042	451.938782	50.372387	49.152203
611.309570	455.555786	49.798775	44.754154
612.117676	451.066986	49.503529	49.975254
611.176819	454.186188	51.042465	45.991627
609.734436	456.785400	53.032593	43.761578
608.793640	454.743042	54.528324	46.566265
610.442078	456.196594	51.537872	45.121891
608.608765	456.113556	55.771133	45.204441
609.074829	456.399261	54.103920	46.059566
609.680176	457.506104	54.675690	44.986603
609.222778	458.833069	53.538460	44.052307
608.585449	458.898590	57.597809	43.249645
608.482483	458.663300	55.550632	43.534470
615.367920	460.441956	50.665798	42.466614
607.144714	460.882568	59.500084	41.420223
606.710205	461.618134	60.065746	40.142200
612.400269	462.179596	56.212673	40.651283
617.733765	463.235748	48.390587	39.870789
615.485413	462.471893	49.535389	40.566303
616.442566	463.975189	47.413986	39.454475
607.045715	461.595978	53.011810	32.664833
613.132263	460.765717	46.322632	39.232460
616.269653	463.991760	43.512009	32.213848
616.100586	460.070099	44.680733	31.670395
615.913513	461.597626	43.723434	30.830637
615.006775	463.722504	44.581112	29.158308
614.361023	465.604889	42.701344	26.460995
612.822571	465.204468	46.263290	27.284138
613.186768	466.232819	43.902138	27.075188
612.124329	467.565247	45.375179	26.247688
610.836304	467.555878	44.288418	26.582657
608.340332	464.278351	46.450939	31.741905
609.233521	468.872406	46.836655	27.151958
606.847412	467.503357	46.737740	29.639196
608.547852	470.617493	46.659218	26.780647
607.183533	470.968170	49.317333	27.531612
604.781921	469.490417	51.981148	30.207937
605.233887	473.457886	42.762646	26.953712
603.405029	472.900604	53.768860	29.481201
581.641052	469.610077	66.746628	31.871492
573.631042	465.392792	58.292656	36.578728
572.189636	467.979187	67.604523	39.713440
569.363708	468.866302	72.294365	44.178211
566.938721	468.160156	72.673958	48.795006
564.830017	468.742615	63.053970	45.789536
564.785461	471.117920	58.977638	50.383778
561.454590	472.701599	54.397415	48.369377
560.694580	471.873993	54.851017	52.162735
559.138367	473.737152	53.965778	47.411140
575.881042	482.535919	76.830307	47.775455
554.213989	480.072113	92.291527	50.370876
551.810303	486.809143	97.892525	48.312920
551.861389	482.265808	99.684906	55.693474
549.444092	486.242676	102.063194	53.167946
549.513733	488.305481	97.691673	51.855114
545.624390	486.014587	73.655647	51.284798
547.436340	490.663574	51.733925	46.586285
545.797974	491.842041	50.614746	42.213036
543.791748	493.805237	51.017967	38.752296
540.695251	494.866943	50.177704	42.160656
539.026672	497.107056	48.853104	38.848778
536.960754	500.871368	48.599945	33.791206
534.437683	502.672394	50.313747	34.059757
534.868652	503.121338	53.800259	34.671844
531.602173	506.876984	47.237946	30.598215
540.514954	507.133118	43.927345	29.527250
540.887878	510.180450	41.320030	29.026419
540.290039	513.134094	41.988178	28.232544
536.036438	512.474670	46.183132	28.909386
531.730103	510.839081	43.911991	31.966761
528.013733	517.054199	43.497757	25.761032
526.791565	514.876831	37.098454	29.946457
525.173157	521.429565	36.303242	23.794060
524.258545	522.466736	36.136658	24.168818
505.734131	518.037415	54.750973	29.312880
510.180573	522.246338	47.646679	24.530214
508.750305	519.945740	46.055660	27.477985
509.273499	522.257385	41.722145	27.464428
512.390137	522.081909	36.332752	29.425377
511.548737	521.584106	37.866150	30.578106
504.281311	527.355286	43.215466	27.965481
511.189392	528.772888	34.960434	25.674473
509.618561	530.230957	36.700874	27.644363
509.723328	532.620789	35.060574	24.567657
507.891754	533.751160	36.416439	24.858042
506.549164	534.436401	37.314388	24.465450
505.009674	535.646729	37.969402	23.486187
502.173645	536.057983	39.727440	24.593718
497.495789	533.581604	40.952412	27.350246
493.791779	532.945801	45.913784	28.171669
486.132629	533.763977	55.060577	29.193506
494.967621	535.470581	48.441353	27.462778
482.709747	535.619690	61.103958	30.643021
476.526398	534.145813	66.711548	33.484898
483.022919	537.836731	60.519222	29.919960
480.515198	536.882690	54.287434	30.431425
489.714935	536.862793	43.504036	29.780046
492.246857	538.345154	38.974403	26.633261
491.266479	539.527832	38.794418	25.735641
491.593750	539.928528	43.077908	26.909161
491.897797	541.532410	39.394447	24.964249
489.765106	542.381226	38.615009	24.617540
487.906921	541.790283	40.847694	26.548107
486.998230	541.086914	44.230015	30.661716
485.204224	541.151550	41.327667	28.861973
489.075562	543.864380	40.412079	28.970531
485.728394	542.748230	42.021744	31.457645
483.449585	543.407288	42.097569	32.360981
482.799927	544.136414	41.738415	33.136257
480.809906	542.710571	41.583595	34.765659
477.127655	543.234619	47.066288	34.648254
475.576050	542.826477	46.719841	36.764767
473.083496	542.310486	48.803509	37.566410
470.474762	542.287598	51.171387	37.347649
468.198639	542.081360	52.599072	38.641964
467.001923	543.601990	53.085659	36.969467
466.821075	542.214966	51.030941	37.795395
453.107971	542.144043	64.957397	36.777466
451.207306	543.300903	66.216324	34.363300
450.654907	542.975037	63.389294	36.532032
450.156219	543.277100	61.540604	35.104290
452.678528	542.966675	60.069805	38.609554
450.421143	544.705505	60.386444	39.004742
451.778748	540.721741	58.893803	40.401131
447.764740	539.735840	58.021984	44.101837
452.745697	542.200867	53.011452	41.290596
460.407745	541.057922	43.404411	36.472668
459.034576	539.890198	43.129665	40.981903
460.444122	540.636719	41.680260	41.613106
465.791046	543.486755	35.534908	38.734726
455.972778	534.394470	43.185150	46.969120
456.002136	539.941345	44.405796	40.975147
455.243225	535.898193	42.576359	45.755062
447.800140	529.781677	48.986767	48.922977
438.166138	528.611572	55.902557	48.202774
438.970551	528.777771	53.972866	47.669350
438.028717	529.367859	53.362686	46.582443
437.763672	530.822693	52.792168	45.651836
445.062744	531.041504	45.906544	46.030163
446.514832	531.417053	41.428810	44.531590
446.970093	532.426758	41.359783	44.586227
448.504913	531.262756	36.848572	44.810524
448.881714	533.049561	36.554180	43.354671
447.298096	532.844666	37.680267	42.859215
447.751038	531.856567	36.573761	43.867699
448.413513	531.644531	35.133598	42.537201
446.958832	532.461975	36.892296	42.853786
448.009369	532.742920	35.279781	41.728592
445.765900	532.117920	36.700718	42.808735
448.442963	533.357849	32.346027	40.291767
445.606171	532.670593	34.608093	42.360916
446.156128	533.557922	34.155537	40.665154
446.770844	534.335754	32.683521	39.686790
449.006561	535.619629	29.841105	38.079895
441.854614	527.116577	34.773811	43.946735
436.752045	524.026855	37.929829	48.582481
425.512604	519.922485	45.812893	49.559601
425.178497	522.806885	47.461487	49.023022
426.297974	520.617920	46.137447	51.415817
425.803894	523.607056	46.476124	48.086140
425.400970	520.130493	46.284824	50.076088
427.967590	523.072449	45.062492	47.575333
427.026917	517.833923	44.998051	51.048378
429.001923	520.757996	45.757221	47.227493
427.069000	516.620605	47.056461	50.847755
428.229614	516.815491	45.272469	51.202614
428.624023	516.092285	43.325737	49.528744
429.594116	508.844543	38.025269	52.744015
430.287170	506.054016	30.382668	51.551132
432.409882	505.199951	40.698540	56.459736
431.412537	505.496216	35.576328	54.231461
434.486084	503.617401	38.442047	56.687168
434.175903	504.647858	34.393799	52.968349
433.185822	503.801636	29.659525	52.490570
436.946014	503.022644	32.444881	53.498272
434.938995	504.122375	37.548794	56.049801
435.279663	501.148560	35.133110	56.598766
436.394043	500.892303	32.772030	57.781548
438.809418	502.639496	34.269447	55.980553
438.127869	501.858795	33.560528	55.867603
438.311890	499.738342	34.098553	58.199368
440.709015	500.360291	33.097794	56.946758
441.515503	500.464386	32.780689	56.311348
443.538605	504.016296	32.245701	52.507309
442.783325	495.540863	32.076691	58.908855
444.845520	497.432220	32.410511	56.820145
445.893280	498.655914	32.128361	55.144726
444.603699	482.766785	31.479279	68.407074
447.320709	481.215942	30.762829	67.503311
447.794220	481.315186	29.265551	67.776154
449.635162	482.037659	28.182753	64.934097
451.084839	481.721344	28.225754	65.388344
451.402802	480.686768	26.683954	61.533722
453.025818	481.051910	28.890881	63.842457
453.677490	480.154388	26.778391	59.602417
454.581573	479.186615	24.810694	56.993664
456.158478	478.928467	25.627319	58.460808
457.218262	478.908997	23.428825	56.000134
458.850861	479.053650	25.068624	56.875370
459.695953	478.604675	27.230465	55.833282
460.588837	478.022797	26.187654	54.909489
461.987335	478.480682	26.989946	55.160954
462.875671	477.089661	25.800676	54.709301
463.853577	476.990784	26.077480	55.846710
465.080383	476.678986	26.577450	58.653572
464.343842	476.215668	26.056190	56.579586
465.064056	478.201202	26.418272	59.322872
462.492859	477.333099	26.925093	57.366611
461.643799	477.732605	27.294701	59.957928
461.346405	478.904205	26.382431	59.901531
458.671021	479.042816	27.091827	57.206051
458.630219	481.815338	25.945257	60.706310
456.804504	481.418549	26.736807	59.878422
455.432800	481.532715	27.093119	62.588108
454.488312	479.411560	26.929644	61.903866
453.294128	481.944550	26.168922	60.594421
452.234894	483.068573	26.598406	61.678799
452.200012	481.075348	26.795849	60.680542
450.599426	480.796753	27.573027	61.052010
449.631927	483.273346	27.084587	62.085606
448.178864	484.210876	26.475567	65.075706
445.562836	483.559296	26.723824	68.110542
444.602020	484.813080	27.028114	63.870937
443.899109	487.852173	26.965813	65.269562
441.941040	488.604797	27.735586	64.331779
441.004364	489.711761	27.921473	63.040249
440.614807	490.856812	27.004913	64.771011
440.165680	488.719788	27.702196	65.378426
440.414612	491.563904	26.507095	64.672989
440.647003	491.351868	26.647745	63.586803
440.231689	492.088928	27.091551	61.594101
440.337097	493.521515	27.577026	64.680496
440.342102	492.606659	27.835861	63.750050
441.313354	493.745941	27.731825	65.464424
441.794952	490.797424	27.926657	57.809967
442.107239	492.803040	27.908649	53.667820
443.414337	495.086731	28.269121	51.544445
445.091766	492.398743	29.248154	53.295795
447.307007	491.863770	29.352547	52.826527
449.888306	490.698059	29.075050	54.827278
451.941345	489.831818	29.097170	56.826107
454.500885	485.778320	28.975748	60.991337
455.753662	486.270721	29.380947	59.055977
458.900208	485.086487	29.555208	59.462650
459.906403	483.226379	30.023073	60.844604
462.225372	481.614838	30.217628	60.296917
464.386261	480.683411	30.816378	61.700001
466.764709	479.927460	30.361897	59.920231
468.135742	478.568329	30.848192	61.061424
470.654053	477.711487	29.932325	61.244518
472.549072	477.881622	29.555246	60.659573
475.508759	477.759796	29.629139	59.861290
477.035553	477.147125	29.170774	61.019482
480.321533	477.907928	29.269781	60.496227
481.230408	475.372864	29.122953	62.154434
482.738861	475.129608	30.152718	61.374958
484.855621	473.382568	29.455589	62.234543
486.794037	472.783752	29.716127	62.381084
488.732544	472.756195	29.899641	62.312702
491.404144	472.315369	29.366108	61.977081
494.013519	472.133423	29.285593	62.060394
496.038879	471.190125	29.245970	61.616253
498.230927	470.935120	29.243240	61.105465
500.642303	470.377289	29.042435	61.284931
502.961609	469.606842	28.678816	61.589409
504.624207	468.958160	29.102909	61.677860
507.541840	469.799194	28.632648	61.226776
509.321747	470.041504	28.248224	59.945374
512.559021	470.266510	27.889345	60.794197
513.722412	468.534851	27.676279	61.454670
515.724976	468.624481	28.742426	61.151596
518.310059	467.981628	29.063143	54.946384
520.452271	468.544525	28.636322	60.046471
522.726257	467.459564	28.293169	60.331753
524.290894	466.828857	28.564360	59.440369
526.932983	466.988678	29.365015	60.166451
528.284485	466.887299	29.641117	59.127895
530.800354	471.064636	29.240305	59.703190
532.949646	470.044159	29.097324	59.451683
533.929321	469.742462	29.838943	60.157036
536.185669	469.018768	29.267685	59.968899
538.811523	471.806274	28.398712	61.726383
539.793762	473.117706	29.234842	59.911495
542.218140	473.168549	28.860319	60.629459
542.864014	472.194916	28.992764	61.411110
545.111450	475.993958	28.840881	61.681564
545.551758	474.972717	30.207514	61.862267
547.735107	474.886902	30.595764	61.765350
549.814941	479.099609	29.931824	59.820820
549.777100	477.972534	30.594574	62.199974
551.488708	479.518646	30.247797	60.079731
553.521912	480.717407	30.364098	61.076283
554.054199	480.996460	30.382090	62.177319
556.980225	484.937439	29.361361	58.784409
556.280029	484.035767	30.677841	61.621193
559.438171	486.029449	29.030012	60.732117
558.835266	485.209900	30.494677	62.405987
560.215027	485.631378	30.486595	61.873959
562.186829	489.921692	29.553314	60.274559
562.586853	489.689392	30.993656	61.107430
563.592773	488.889801	31.384962	62.816818
565.542664	489.617188	30.134418	62.055168
565.374878	489.436401	31.480101	63.726448
567.754639	490.892883	30.253075	61.792870
568.250366	491.893677	31.103874	61.959499
568.556580	491.968445	32.028164	62.839478
569.230469	492.122437	32.605095	63.192993
570.549744	495.341461	30.997471	60.887165
571.585999	497.352203	30.894178	60.078213
572.404541	495.909698	31.917694	61.424751
574.147949	497.933868	31.477186	60.158360
573.883423	496.553101	32.621120	62.009754
574.573792	497.883728	30.805077	61.541035
577.704346	498.039185	31.717052	62.077862
578.097229	498.295593	31.057314	62.881439
579.075012	500.330688	31.531132	61.473728
579.811584	501.658722	30.791656	59.894375
580.100342	501.262451	31.209871	60.399040
581.693054	500.194397	32.299072	60.779537
582.734497	501.441803	30.946320	61.191570
582.398804	501.251709	31.887356	61.594940
582.933472	499.758789	30.990402	59.505100
584.560547	499.537201	30.924768	62.080410
584.977234	500.667084	30.854170	61.753593
585.848694	500.535461	30.240961	62.684944
587.216980	499.914978	30.536335	62.956146
587.555176	499.165558	31.815386	63.181580
587.072937	495.894714	33.216949	58.088509
589.034851	499.179871	29.980499	62.879517
590.974182	500.342926	29.839729	62.696480
590.762146	500.357056	31.577570	63.198830
593.295105	500.520386	28.520796	62.783432
593.833496	500.296967	28.986126	62.731018
593.296204	499.542236	29.718666	62.580540
594.834045	499.803528	29.419195	61.248791
595.687012	498.464539	28.945892	62.039536
596.909363	497.851105	29.907333	61.828434
598.218384	496.097107	28.914719	63.377468
599.681519	494.410370	28.681637	63.428024
601.473938	494.832306	28.539963	63.367985
602.622009	492.236755	28.904892	64.917015
603.832336	492.413330	29.188679	63.828033
604.742371	491.736572	28.429743	63.444923
605.830933	490.874542	28.769905	61.062202
607.510681	490.258942	28.186750	63.018379
608.325439	492.185760	28.939928	63.092690
608.672546	489.755859	28.570488	62.518291
609.175354	487.669525	29.950586	64.361900
610.526123	487.720184	29.111006	62.355297
610.927795	486.647827	29.493090	62.562248
612.354065	485.091553	29.105322	62.542099
612.037781	485.120453	30.307394	61.081875
613.095886	484.959351	29.397457	61.196804
614.343933	483.916931	30.197662	61.272717
614.614014	483.760376	29.239622	62.307381
615.697144	482.858765	29.367458	61.096436
615.565857	481.488098	29.394072	61.895081
616.771851	481.536224	28.871090	61.134510
618.088562	481.279022	29.371300	61.762119
618.016724	480.756744	29.659731	62.618996
618.944519	480.618744	30.388987	62.261574
619.697327	481.089539	30.053072	62.174618
620.156738	481.737518	30.461441	61.787308
621.325562	480.860443	30.195351	62.780739
621.808167	480.288788	30.182554	62.057796
622.707520	479.213501	30.276295	61.928143
622.738342	479.927673	30.913639	63.036163
623.876404	480.644409	31.406536	61.410545
625.050537	480.196838	30.688795	62.721516
626.414124	480.686737	30.803682	62.348061
627.287598	480.850494	30.995888	61.729778
627.896362	480.592865	31.005306	62.476986
629.031372	481.213776	30.746117	61.933041
628.961365	480.849487	31.524410	62.688057
630.386841	481.743286	31.054585	62.405754
630.059448	481.447144	31.992125	63.357071
633.797852	484.655426	29.981739	61.508999
632.950256	483.410065	30.768311	63.318775
635.106140	482.375275	29.497402	63.370548
636.753845	484.257080	29.357391	62.355980
637.506287	484.215973	29.330727	62.208313
638.199341	484.168365	30.013037	62.314659
637.649109	482.356537	30.248247	63.261398
639.755798	484.498291	30.439865	61.728622
640.986633	484.319427	29.849737	61.537640
642.159302	484.408173	29.670059	61.877991
643.170898	483.848022	30.456018	62.430164
644.776428	483.632446	29.394897	62.544701
645.562378	483.923004	30.011948	61.571495
646.384399	483.747986	30.497164	62.184437
647.774963	483.577118	30.532495	62.570347
648.286865	483.372528	30.490978	62.825844
648.954346	483.649170	32.322041	62.074963
650.173584	484.128143	31.275890	62.093178
651.407532	483.392090	31.561214	62.420307
653.183655	482.652344	31.664110	63.203362
655.157654	482.821472	31.075489	63.087017
655.971375	482.502869	31.283007	63.125614
656.776550	483.178833	31.449558	63.804787
658.222046	482.646362	31.489565	63.506714
659.714417	483.845306	31.687605	62.315628
661.201843	484.069061	31.633030	63.215149
661.959045	483.918579	31.415476	64.266487
663.497131	484.107697	31.640339	63.831226
665.086487	483.964508	30.966454	62.721996
666.303955	484.303070	31.516722	62.771286
668.226685	484.856232	30.463226	61.555470
669.757507	483.971436	29.905809	61.759613
670.663086	485.247223	30.894112	60.088673
673.212097	485.898102	30.454252	59.680099
675.010803	485.368073	30.448788	60.346592
676.749878	486.101868	30.692593	60.769024
677.972656	485.956543	30.776020	60.773918
679.855591	487.489075	30.640915	59.849731
680.320374	485.753265	31.363195	62.261021
681.240845	487.286224	31.159452	61.408730
682.257568	486.813416	31.347683	61.731918
682.995239	484.565338	32.065464	61.596867
684.321716	487.311371	31.935495	60.225998
685.859558	487.673309	31.578705	60.523262
687.022705	488.140259	31.426153	60.824459
687.129822	485.816925	32.540981	60.254585
689.242737	487.277405	31.924078	60.475079
690.352417	488.296417	31.682669	58.758385
692.092773	488.110992	31.098894	59.437668
693.496277	488.979004	30.465275	58.552513
694.251892	488.136597	30.684860	59.551144
695.705322	489.900787	29.746922	56.748989
698.411133	490.410583	29.558857	56.283478
698.437439	488.150787	28.356443	56.806705
700.319214	488.255402	29.591175	57.056847
701.236389	488.056793	29.169872	57.959671
702.156555	492.368164	29.662363	52.953259
702.472412	492.491791	28.815159	52.496872
702.605835	492.445160	30.890133	50.397305
703.809082	496.866272	26.908039	46.479740
704.619080	495.850952	27.697670	47.044666
705.351746	495.407593	27.908625	46.800064
704.885193	494.446716	28.839504	46.833847
705.100586	491.206116	29.479755	49.703033
705.289246	492.194641	29.732582	47.578636
705.375244	494.714539	28.862267	43.704353
705.932312	490.329529	28.880577	47.300175
706.374512	493.281281	26.360863	43.580769
705.637512	490.294403	26.241472	44.911678
704.592529	488.897858	27.462057	45.277672
703.974792	490.226013	27.438200	43.440102
703.324036	487.674866	25.959511	45.881996
702.339417	488.849335	25.388254	43.695232
701.838806	486.272644	24.568449	45.853485
702.013184	484.499939	26.347507	47.767303
701.491821	487.150665	25.782705	43.658325
701.102539	489.151672	24.762075	39.419365
700.167542	486.354523	25.434967	42.988071
701.167847	473.232178	22.661736	53.477509
699.732605	472.023315	22.939875	54.640308
699.101929	464.436798	23.868624	59.186119
698.192627	465.366272	25.033659	60.851555
697.493713	465.704437	24.710117	59.733704
696.927856	464.486023	25.186165	63.498665
696.446899	466.480469	25.111000	64.764114
694.025208	462.493805	25.898729	66.049965
693.337524	463.278778	26.482513	62.308769
694.710938	465.177185	25.986588	56.521255
695.113464	465.253876	26.103096	51.967052
695.366699	465.824890	24.932112	47.639801
694.343567	465.421478	24.243610	46.558384
692.682495	465.974152	25.648058	46.564434
692.881531	465.985107	25.199251	45.662136
693.229431	465.652374	25.643717	43.703835
694.152527	465.786652	26.929655	43.454456
692.933167	466.048737	26.663496	46.136662
693.956787	465.446808	26.534842	48.066738
691.296692	466.562012	31.972290	54.482979
693.203735	467.028625	28.046087	52.561775
692.139465	466.813812	28.869764	55.255600
693.670532	467.483734	27.809261	54.346424
692.385498	468.275208	28.969475	54.559238
693.837524	468.558289	28.827929	56.925751
693.802124	467.238586	29.033590	57.084812
695.309631	469.270447	27.201694	56.469193
694.148926	469.235535	28.258745	54.298569
695.059509	469.687866	29.056990	55.075905
694.332947	470.426575	28.679401	54.066803
694.937744	471.125000	28.888418	53.789066
696.567322	470.228851	28.149933	55.336922
694.697571	471.251038	29.260025	55.081257
696.777649	471.836304	28.178143	54.548721
696.903992	471.942535	28.479528	56.540157
697.073486	473.658905	28.181717	60.564049
696.848083	473.908875	28.551479	59.776310
697.878479	474.661530	28.008324	60.271553
695.551880	476.044861	29.408981	61.305241
696.031799	472.156738	29.487501	56.832588
698.504639	475.429077	28.339790	62.199909
696.676819	476.411926	28.619377	61.858002
696.855713	475.844482	27.984163	61.942112
697.694092	475.876801	27.792063	62.145630
696.943298	477.585205	28.234755	60.617611
698.610474	477.460663	28.491533	60.407295
700.028198	481.739960	25.975574	57.870663
699.540283	481.118103	26.612303	58.696625
700.407654	483.066559	26.100157	58.682350
700.783447	482.227051	25.533905	58.865002
700.011475	482.941498	26.778238	58.391041
700.252563	482.322906	26.100166	59.524429
700.053528	481.160126	26.928816	61.804970
697.360779	478.251617	29.396399	63.561829
700.299622	479.155457	26.615501	62.532791
699.126770	481.145538	26.990253	61.743359
699.872986	481.700592	27.247417	60.729977
697.707947	481.420288	28.905748	60.206608
700.110107	482.700531	28.200035	60.155308
699.724243	484.132141	27.497192	58.827362
700.985291	483.944214	27.356091	59.302582
698.826050	482.330536	28.476511	61.302319
697.581726	477.012054	29.513033	62.530579
698.509583	476.809052	30.999914	58.340557
698.534180	479.907684	29.460155	63.825649
697.743286	479.580658	33.870445	58.208305
697.749146	479.675995	34.856594	57.691292
696.758728	480.345856	34.537476	56.954685
697.541870	481.726166	33.334900	56.543480
697.119263	483.170044	32.925098	58.353390
697.200317	483.090973	34.359947	58.489212
696.245300	482.933838	36.241924	60.552097
696.911682	483.760101	33.206589	56.823803
698.702209	483.745636	29.089973	55.510929
697.330261	483.189453	31.030109	58.724232
698.442322	484.789185	30.716173	55.952057
699.311584	485.985291	29.676401	57.893665
701.074280	484.541931	28.940697	57.136467
699.197693	487.687042	28.418173	59.986149
698.948547	486.498596	31.627974	57.246468
698.175659	489.292114	29.313238	63.024418
700.250916	488.069672	30.072704	60.541428
700.284912	486.856689	29.405256	57.714226
698.535034	488.971008	29.785215	60.905022
698.492432	489.532166	29.552549	61.155529
698.929016	490.801239	29.636911	62.954056
697.488647	491.212036	28.681099	62.032570
698.916321	490.658844	31.070889	65.497002
697.078735	493.949432	30.392822	66.475883
698.441772	493.445496	31.325880	68.909645
696.689758	494.410522	30.026403	68.734489
699.320374	495.829712	28.690599	68.346672
698.441345	495.829163	29.693987	70.758545
699.303040	495.549591	26.641401	60.191597
699.140137	494.344025	28.033541	57.248840
697.652588	494.096436	29.580109	58.242439
698.860962	496.734467	28.022745	57.681961
697.991699	494.753357	29.244795	58.012726
696.901245	493.461884	29.018333	58.868465
698.033508	497.137268	27.704906	56.385727
696.355408	495.895172	28.121393	56.992603
696.582458	498.460571	29.099407	56.375584
694.333313	497.958923	29.775127	57.515839
693.813660	497.890594	30.693502	57.021915
695.864929	497.550232	28.721842	56.393803
694.051147	497.741058	28.675346	56.322563
696.703186	499.195923	28.059990	56.187027
694.695251	497.932129	30.076067	55.457420
695.477905	498.782776	28.008629	54.524166
692.648560	500.175842	28.895857	55.452538
691.473816	500.434326	31.239643	54.651981
692.817261	501.164520	30.132063	56.620033
691.591064	502.634888	29.352089	55.686260
693.759644	504.343140	27.905880	58.588718
691.239258	504.474487	28.137690	58.204594
691.842590	505.301636	27.857307	58.021954
694.225037	501.585541	27.286907	56.471027
695.470764	509.831635	25.820179	52.400566
693.639099	509.904114	27.477953	46.800804
694.107300	513.459717	25.732597	49.587173
693.562866	507.755859	25.720167	55.264668
694.126648	507.212555	27.218523	54.346729
693.081238	511.810059	28.041542	48.550919
693.192261	512.842224	26.022095	45.559898
692.782776	514.134949	26.290495	42.870258
691.885803	513.477234	26.349079	46.080086
689.957153	508.692474	30.511850	48.757492
689.913940	512.141968	29.875946	40.612255
689.312927	511.303131	31.286554	39.612129
692.382202	508.205444	28.642122	49.388420
691.415771	510.707886	28.491770	43.627426
692.472778	508.488800	27.667706	45.560730
692.290955	509.746338	27.269506	40.227196
692.317932	508.859497	27.851015	38.511841
696.930420	509.033478	21.016729	40.257263
696.416687	510.053925	21.559427	43.896317
695.508789	503.116608	24.269768	48.336861
695.374146	501.221222	25.563765	50.464516
695.667297	503.511658	25.292532	47.619385
695.760315	497.607422	27.922634	50.439358
696.971252	497.824524	27.638784	51.479828
697.150513	498.576385	25.439362	48.114204
698.384277	493.312195	24.276190	54.365612
699.160156	490.523712	24.809628	55.897282
698.905518	490.167694	24.726856	54.065712
698.172485	490.695099	26.583494	52.886925
698.925232	488.782257	25.766100	52.148769
698.582153	486.111542	27.308464	54.897533
699.786682	492.707001	26.255003	44.161537
699.874084	491.572998	26.015608	47.346329
700.634216	488.000916	24.992250	49.799206
702.445496	488.178772	23.605370	49.132687
702.255188	479.584686	22.905243	56.395622
706.419006	485.524719	18.630915	51.218899
704.518433	484.589233	22.867290	49.971153
703.978516	482.513672	22.544741	52.429817
703.615967	474.015991	24.618481	64.695580
704.422729	467.989288	26.823965	64.253181
703.879089	469.572266	30.653631	64.975090
706.147888	466.828766	27.640182	67.173958
705.397522	465.413147	31.712719	66.099167
706.329041	465.902588	27.639717	68.114853
708.103271	463.539795	29.740957	68.433060
707.609680	463.400299	30.200529	68.898544
707.569702	463.781677	29.244141	68.493874
706.384460	462.582977	30.854534	69.657303
706.760132	465.362000	32.992981	66.308617
706.748535	462.908783	31.283949	70.108025
706.984070	459.318481	35.448853	76.116104
708.801392	455.632324	33.717419	80.332214
709.238342	451.799377	33.262070	82.308670
710.863953	440.808777	33.740234	86.394867
709.945374	439.939789	35.078827	89.392929
710.875916	441.036407	32.225426	84.399376
712.341980	444.784882	31.870335	73.050621
711.476624	444.382660	32.516056	71.583351
711.981995	444.775146	24.832798	61.890888
712.527771	448.371552	24.566603	60.974052
712.569885	448.134155	24.632923	58.259304
713.191895	449.788269	25.277864	55.348328
712.607849	449.810516	26.978968	59.712936
711.380615	451.239227	28.079102	61.558517
713.296204	451.573425	27.658466	58.703564
713.059509	453.706787	28.138802	56.863106
713.701172	454.174164	28.093456	54.256268
712.226990	456.576660	28.760483	54.733234
711.959290	456.326111	29.534262	54.122276
713.302063	456.988739	29.256363	53.059948
711.916138	458.178406	29.844009	50.096973
713.148071	457.278046	30.396254	51.002060
712.357239	457.778473	30.512482	51.309425
712.898010	457.387268	30.662334	52.153198
712.411255	457.467590	31.197351	52.417866
713.680481	456.173767	31.000824	53.792801
713.413513	454.303375	31.372015	55.401402
713.166016	454.588684	30.439167	53.901974
712.504395	455.050934	30.552450	55.625774
712.483582	456.030975	31.173130	54.005684
713.430176	456.783081	30.576477	53.586205
714.181702	456.783112	30.276979	53.049644
712.201477	459.946533	29.912865	56.870872
712.026611	459.272003	31.544523	56.003479
713.892090	460.513184	30.242962	52.013142
714.345886	457.377502	29.235796	54.365334
712.234985	461.979034	28.879894	58.518738
713.999512	462.203278	27.438663	57.661694
713.615723	460.127472	29.043818	57.725197
713.305237	459.072815	31.001717	60.258690
713.080811	461.587250	29.431942	59.046322
713.476135	462.921814	29.015652	58.516754
713.303589	462.552399	29.504801	60.483749
712.648438	462.367279	28.385897	61.178818
712.271729	456.852844	30.294098	65.948563
710.912354	458.121826	34.449646	64.885002
711.449646	459.841431	30.089560	64.087616
710.414246	460.625610	32.875084	64.895409
710.384888	459.744476	30.679453	66.581223
710.316040	459.899872	31.424400	68.290260
708.314697	461.251740	36.360775	69.678543
708.658752	463.937012	40.367039	68.655937
708.892639	462.548401	42.375465	71.789330
708.221680	463.668823	34.659637	71.420540
706.812073	462.744354	32.675613	72.216423
706.346863	463.942841	30.307835	64.801384
706.798218	461.426971	31.555208	65.726120
706.344543	461.536346	33.490002	55.312874
705.647400	461.939453	30.932306	52.930580
707.327087	462.243652	26.664349	53.132877
705.089539	462.323395	27.958857	54.575211
706.716187	461.972870	25.985092	53.039692
704.386963	462.065369	28.256721	53.325878
703.888489	462.376465	27.328978	52.255814
703.829773	461.964294	27.719276	53.996868
702.908813	462.394440	28.229315	52.738014
702.732300	461.098053	27.717428	54.888813
701.176147	461.787994	28.575798	55.968304
700.830688	461.079773	27.817822	54.988811
700.299377	463.581482	27.038801	58.759995
700.097351	462.616089	28.720831	56.002171
700.229675	461.385620	27.914829	55.383186
698.617432	463.510925	28.960278	60.410038
698.096130	463.813477	29.659746	57.854767
697.585449	462.195435	29.655508	59.351963
697.005981	462.905762	30.726360	61.701183
699.192627	460.955933	27.577072	57.221355
696.845764	460.592316	29.362625	56.455418
696.132507	459.939667	29.898527	57.531811
695.155640	463.250336	30.979958	60.738281
695.604980	461.694366	30.491289	59.951271
695.480469	461.772156	29.292505	60.025196
695.038086	462.071198	29.430418	59.487549
694.913879	461.397644	30.029659	60.102272
694.788635	461.150940	29.704996	57.511459
694.543762	461.081818	29.806141	57.927471
693.627502	461.345947	29.721197	58.520424
694.580139	462.182007	29.516163	55.636829
693.885742	460.824677	29.458658	54.038132
695.065491	459.580109	28.240568	54.184090
694.812256	459.578613	29.033449	53.662926
694.180176	460.098389	27.689222	53.424847
693.816406	459.660492	28.750271	52.795177
692.975647	460.297089	27.775272	53.134373
693.143066	459.815063	28.652010	53.302689
694.072876	460.574646	27.773829	51.796844
691.243958	460.885468	31.712091	56.359901
691.568054	462.015472	30.995548	55.560997
693.135620	460.457275	30.597630	55.963436
691.734741	461.157013	29.708912	55.671059
694.133606	460.703400	28.386421	57.763729
692.636108	460.721069	30.453802	58.133587
693.889343	461.417480	29.183643	59.079433
695.743225	461.078247	29.097811	60.036816
693.838257	462.459991	28.649445	57.606747
693.794312	458.644745	29.842382	61.538574
694.746948	459.977112	28.232964	59.870583
695.616516	459.736755	27.752285	61.801743
694.699707	461.216614	28.868425	59.733280
696.255249	462.955444	26.699556	58.809372
695.665039	461.988739	27.024609	58.667053
694.972900	468.186707	28.595116	54.423168
694.891052	465.061249	28.193197	57.599682
695.169067	469.784851	27.851753	53.284767
695.034180	472.326691	27.539541	51.021446
696.369629	473.073029	26.374714	50.906670
695.778015	473.093384	26.568039	51.069530
696.201477	462.523682	27.970087	59.696896
694.878845	459.009888	30.109875	62.866917
695.767944	459.597687	30.322618	62.504986
694.976318	461.596313	33.639385	60.667568
694.271301	462.930328	36.606834	59.806072
695.533630	466.103577	29.370506	59.614624
695.349182	461.928955	35.145653	64.394234
695.091675	469.132599	30.812227	56.864449
696.119751	470.558228	27.036043	58.676098
695.750061	468.198212	27.930943	60.113911
696.810669	466.987976	27.770296	61.352581
697.228455	471.305695	25.285749	57.336697
697.551514	470.006622	22.899900	57.126900
697.423767	472.441681	26.450909	57.663857
696.557007	472.056244	33.654194	57.856747
697.428162	462.677490	42.996883	54.852905
697.428162	462.677490	42.996883	54.852905
697.428162	462.677490	42.996883	54.852905
696.094543	464.144318	41.936577	58.652729
695.356567	468.061218	42.590149	56.049335
695.897583	471.316559	42.141270	57.616901
696.168030	464.406952	48.120529	67.453697
697.890198	470.601837	39.319267	57.711330
699.476135	462.809204	43.327847	70.327164
699.476135	462.809204	43.327847	70.327164
698.593689	465.059662	46.429203	74.912880
698.593689	465.059662	46.429203	74.912880
693.061279	474.394958	51.247242	66.906059
693.007751	478.189880	52.468346	64.941620
694.093933	475.635345	54.497025	74.500908
694.093933	475.635345	54.497025	74.500908
780.551636	569.322144	50.614433	101.797310
796.584290	347.552368	50.791153	85.338234
799.463135	351.665314	50.034969	85.202599
803.901550	295.504028	52.108326	77.938721
798.837036	355.628815	49.431816	85.096809
798.843079	357.441284	50.598034	86.329140
798.669067	359.415039	45.545113	87.807663
798.523376	363.866943	52.292595	79.381981
797.839417	364.111450	46.781242	85.173111
798.738403	368.169891	50.603092	78.798943
800.645203	369.899994	53.449867	80.607124
798.448914	373.843842	44.674473	84.653030
798.986694	373.191742	46.020744	83.794472
798.100708	374.700806	51.833313	85.224289
798.572388	374.998138	47.472977	87.213295
797.991760	381.062653	45.788300	84.267899
798.147034	381.739471	50.527199	83.151329
800.190063	384.714508	51.664635	81.086327
799.318665	387.950592	41.688789	80.452629
798.781372	387.279755	49.838066	83.782913
798.710999	386.782715	44.740513	88.657013
797.758728	392.980743	51.970474	81.403282
799.282288	391.207611	57.467045	87.750206
797.561157	397.836700	42.477394	81.894936
796.817993	394.830170	51.969006	88.236633
796.632202	398.446350	48.467785	86.783173
797.075623	401.495819	54.583309	83.248222
796.342163	401.585419	50.589378	86.915199
798.091370	404.958160	54.623798	84.086624
796.620728	405.967163	47.442890	88.283974
792.160706	408.251129	55.892754	84.602982
796.393066	409.996887	55.311615	87.819168
796.436829	414.351654	46.875950	83.212524
796.265564	415.717651	53.196171	83.580193
798.661621	415.326477	60.478687	85.927307
796.374390	419.060516	50.246891	86.285500
797.562134	421.140076	54.928135	84.268822
793.099915	423.314636	52.622543	84.513794
794.895386	423.757477	55.377258	85.130493
796.248169	425.834229	59.020866	86.867004
793.646240	426.324036	53.464752	89.131416
795.530518	429.364319	55.684505	85.953110
794.111267	430.587463	49.943501	87.638191
794.698975	432.745026	54.731621	86.534477
793.221802	432.355316	51.426636	89.618820
794.343933	437.532440	58.530720	84.697220
792.385742	439.018799	52.539371	86.966934
794.036743	439.937347	51.583046	87.134216
793.813904	441.035980	53.443687	87.349281
792.947449	443.375763	50.303448	85.859047
792.989502	445.872406	47.592800	89.508202
792.607483	448.664001	57.263577	85.655846
