0.105059
0.062797
0.064105
0.060724
0.062567
0.062547
0.060600
0.062576
0.065492
0.063080
0.062957
0.062688
0.063372
0.063192
0.063277
0.061652
0.062933
0.062528
0.062419
0.062569
0.071162
0.040390
0.041723
0.039633
0.039891
0.062985
0.063193
0.063508
0.064798
0.065434
0.064120
0.064033
0.064703
0.061911
0.062923
0.064059
0.063988
0.062129
0.063660
0.064134
0.074409
0.065074
0.042478
0.042370
0.042204
0.040492
0.040712
0.042311
0.042625
0.042470
0.042393
0.042202
0.042494
0.042108
0.042976
0.042368
0.042517
0.042670
0.041023
0.042844
0.046034
0.042350
0.042423
0.041045
0.041306
0.042905
0.042257
0.040494
0.042213
0.042964
0.042495
0.042639
0.041094
0.043305
0.041310
0.062175
0.064887
0.064117
0.064109
0.062153
0.049074
0.042279
0.041585
0.041500
0.041620
0.039723
0.041599
0.041591
0.041444
0.062152
0.062305
0.063766
0.063051
0.063124
0.063637
0.063058
0.039899
0.041655
0.041698
0.041394
0.045337
0.041526
0.040491
0.041929
0.041663
0.041477
0.043473
0.041863
0.041610
0.041563
0.063852
0.060521
0.062562
0.062861
0.063132
0.060753
0.064572
0.064995
0.062440
0.064177
0.050250
0.043304
0.042999
0.041441
0.043031
0.042788
0.040921
0.063938
0.064072
0.061960
0.065410
0.064069
0.062354
0.064602
0.066379
0.062962
0.064776
0.064022
0.062097
0.064186
0.075379
0.042738
0.021567
0.021223
0.019780
0.021261
0.021215
0.021200
0.021211
0.021591
0.019723
0.021503
0.023085
0.020470
0.021550
0.022924
0.019910
0.021493
0.021277
0.042197
0.048276
0.042783
0.041120
0.042989
0.041238
0.020413
0.042675
0.042773
0.042768
0.042827
0.042628
0.043281
0.043707
0.043798
0.040728
0.042699
0.042629
0.043018
0.042676
0.042636
0.048412
0.043610
0.042824
0.040977
0.042751
0.042963
0.040716
0.042848
0.043955
0.045008
0.040998
0.042500
0.042504
0.042646
0.042600
0.042593
0.042816
0.044735
0.042772
0.042675
0.048279
0.042551
0.040796
0.042766
0.042629
0.043571
0.042942
0.041374
0.041102
0.043192
0.042993
0.043146
0.042988
0.042100
0.042813
0.042948
0.040867
0.042901
0.042654
0.040987
0.048509
0.042968
0.043394
0.042898
0.042786
0.042783
0.042758
0.042848
0.041138
0.044058
0.042654
0.040950
0.040904
0.042777
0.042641
0.042947
0.063529
0.063118
0.064948
0.064175
0.073435
0.063964
0.064100
0.062284
0.042763
0.042716
0.042677
0.042735
0.042895
0.042665
0.041123
0.042909
0.044081
0.041096
0.042745
0.042611
0.042840
0.042899
0.041195
0.041365
0.048310
0.041090
0.042876
0.042864
0.042725
0.042968
0.042843
0.041133
0.042743
0.042598
0.062428
0.063946
0.063675
0.041287
0.043362
0.042645
0.040837
0.042731
0.042782
0.041043
0.048444
0.041016
0.043335
0.042795
0.042908
0.043454
0.042888
0.042788
0.041037
0.041030
0.041790
0.041198
0.041053
0.042711
0.041021
0.042720
0.042824
0.041416
0.043311
0.042588
0.046608
0.041351
0.041378
0.063649
0.042701
0.043527
0.041224
0.042861
0.042746
0.040929
0.042857
0.042888
0.041018
0.043236
0.042910
0.042692
0.042824
0.042847
0.043902
0.043235
0.048733
0.043251
0.043235
0.042961
0.042777
0.042768
0.043838
0.043917
0.042951
0.043320
0.041410
0.042653
0.042660
0.042746
0.044163
0.042974
0.042814
0.040686
0.041847
0.041650
0.047207
0.041504
0.042402
0.039885
0.041578
0.041932
0.041968
0.041788
0.041809
0.041863
0.041913
0.041547
0.042091
0.041970
0.040625
0.041833
0.041779
0.039946
0.041708
0.041707
0.045602
0.041701
0.040272
0.041439
0.041562
0.041578
0.041634
0.041538
0.042027
0.040831
0.043515
0.042644
0.042705
0.042316
0.042530
0.040586
0.040786
0.042470
0.041433
0.042764
0.048219
0.042411
0.042661
0.042570
0.042501
0.042310
0.043055
0.042365
0.040493
0.042607
0.042795
0.040406
0.042428
0.040411
0.021529
0.021737
0.019542
0.021074
0.021019
0.019267
0.021031
0.021012
0.021044
0.021188
0.019369
0.019312
0.022466
0.023498
0.019985
0.021032
0.020937
0.042122
0.042518
0.042526
0.042438
0.042360
0.064068
0.063244
0.063021
0.060760
0.074052
0.040751
0.042135
0.063089
0.063136
0.062699
0.042314
0.062922
0.042264
0.063188
0.041876
0.061805
0.041611
0.042318
0.041996
0.040051
0.040157
0.042327
0.041419
0.041702
0.047244
0.039826
0.041571
0.041516
0.041518
0.041709
0.040224
0.041449
0.041435
0.041288
0.039773
0.041638
0.041656
0.041526
0.043277
0.042216
0.041921
0.039685
0.041664
0.041559
0.045555
0.041586
0.041909
0.042645
0.041661
0.039757
0.041779
0.043569
0.040205
0.042043
0.063194
0.060988
0.041964
0.040227
0.040299
0.041697
0.042039
0.041847
0.042400
0.042258
0.045683
0.041861
0.041559
0.039912
0.041847
0.041800
0.040083
0.042827
0.042036
0.040536
0.042245
0.041540
0.039686
0.041721
0.041726
0.040115
0.041966
0.042719
0.041704
0.039726
0.047240
0.041683
0.041592
0.041652
0.040562
0.041603
0.041493
0.041551
0.041494
0.041527
0.039630
0.041584
0.043656
0.042258
0.041904
0.042067
0.040355
0.042938
0.041059
0.041193
0.049489
0.043167
0.042674
0.040879
0.042793
0.041029
0.042658
0.042641
0.042371
0.042789
0.042547
0.042470
0.042423
0.043409
0.042599
0.042668
0.042446
0.044338
0.042712
0.042506
0.048141
0.043131
0.041151
0.040813
0.040611
0.043289
0.040832
0.041153
