718.000000	373.000000	16.000000	31.000000
723.245361	376.331329	19.163776	31.681494
724.798035	377.783539	16.453852	30.184292
725.991821	379.168671	15.680399	31.145638
724.021973	379.819000	16.640121	31.810358
723.938843	380.334991	13.899507	31.151796
716.287109	381.445740	18.239706	30.511930
715.399109	381.148376	13.128093	30.170452
708.530762	383.007446	17.685097	31.642490
707.599243	383.587433	13.888372	31.498158
700.781372	387.256287	17.782866	31.120775
697.947021	388.870728	14.876977	30.088308
696.511230	392.103790	15.229781	31.381344
695.218567	392.825317	13.694735	33.543720
695.092651	396.336060	16.226368	30.781668
693.695312	397.421875	17.610210	30.458357
697.524231	398.221283	13.499591	30.881565
690.433838	397.809143	15.698702	31.790640
682.022705	395.386688	13.515504	31.126026
677.054565	397.533234	19.298616	30.894838
679.611511	400.590637	13.546046	29.984278
676.175293	406.947052	17.088793	31.759968
680.599060	414.701141	12.604293	31.691027
687.465942	427.302643	18.942739	30.926346
701.042725	430.096619	18.750580	32.508034
723.721558	396.026001	14.979897	32.402710
737.918701	362.763031	16.034182	34.175232
745.537048	350.327881	16.592922	30.958481
739.734802	362.769897	22.964191	32.409973
733.144104	376.440796	17.221224	30.410938
718.143250	390.440674	15.945541	34.162178
699.760254	406.026703	18.109604	32.403763
671.463440	423.001556	23.219273	32.815834
650.781738	436.389374	20.000154	33.962818
630.355286	434.144958	16.384809	31.295570
615.079590	414.190948	19.532890	33.861099
595.676697	393.363098	21.982082	30.561804
576.507385	376.264984	21.440573	34.882832
562.844360	364.999268	16.206198	29.646196
557.671570	362.322296	19.609482	31.207752
565.687622	364.099365	16.453127	26.447704
573.810059	366.919708	19.757681	30.134203
586.255371	370.799469	16.376436	32.491020
586.763428	378.208710	20.861374	29.617336
592.391846	387.044464	21.794186	27.944269
603.415039	395.235565	16.327892	27.859615
612.616272	403.252075	22.530470	30.087822
624.320557	409.647461	17.270298	27.500078
643.474854	416.737549	25.904556	25.946306
667.461182	421.124725	17.885426	25.516699
688.021973	425.817932	22.924301	27.112518
710.569153	427.201630	18.579098	28.059338
709.496216	427.905548	25.692682	25.828876
700.104553	422.784088	20.495665	25.907019
678.702393	417.841309	23.557514	26.348080
675.410767	413.699951	23.312078	27.848167
676.172607	411.830811	18.233232	28.579851
676.863098	412.277161	24.635977	26.985376
680.916199	410.747406	16.082651	26.790272
678.847595	387.195862	23.537115	28.042046
683.541748	366.041748	16.546236	28.499308
681.652344	350.784332	23.795799	26.388266
686.804016	352.449371	16.698507	26.219429
682.423462	356.193359	24.288370	26.375702
688.043335	359.330505	18.090054	27.038250
681.881104	362.952972	23.780497	25.362280
685.519592	365.537537	20.755053	25.184338
684.657837	368.101013	21.307968	25.083027
686.409546	370.137512	24.785595	25.298664
692.369690	371.582153	17.522295	26.696453
694.488647	374.008118	25.537470	24.745884
701.441101	374.074585	17.579973	24.731318
702.331116	375.146820	26.931280	25.123402
713.850403	372.613403	17.795860	27.671619
718.442566	373.939880	25.609234	24.892618
733.741699	371.610260	17.697588	25.535019
739.117310	370.729614	24.026951	25.388134
752.675720	366.462738	18.656561	28.292595
755.711182	364.797791	25.572571	26.133692
766.231018	362.707123	20.632114	24.430307
769.204407	359.059601	22.675360	25.737183
775.019958	356.024506	23.063332	27.022860
781.746704	353.102539	17.077148	25.392233
780.704895	353.409424	24.026983	24.459936
789.121033	352.268036	17.985100	25.002254
791.352112	351.059967	25.914320	27.874090
803.710266	350.415131	16.851068	26.204985
806.295471	352.351044	24.367781	25.101368
819.632202	352.540131	17.959774	26.387505
821.971313	351.274353	22.775879	27.626740
830.599976	347.765442	19.212624	29.036745
832.671509	343.897980	25.271955	28.588053
840.618530	340.042389	21.911049	27.482899
844.686279	330.498322	18.392492	30.054056
833.466064	318.003021	20.957209	31.534279
818.938416	303.071106	21.138378	29.413776
794.778015	286.444092	24.914570	28.000242
782.752136	271.970978	17.592058	30.174496
774.602783	263.747681	21.424765	32.202278
775.278992	258.078369	16.275896	30.944172
774.051025	254.608688	16.892179	29.798798
764.971863	249.373657	19.512299	31.866827
755.480225	246.774597	22.107113	31.130356
753.016479	245.810135	18.420401	31.230268
747.013733	248.291718	22.541260	29.910093
756.551575	252.664474	21.578886	29.977869
766.363098	257.984711	21.077763	29.463278
779.061279	262.850281	22.625383	32.148441
797.276550	267.947327	18.041235	30.367300
801.130005	271.785126	23.976831	29.866224
803.753601	270.330597	17.536736	30.150597
789.999084	266.835968	22.802383	32.833187
781.236572	260.722107	16.648441	31.019989
758.304382	254.784836	23.979099	30.304176
750.610107	248.800049	17.318220	30.060926
745.994324	246.464783	22.460945	31.325800
753.977783	246.857742	18.192068	32.712566
756.183228	248.037949	22.272488	30.429468
763.060486	252.597015	21.612474	28.914598
762.404480	254.614853	18.973763	29.106470
753.454102	255.850876	23.830750	31.041283
754.892273	256.313660	17.470280	31.337330
753.294983	260.212982	23.407957	31.500134
752.703308	263.166473	15.754784	28.755394
744.962769	264.455231	18.607790	30.528471
733.399231	264.262207	15.267955	31.367336
726.935791	265.804443	19.452152	29.679762
725.013428	269.267120	18.572882	26.317757
723.995239	272.472412	21.426588	26.871279
727.881348	276.254211	21.263731	27.558517
732.891357	279.911926	18.146162	29.114441
735.859192	282.710754	23.941908	27.911398
744.253113	283.610596	17.325708	28.944191
738.863586	284.492828	25.002666	28.753157
741.027283	281.321960	17.132357	30.572630
734.325500	280.957428	25.050417	29.420773
742.624512	279.091522	16.647461	28.891087
737.014465	276.953888	23.607599	29.512257
734.418945	273.490021	19.264284	29.426689
726.385620	271.953156	21.367094	29.382587
723.124207	271.082977	21.855892	27.888605
720.079102	267.716156	19.078262	28.064369
716.159180	266.335266	25.354584	29.104050
718.929749	263.006561	16.692972	29.617016
713.647705	263.561584	25.054094	28.883665
716.530151	261.027313	17.573980	28.996799
711.287842	260.914886	25.087002	29.849007
714.434692	259.220764	17.194414	30.611069
712.320007	259.338593	21.904381	30.786327
713.012390	260.335907	18.379454	30.114771
708.724426	259.948608	23.121122	30.229761
711.111267	259.446075	20.940556	29.410788
710.780273	259.839600	19.361267	30.145636
710.126160	262.211670	23.919455	28.267923
713.206360	264.797546	17.758764	28.772446
711.352417	270.231934	25.005598	29.372614
718.404236	276.289246	16.638283	30.467102
718.717590	285.138580	24.447691	29.202997
725.850952	292.896637	16.382206	29.867865
725.967773	301.268982	24.483784	29.271000
734.129028	308.613953	17.521641	29.781822
730.685852	317.376984	25.091038	27.976345
738.941528	323.191864	17.921211	27.794338
736.642212	328.800232	25.528925	28.044010
745.443665	331.524109	21.112856	28.135616
745.480774	334.765656	23.180721	28.984903
749.631226	336.912476	22.919283	27.525377
749.636902	337.977203	21.638937	26.688780
747.419739	338.311554	26.362713	28.219938
750.094421	338.792053	18.252569	28.423384
740.340027	341.052185	26.074860	27.583887
741.631836	341.381195	17.413214	27.161383
730.922119	343.473389	25.267122	27.331160
731.443970	343.960815	18.473799	28.078400
722.450134	345.267548	24.631575	28.041569
722.345093	346.730316	19.014338	27.988424
714.171753	349.160858	23.350050	26.430420
713.069641	350.702637	21.799368	27.709820
709.038025	352.076996	20.017317	29.453566
704.341614	354.174988	23.042389	28.658680
703.318237	355.803925	17.779596	28.270370
695.598572	357.343384	25.439020	27.778902
697.239502	357.410675	17.724180	28.202055
691.371948	359.423096	26.033298	27.158043
693.807617	357.941376	18.346849	27.880884
688.584412	358.480072	26.046080	28.175671
694.549683	356.892944	16.620476	27.921173
689.033752	357.683319	25.234869	27.852343
695.090515	357.610107	17.913149	27.636297
690.518555	357.978577	24.480631	27.672991
697.787354	356.126434	20.210577	28.596031
695.698853	355.863495	23.409912	28.698942
700.499329	355.649719	23.506914	27.693193
703.325806	354.841888	18.766830	27.286077
701.540894	353.542328	25.645761	29.154791
706.498352	351.635529	16.858370	28.340286
699.387573	351.725128	26.538200	27.886436
703.442993	350.613892	17.333012	27.444323
695.233093	350.068207	25.598352	27.897982
697.548279	348.038483	18.834679	28.468369
692.382568	347.777496	24.360594	28.168827
694.379883	348.338989	19.339218	27.908813
690.579285	347.576660	21.204210	28.279875
692.459167	345.968323	23.123903	28.963501
693.078552	343.433289	17.037140	30.259275
688.943115	344.033691	24.887934	28.160038
692.338196	341.173828	17.543989	28.860943
687.389160	338.976654	25.988626	29.369619
689.366394	336.249817	18.439087	29.766912
684.218262	335.975922	25.948399	27.886412
686.769775	334.765198	17.307442	28.060890
680.146240	333.830048	24.744753	29.255878
683.570740	332.326508	18.754930	30.555052
674.746277	334.232025	22.734028	29.291004
674.759033	336.115479	20.797911	28.567192
669.531006	336.937347	20.379169	28.226107
666.043335	336.983398	23.361135	29.895008
662.393738	337.127441	16.956499	29.364479
654.406067	337.904846	25.637728	28.531481
653.248352	337.457184	17.606728	29.001547
645.010315	337.467590	25.748055	29.541534
647.384277	334.864380	16.469473	30.175283
637.083130	336.216980	26.331589	28.740967
639.767456	334.663940	16.871830	28.744986
634.280396	334.166901	25.919977	29.026926
638.703247	331.039093	17.399469	29.350979
632.353149	330.299652	25.674343	29.277243
640.022339	328.793335	18.067911	28.810020
635.216492	328.505341	25.886189	28.160654
644.505859	326.417725	21.825504	29.491058
646.006042	326.511353	22.299032	29.810728
653.871277	328.311462	22.340420	28.283943
639.994324	367.405609	28.093424	34.563793
665.961670	330.698181	22.253876	27.632147
673.267212	331.263672	17.821411	30.039530
677.147461	332.221252	24.043034	28.544558
684.303955	329.337311	19.470667	29.324406
681.479187	328.097015	27.017391	30.852575
685.632141	325.528015	17.774529	31.407137
681.102844	326.905426	26.811588	29.409618
685.180664	326.397552	17.293739	29.699055
679.743408	328.800842	26.018015	30.196072
682.721130	328.433990	17.605642	29.931355
676.942200	330.664185	25.353769	29.555967
680.008545	331.414398	17.387020	29.599655
677.256104	332.191498	22.601849	30.188204
676.552002	333.652985	20.251213	30.280394
669.965088	336.493317	23.772367	30.910870
671.335876	339.314026	21.105068	28.920799
666.426514	340.088654	22.521498	29.440422
666.346436	340.095215	25.789654	30.507692
667.623657	338.947418	17.647530	31.294331
664.536255	339.905334	25.007256	28.830536
665.209534	336.667084	17.872858	27.491407
661.864319	335.547119	26.103601	29.097944
666.938965	332.553802	16.881123	31.596838
663.313538	334.810455	26.266434	29.386757
667.903503	334.468262	18.379848	29.135696
663.458191	337.661072	26.702288	29.950445
669.591980	338.750702	18.656691	30.163925
665.321045	343.539520	25.174847	31.027479
670.461853	346.819977	17.364933	30.398781
661.537720	350.288849	25.656801	29.342306
660.648682	350.631653	22.483465	28.804874
652.238586	350.714264	22.348412	31.127302
648.594238	351.838348	20.010345	30.659082
642.166260	351.765503	17.728640	30.028612
630.347290	353.352631	17.369223	29.217663
623.152100	354.352448	18.243904	30.037035
614.813782	358.624786	21.317877	32.264523
613.409607	363.175018	18.730207	28.476255
612.035889	369.150330	23.253260	30.871737
616.056824	374.497467	18.285156	27.460609
615.792419	379.830048	20.712982	35.013466
612.700012	385.669586	19.158873	30.371536
605.305908	392.408752	24.023853	34.108547
600.985962	398.215851	21.449888	30.369055
593.927551	400.009857	23.944897	35.338814
590.028931	391.746521	18.604292	29.242188
579.887329	367.896118	22.942183	30.556814
585.530212	349.495056	25.180052	28.691326
597.434387	346.031464	19.277483	30.939707
613.187195	350.808472	24.079082	30.201679
634.813293	354.405975	19.064209	26.607595
651.365356	353.172607	27.979004	26.408550
678.334595	351.365662	19.533590	28.704412
692.660400	353.230164	25.675028	28.563622
709.847534	353.530945	19.662682	26.879465
706.021912	347.611603	28.697828	25.440588
711.071411	337.527985	22.139277	25.740036
705.391418	328.262482	29.886383	27.030827
705.643066	321.099579	21.020252	26.113865
694.398804	320.170776	26.036015	25.651020
693.872009	321.583038	25.066912	24.559076
691.014343	322.257935	21.736959	27.229065
689.871948	325.258606	25.828213	25.849705
688.730896	326.225861	21.821888	24.977381
685.246765	329.305450	27.428877	24.092236
688.229309	329.387329	20.731571	26.368313
684.631226	332.396240	27.329527	25.595728
688.939819	333.031921	19.996775	25.571198
683.470398	335.359894	29.465055	24.216272
690.625000	334.706635	18.932903	23.964468
686.052368	335.771088	25.542215	25.106432
690.056824	336.429993	19.004854	24.682859
683.303650	337.701935	28.075624	23.825815
692.197144	337.467865	21.934996	23.902399
688.827393	336.769714	25.046349	25.720600
692.426758	337.541595	22.561138	24.334391
687.493286	337.707764	24.277025	23.443342
685.957520	337.842407	26.768164	22.882687
684.646545	336.247314	21.579515	26.531061
683.045959	337.451874	26.572521	25.309677
686.224304	337.563049	19.509357	23.525208
680.119934	337.783264	29.283497	24.281076
686.681396	335.204803	19.065269	26.398048
679.900513	336.035370	28.277752	25.391125
685.134338	335.166046	18.680826	25.836020
679.231567	335.557434	27.636768	24.709282
683.721069	333.369934	20.596870	25.149017
675.556213	332.046387	26.943119	25.513985
678.818604	330.126770	22.030560	25.315519
671.849426	328.273590	23.828144	25.206598
668.212524	326.610931	27.063799	24.801970
666.723328	323.664307	19.629780	26.316801
661.640991	323.820923	28.142822	24.690025
663.669067	322.651489	19.737968	24.597565
658.242432	322.509064	29.288414	24.080990
662.682129	319.889648	19.055332	25.943827
658.281616	320.865997	29.443659	25.133135
664.851440	319.220184	19.914297	25.167849
660.977173	318.681366	30.266193	24.545582
670.463867	318.426819	20.825741	24.432697
666.313416	318.131592	26.658916	26.188492
670.388916	319.663879	19.829453	25.122190
666.364319	320.936462	24.617992	25.626116
666.354858	321.278229	23.652092	23.372692
662.419617	318.806366	24.584572	26.447599
665.659729	319.404968	24.588356	24.647726
665.117981	317.363464	20.635677	25.435652
663.386658	317.205658	28.923210	24.617643
669.048523	314.290161	19.224464	26.728231
665.001160	313.462799	28.629353	26.075258
667.962830	311.175049	19.197308	25.540579
662.661255	311.621918	28.554918	25.083414
666.443359	308.918732	18.823503	25.587317
663.503601	307.837982	25.985502	25.055147
666.246094	307.587463	18.423670	24.418398
661.056152	306.897522	26.308254	24.538843
664.297607	305.007660	23.364363	24.734274
661.178711	302.985870	24.031483	27.225183
662.755798	301.306274	25.923964	26.053711
663.362549	299.112396	20.152735	25.504475
659.203735	297.834290	28.459425	24.737610
662.626465	292.935120	18.596577	27.472626
656.722961	291.642548	28.684732	26.491127
661.186584	298.062225	17.577852	27.382517
658.261841	312.931946	23.794376	26.635258
657.467590	332.087616	20.461945	26.724922
652.491394	329.291809	26.137552	26.244057
656.279663	327.586884	22.747107	26.635658
654.216187	325.888397	23.954849	26.248907
655.999023	324.089508	26.808298	25.750931
659.796997	318.995056	18.418205	29.178459
