591.000000	328.000000	76.000000	27.000000
586.033569	323.603485	77.316559	30.313725
589.339539	324.492004	69.499878	29.161932
589.624817	324.639252	72.200653	29.814842
598.036133	325.480316	76.186623	27.637890
598.347961	324.722900	74.176132	28.653276
594.931824	324.626617	71.767899	29.512264
602.016479	324.589874	75.569687	28.902084
598.456848	324.266235	72.098801	29.420111
604.175415	323.684479	73.442970	30.057741
603.535034	323.877197	70.749176	29.809031
605.182251	324.030701	70.213470	29.489744
603.898499	325.205048	76.236534	28.853029
608.138245	325.400635	77.497505	29.035936
605.769775	324.998962	78.905106	29.669249
604.156738	325.716949	73.850685	29.596920
605.355164	325.308258	75.833359	30.094790
607.395020	325.889221	77.251160	30.124958
607.638916	326.008698	78.252319	31.367641
608.035889	327.365662	75.364487	29.681208
607.136230	327.185547	78.030998	30.301773
604.354736	327.362366	77.613907	30.690678
606.426575	328.501709	77.942787	30.361160
605.964172	329.148102	74.982101	30.411211
602.066467	328.709900	75.920708	31.862480
604.717896	330.176025	77.304260	30.112610
602.128906	329.826538	76.700928	31.590006
603.611023	330.632324	76.626953	31.168554
602.118958	330.893066	76.274895	31.112757
598.082764	330.395844	75.625870	31.862600
600.402039	330.525055	78.466995	31.622303
600.141541	330.798859	76.330421	32.113380
596.467834	332.081909	77.996849	31.402281
600.198120	332.603027	78.581009	32.037552
594.011597	333.114441	80.052666	31.733097
592.738892	334.030396	80.974007	31.046856
594.591858	333.962982	80.775375	31.454000
593.079163	332.783630	78.528725	33.128525
598.404236	333.107788	76.841301	32.467762
597.330750	333.476562	74.313309	32.459259
599.177673	332.873566	75.605507	34.401241
597.793640	333.049316	72.789886	34.708824
594.739441	333.079468	76.994019	33.293610
595.804626	333.085114	79.200066	33.326809
596.873901	332.471039	75.731110	34.279716
598.013977	333.167053	78.774773	32.445450
596.906921	332.525635	79.143158	34.563286
600.140564	331.174225	77.507484	34.797012
602.014221	331.868011	76.524529	33.632942
606.635803	332.710449	75.198982	32.887390
602.579163	330.488770	76.343468	34.601295
604.309753	330.778046	75.903252	31.844492
605.878601	330.456879	77.495743	33.287804
606.411865	330.482788	76.023827	32.572693
606.970337	329.991364	77.984619	31.929512
608.874512	330.690308	73.419922	31.522446
612.034912	328.974426	75.127556	33.540623
610.375610	329.311523	72.977020	32.892822
614.322876	329.195404	74.708794	32.533188
612.994995	329.460175	78.030411	31.419168
610.601746	329.624084	80.555618	31.326427
619.342346	331.863586	81.285446	30.729561
619.999390	329.268463	81.002991	33.530022
620.327454	332.782257	80.515656	29.864893
621.634216	330.731445	79.305008	32.055481
622.830933	328.984497	80.607834	33.611084
624.277466	331.081116	79.296692	31.073042
624.603577	329.340637	80.451057	33.901001
623.248596	329.124817	81.297249	33.004745
623.307983	329.798889	82.074921	32.398109
621.566956	329.544952	85.471039	31.626244
626.394165	329.863953	80.124947	31.662861
629.397583	330.780151	76.940964	31.557058
631.333618	330.658173	77.699974	31.207970
628.134033	331.046234	77.392105	31.078960
632.377991	331.748260	77.529053	30.193592
627.945251	330.480835	76.792084	31.730650
632.599670	332.164124	75.670525	30.091381
633.405823	331.914215	78.617508	30.049900
630.710693	331.833832	79.519836	30.548864
632.560608	332.235870	79.031265	30.516191
632.497742	332.490997	77.183846	30.436281
633.751160	333.035553	79.585922	29.997532
634.346619	333.307068	76.656914	30.084682
631.275208	333.503540	77.028183	29.681271
631.480408	334.149384	79.143051	28.357050
632.141602	333.917145	77.364372	28.633400
630.166016	334.303009	78.599373	28.894737
627.905029	334.782867	80.968552	28.866619
629.647339	334.998413	78.095398	29.134003
627.494629	335.160278	78.878220	29.953678
627.337158	335.023132	74.059868	29.435663
626.550293	335.498016	75.649139	30.371931
625.051758	335.664886	72.300560	30.860901
622.669250	335.859772	77.504364	30.899097
623.189026	335.887817	76.105667	31.580477
623.224243	335.845459	72.761414	31.389709
622.645508	336.899475	74.280823	31.070835
623.674622	336.226044	71.860085	32.211063
623.055420	336.345886	70.230576	32.740833
624.348694	335.846252	72.040573	33.186668
624.395203	337.287598	69.378563	33.088150
624.139160	336.543884	75.065102	33.097931
624.078247	337.028900	71.071213	32.651588
626.112183	336.606873	70.779884	33.899006
627.116333	337.116089	72.448036	33.720512
626.079529	337.797852	72.734909	32.823799
627.820251	337.160522	74.220413	33.163208
626.663208	337.630859	71.182938	33.219273
631.108643	337.292664	71.055901	33.887058
629.971802	337.690643	69.591179	32.385002
630.613159	336.543945	73.739075	34.475563
631.996765	336.955780	72.190994	33.703102
632.123657	337.280914	72.536888	33.896584
633.040955	337.342041	72.357269	33.467373
634.518066	337.279053	73.124451	33.346519
634.627869	338.334747	71.631226	32.745823
635.278931	337.617432	72.429382	33.630436
636.121399	337.166504	72.964157	34.564304
636.714600	337.253723	72.090691	34.124763
637.722595	337.126892	71.297310	34.214935
637.972351	336.485168	69.948280	34.483128
640.831665	336.636963	70.850304	34.084507
639.850769	336.430206	69.680412	34.378227
638.500671	336.193024	71.855499	34.514194
641.422852	335.300751	71.345329	35.008003
644.911865	335.582947	68.772850	34.682281
645.146484	333.934448	66.571213	36.002945
646.275879	333.613464	65.808861	36.683681
647.783752	333.199615	65.178230	35.868046
647.758728	332.407898	67.113335	37.116123
651.113586	332.603180	62.962711	35.729179
650.480286	331.456635	66.641205	36.843300
649.850891	331.585083	65.680733	36.249332
652.606934	329.885071	64.308754	37.401886
653.060913	330.244507	64.216949	36.663811
653.382019	328.585480	70.573074	39.132343
654.924011	327.923218	69.683334	38.609810
656.542297	327.346619	67.785912	38.722233
657.526367	326.544373	68.982086	38.530022
658.829895	326.245911	69.034698	38.584641
658.990784	325.499969	70.353592	39.690479
661.098083	325.679016	68.640274	38.740162
661.675171	324.068909	67.234413	41.116180
663.132080	323.303589	67.172562	41.651981
664.690063	322.869934	65.499893	40.991665
666.354919	324.199951	61.945953	41.387699
670.619690	324.129211	57.990204	40.927250
669.646667	323.524323	61.772705	42.339283
669.829041	323.440338	61.998589	41.186657
669.894287	324.005341	65.440666	42.266739
671.446533	325.946716	64.702179	41.609035
671.730713	327.081482	66.136841	42.085030
672.750366	330.019440	65.868980	41.640404
674.316345	333.051575	64.897476	40.750504
673.501160	335.237823	67.811806	41.407017
673.418945	338.386505	68.361580	41.567051
675.003784	341.819580	67.782860	42.090927
675.430847	345.805908	66.373199	41.826572
676.720215	349.371094	66.196129	41.841473
679.142090	353.011627	65.383865	42.451099
681.182068	357.572327	61.563530	41.514801
682.171021	361.869293	62.256229	41.967934
682.899658	365.717377	62.945469	41.947414
683.180359	369.804260	63.318172	41.905529
684.967773	374.057068	61.647343	42.404099
686.489624	377.832031	59.226292	41.732281
685.862610	380.993408	59.078007	43.725208
686.797607	385.821991	60.890472	41.772766
688.491577	389.354553	59.401932	42.561665
688.410583	393.234192	61.738369	42.074512
688.554199	396.578369	60.513123	43.132710
690.634521	398.522247	60.660507	43.252953
691.801025	399.865326	58.225212	43.845268
693.054993	401.928772	59.190231	44.204430
693.480225	402.589264	60.080940	44.918098
693.845276	403.238190	62.477833	45.951923
694.658325	402.757812	65.612778	46.517235
694.650757	403.934509	67.557381	45.722923
695.509277	404.751343	66.688416	45.901638
697.018250	405.405182	63.829071	45.290634
696.820374	405.913513	65.124039	45.191448
698.634827	405.794739	67.545547	46.312443
697.921021	407.116608	69.546768	45.366165
698.585876	407.462128	69.167213	46.765038
698.887573	407.712341	69.120522	45.949474
699.079407	407.644165	69.231293	45.899460
700.336548	408.380554	68.322922	44.515812
701.440063	409.379456	67.586258	44.689121
701.513977	409.294525	68.280083	44.891811
701.116638	410.511353	66.606682	44.300770
700.882690	409.671021	64.409485	45.528931
700.549988	411.260803	62.481831	44.322994
697.268311	411.779419	64.140419	45.475494
698.347717	411.808685	62.491749	45.432529
698.144653	412.359924	58.786114	45.607147
697.688354	414.744232	56.628006	45.001522
695.820679	413.099243	61.220528	46.919037
693.149536	414.984283	59.530621	44.913467
692.617676	414.267517	58.894230	46.870651
690.827637	415.271484	60.671078	46.059361
688.738098	415.198517	62.613064	47.193989
687.325684	415.142639	64.377594	47.146332
683.324646	415.195129	64.730324	47.475750
680.930176	418.191193	61.408680	44.686913
679.941345	416.596924	66.999832	45.045143
677.258606	416.052673	67.659035	46.042755
675.025208	418.266571	61.708935	44.924557
669.435303	417.576904	66.147476	45.256065
664.910156	418.834015	67.145668	44.386028
662.077942	418.646698	71.102776	44.190411
660.205933	420.022156	71.323380	41.339039
656.041260	420.079956	72.199455	41.391365
651.427185	419.712677	71.344231	41.649708
648.937927	420.190369	67.576118	40.927082
647.388306	419.654144	73.595894	39.990456
644.905212	419.499634	73.479279	38.992783
641.637512	420.678711	74.764969	39.109104
633.736755	420.133636	68.630791	37.150654
634.870178	421.075104	74.245407	37.223812
632.842468	420.196289	71.284317	36.507927
628.178589	421.764221	69.910889	35.234444
627.302063	419.841187	70.559837	36.248627
624.504944	419.919342	69.608620	35.932522
620.565857	418.900238	70.886269	35.270504
618.053955	418.254242	69.198692	35.728279
615.627991	418.916901	70.555023	34.300621
607.384521	418.257965	68.524719	32.674091
606.542480	417.927460	71.745911	31.851999
602.856079	416.050323	75.817032	32.126427
598.041992	414.777100	71.790565	32.129704
597.077881	414.839264	70.282974	32.540932
592.454834	412.142944	72.381721	32.603455
591.999573	411.692993	70.919960	32.546539
589.134338	410.492767	72.540428	32.533131
584.342346	410.595856	66.044891	33.321312
582.390686	409.087921	66.104713	32.932514
578.159180	405.013306	71.678024	34.331520
575.820068	405.452606	64.939613	34.155022
573.081421	403.623932	67.478813	34.179939
569.227905	400.235657	72.389778	36.496712
565.430847	398.985657	67.543793	35.780273
562.777344	397.901154	69.645676	36.298702
561.986511	397.366791	62.368576	34.757378
559.261902	394.551910	65.755455	37.025898
557.235474	393.980988	62.361752	36.258854
554.951660	390.885803	62.387886	38.247314
555.267029	388.980652	60.474689	39.186909
551.408142	386.957367	63.502987	41.062393
546.105286	384.978485	64.027748	38.940895
543.901367	382.477631	61.705894	42.424381
540.577332	381.837952	62.217503	39.718792
538.615356	380.343567	61.480076	41.166870
535.027649	378.280609	61.348606	40.176785
532.836182	374.537537	62.317390	43.731766
531.360596	372.081177	60.117683	41.875103
529.875061	368.871979	61.649612	43.149509
529.934814	366.627228	56.699970	42.374126
528.683167	363.841217	56.554848	40.283184
524.182800	360.553375	58.139057	43.414555
524.295776	358.585632	55.679184	43.611313
522.235474	355.934357	55.654530	44.669838
519.296509	352.644348	58.209305	47.070339
517.284607	350.665710	55.416759	44.902836
515.048279	346.814178	57.597691	44.299816
514.129333	344.400696	53.475475	43.373886
511.699860	340.759155	57.008472	44.522617
509.938477	337.650513	54.039890	44.498474
506.660645	335.232300	57.099270	44.010612
504.707214	331.735413	57.565907	44.876591
503.819000	329.562073	56.697838	43.183235
502.425690	326.774994	54.635777	43.603657
500.788574	324.009277	54.382565	43.035332
498.343262	321.432800	53.462639	44.234341
498.454254	318.883484	57.935390	46.434540
498.312500	316.743225	58.655544	47.900158
498.856354	313.929016	56.790829	51.229538
497.046906	309.780914	57.437206	56.433571
496.371674	310.167603	56.331089	49.188057
496.611725	306.298798	55.974792	55.081448
494.543060	305.881378	56.349766	53.344482
492.815735	303.985413	58.732059	57.004169
493.603638	303.316345	56.371120	59.494522
490.207916	305.642029	59.284824	51.256554
488.560516	303.655609	61.013374	55.115261
486.428986	301.759583	63.340908	57.691715
485.813812	301.941010	65.421814	59.038822
484.410614	303.521576	64.080742	47.969749
485.028412	302.337067	64.894974	51.547615
481.561371	302.693268	70.224304	54.744400
480.604370	303.480927	69.984718	50.613766
482.284973	301.919312	71.999771	60.681969
473.306915	301.884796	94.574783	69.728020
478.685822	303.278473	108.834404	71.618423
470.055634	302.842987	127.534584	71.976067
469.786255	305.900238	128.347137	65.745651
464.808777	305.453156	125.173080	67.895523
466.856293	307.743286	126.480034	64.485138
466.197266	309.109894	127.366348	59.951313
466.815979	309.900665	128.066147	62.489243
466.584595	311.673950	128.049179	60.658352
469.860016	311.830566	123.812538	60.713692
472.946777	313.064850	119.446991	64.043388
472.666473	313.534210	120.551819	59.705368
472.698853	314.509247	119.816742	59.054939
481.175354	316.540497	110.303009	59.611347
471.245819	312.039124	120.454041	61.984989
473.356628	314.947815	118.301880	59.452869
483.492065	316.690704	108.209961	58.038254
475.813354	315.025391	116.016960	58.322220
474.790771	316.314728	117.198601	54.846596
478.131226	319.580566	113.130638	56.182667
476.208984	314.366821	115.032227	61.442253
483.923431	320.035797	107.284248	60.786781
479.795380	315.720093	111.246170	64.462929
476.523071	317.946716	115.402824	62.641621
482.935333	319.567108	106.490074	62.389725
479.133484	316.382935	110.347542	66.552155
481.403442	322.178375	107.821991	61.880741
476.448242	318.299469	109.360863	65.939468
477.082642	319.226318	110.517227	65.845528
470.880188	316.886353	113.560699	68.197937
473.197754	317.349976	106.256119	63.297218
475.211456	326.956329	102.352592	56.853970
462.940216	322.740814	112.662186	62.733292
458.052399	316.496338	115.146179	67.253311
457.200806	321.864655	111.129982	64.941460
459.434967	323.733215	111.191833	61.897915
464.546783	335.680511	98.531425	49.583202
458.975189	333.500671	103.618965	47.998405
454.931274	327.094421	106.429443	55.708382
449.178345	334.091614	110.575974	51.692894
444.398132	327.056854	110.244400	58.468845
435.146179	323.850677	119.585358	61.853859
442.084167	330.361176	109.028656	53.710209
422.707886	321.692566	120.066666	63.727711
425.524384	329.797699	116.112984	59.015965
409.641785	321.697357	126.257309	60.096291
404.996582	324.071899	128.851715	62.497402
397.374878	324.409302	139.635010	62.309250
390.591064	324.486511	147.629135	62.177803
372.651062	324.392883	164.006683	63.550621
369.944214	323.894806	165.356369	65.098961
365.706879	323.316498	162.426651	65.091324
361.461914	324.146545	171.530243	65.359123
375.554779	324.718506	157.857040	64.781784
356.412415	325.242920	154.424454	66.376236
347.567627	327.028168	171.872681	65.256660
339.619507	329.108734	178.037628	64.174820
348.137695	328.425110	161.421356	64.407928
344.956848	328.609741	163.906738	66.312622
343.250671	330.461517	164.878510	64.225655
341.009766	330.835876	166.697784	66.400749
340.154053	331.313782	170.884583	65.318405
345.834381	332.059570	167.518295	62.912884
354.613892	332.762573	165.640854	62.698147
355.791016	335.683624	162.780441	59.778233
344.010315	336.095734	147.618073	61.430515
349.432251	336.031708	150.663803	64.073044
334.788788	339.518005	173.618530	62.691498
337.553986	340.537415	164.128601	63.415829
336.491638	340.597229	151.607819	65.483162
339.145508	341.088867	144.540161	63.902527
344.591614	341.187042	133.580780	64.249199
338.116211	344.059845	150.390442	65.712158
341.711792	345.075897	139.302231	63.002842
338.115784	349.815796	145.550995	62.540867
341.789215	347.604065	149.598877	59.130520
339.583221	348.157288	146.203003	63.897614
337.815430	350.784515	153.355347	61.608677
344.794312	351.385101	138.743103	56.964027
333.470551	364.040253	161.905228	61.086346
345.435364	357.241852	138.151337	58.698711
348.206787	357.387115	125.982285	60.251999
354.903809	358.100983	110.515686	58.198074
358.915131	359.197021	110.597725	58.009731
357.972229	360.636230	102.799194	57.765324
354.208221	360.745270	110.573692	58.070045
346.585571	365.758636	122.143295	52.498264
343.644714	365.608765	126.305222	54.735546
344.314911	364.346832	124.200752	56.520420
351.142395	365.378784	120.325775	57.490814
348.305573	365.756683	121.824944	57.613762
343.609589	365.175781	126.269005	63.806652
343.951019	364.955109	124.353867	58.460438
348.535736	366.769073	120.213448	55.254677
346.355072	367.871277	118.880150	54.192493
345.198334	369.086823	119.217949	51.208935
343.844788	368.917999	117.448753	54.222309
341.902222	370.504395	120.976501	50.268272
352.009613	368.777985	112.546913	53.413872
350.259888	369.342041	112.952850	49.103996
344.591156	368.791931	115.743202	46.145508
342.818420	370.780670	120.389229	60.034870
339.595551	370.594604	121.049187	64.229454
337.193817	372.784912	125.763596	54.580097
332.858795	371.638580	126.567238	57.158794
339.155487	371.284454	119.708458	52.864822
349.198303	372.087006	115.523796	53.006401
344.739227	372.893158	118.279091	52.038475
344.220581	373.079865	116.120567	52.646069
342.270203	373.438538	119.469872	52.194550
339.543213	374.199036	121.877434	52.889385
334.000366	374.193787	124.861076	51.405052
346.904205	374.847900	117.818604	50.797153
345.882019	374.110687	115.146248	53.534527
346.033691	375.343384	115.249786	50.960674
346.784973	374.435883	113.456856	53.704735
346.250519	376.264313	115.022163	51.524403
344.715942	375.036621	115.720253	53.890503
343.240845	375.789642	118.276344	52.047523
342.437408	377.731049	119.015709	53.799812
336.793182	380.139954	120.803276	47.300896
344.430359	376.092651	117.768768	53.179649
343.043549	375.862610	116.013176	53.818542
345.954468	376.416168	116.497345	53.771046
341.321014	378.139069	121.410507	50.828197
341.748383	378.829773	121.606255	51.016685
342.662994	377.988129	118.062210	52.239666
339.567017	378.310516	121.025368	55.460606
338.838409	377.875244	120.218567	53.176739
345.533905	378.939545	116.410851	54.034676
337.689972	376.718384	124.231606	51.329670
339.040253	377.395386	122.083031	57.622894
337.141052	377.727173	123.202217	52.834198
345.365936	378.671661	115.978409	52.387901
343.418793	374.623169	116.860619	57.401894
344.164337	378.349945	117.837502	54.832790
335.961182	378.395142	125.714348	50.089546
342.148895	378.063629	119.257286	53.847313
333.810059	378.192017	129.363220	54.889191
337.120636	380.473877	124.505798	50.447514
331.806091	378.608368	128.625717	53.907200
338.687653	380.686768	122.710548	47.175484
344.543640	378.667999	119.829254	53.380657
346.392517	376.752136	118.625389	54.535206
344.896301	380.043549	117.474083	50.113934
345.108643	377.820587	117.027641	53.732349
346.423492	376.842010	115.917831	53.985413
348.836304	376.259888	111.860397	56.365845
346.058838	377.371826	112.721153	52.827560
349.886597	378.734589	114.733643	56.289333
341.346527	378.878876	120.622353	53.670094
341.725281	380.864990	120.904465	50.462345
344.026520	380.168579	115.780434	54.168697
340.306488	382.723267	117.352036	48.175182
345.414856	379.464417	112.539268	53.334187
341.384460	381.443054	116.279022	52.236702
333.283234	381.010803	121.366493	50.450974
340.254608	381.007172	114.016357	53.252819
330.432404	380.430237	118.750809	51.468334
323.853149	380.388916	121.665863	57.866852
334.055664	382.122101	113.875763	51.912666
328.971985	381.602509	115.666710	53.602119
319.646149	381.220215	122.232193	53.834808
320.656708	379.537170	118.171219	54.281452
319.614105	381.656219	115.530533	52.238453
306.910309	382.186279	121.395500	52.140377
306.170685	380.659058	118.700821	52.445187
305.630615	381.273102	114.485550	53.553745
299.966156	381.313049	116.467300	53.342812
297.348022	380.642426	116.588341	54.865604
292.916809	380.650635	113.768295	52.933674
283.191986	381.070862	118.026314	55.320026
277.763245	381.619720	115.680450	50.835632
262.705383	381.086090	125.256943	55.399487
267.638245	381.477448	116.338959	53.083500
258.348236	380.242554	120.240158	50.653107
249.858322	380.259430	127.008934	57.276340
248.802994	381.503082	122.426605	54.163811
237.598541	380.817963	126.790764	54.150585
237.577179	381.346863	126.066948	51.766823
234.597916	380.830658	128.055206	54.865108
228.717834	378.851532	128.845825	54.183769
239.655151	380.474304	119.392044	53.684193
238.293503	380.074402	117.032799	53.460491
235.055740	380.396851	116.535561	53.478168
233.501602	379.034393	115.878517	53.966568
224.654419	380.559387	122.311096	57.836216
219.072220	380.250427	122.793358	55.458385
230.138031	380.496582	116.203018	53.494057
221.170258	380.395111	118.988159	57.702038
218.767624	382.871246	118.292137	52.352222
214.890060	381.375031	116.094940	55.380669
205.568802	381.499786	125.966644	58.391132
204.320618	381.964996	124.176285	56.638420
203.924591	383.132477	121.235847	54.367855
209.668289	382.569733	115.026222	54.512352
203.718048	382.052002	118.342949	54.354214
204.800507	383.586609	116.455635	49.849625
190.295929	384.180328	122.448433	54.903313
185.684311	384.759705	120.997215	54.595566
194.717499	384.612030	113.395439	52.741959
190.824661	382.116547	113.167725	55.761547
178.678268	383.271759	120.150909	54.938492
184.472580	383.214844	114.381721	54.319263
173.070526	383.173645	123.894936	60.524254
170.417267	385.503113	123.402069	54.175938
156.559967	385.122650	130.929260	54.608768
159.744110	384.081909	120.952507	54.472301
166.701447	383.080414	112.954239	54.756504
154.024002	383.754517	123.117790	59.579063
145.864548	385.509613	123.862129	55.599010
142.559113	384.243347	124.502785	57.053482
141.230377	384.360931	122.409241	55.187489
132.477600	383.179016	125.901421	57.217484
127.582626	382.728638	125.890038	55.239765
133.972931	382.416962	115.671669	53.006393
125.238815	381.330811	120.920891	52.395477
117.177727	380.149811	122.512039	58.446857
120.212418	380.941193	118.534538	53.183407
111.044350	381.498535	122.880814	51.202618
121.548706	378.799713	114.970284	59.919376
104.064087	380.394379	122.151550	53.429317
111.605057	379.054321	113.111244	53.767769
107.689590	379.345093	116.652000	52.841324
102.141754	379.246735	115.767281	52.435509
99.380020	376.981140	113.920311	51.280392
96.033348	374.238708	113.788773	54.971622
87.677216	374.691376	126.614471	50.899178
81.037613	373.087219	128.534698	52.045441
93.817688	372.265411	119.338020	52.264660
86.986481	371.768097	120.533638	52.670902
91.930588	371.931030	116.949593	51.545097
86.650246	370.755066	117.143234	54.405605
88.355301	370.939148	119.042969	52.331329
91.851593	370.677307	115.118225	51.077953
88.124336	372.196198	117.175858	53.942661
88.629898	370.889618	118.398254	51.768375
90.393845	370.590485	116.646690	52.681503
88.365585	369.546692	117.088707	52.551003
88.614838	369.378204	115.853676	54.007320
86.256851	369.371948	115.514381	58.014847
84.673157	371.534973	114.495354	49.217243
82.940643	370.722839	115.096741	56.032333
82.436180	370.895935	113.010208	53.493263
78.359848	369.455963	114.167564	54.571407
79.233391	370.705170	116.915298	52.422234
77.172523	370.613525	115.191666	54.464859
69.492935	369.573700	114.613525	55.343021
76.680962	369.401398	110.449387	57.878532
70.773140	369.017090	113.735611	56.810089
65.735580	370.083008	111.875671	57.235157
59.254177	371.051239	111.681297	52.494244
59.407597	370.624939	109.851158	57.400776
57.802483	370.701355	110.096329	56.691685
50.833427	371.354523	109.803635	56.061951
46.826950	370.527008	114.942719	57.129330
38.974964	371.788116	112.954063	51.175213
36.864754	371.539703	114.173050	57.354263
34.910854	371.223816	111.085732	55.553043
29.430428	371.623169	113.968491	52.790268
25.958073	373.421875	111.580040	58.013973
32.444103	371.721069	102.789284	57.924694
17.671494	370.384399	110.633118	56.153843
18.032757	371.542877	110.872688	62.122803
2.298031	376.151642	121.829659	55.122898
0.698750	375.621826	120.444756	55.904694
-11.392929	375.830170	124.531036	60.412186
-10.225651	377.026398	115.773781	58.221550
-8.640930	375.828094	114.203033	55.764225
-3.311954	372.024445	104.456734	58.828728
-13.131454	368.664032	108.029541	59.944962
-14.212070	374.189606	106.198738	55.257099
-19.345596	367.843292	111.205414	58.321831
-14.229248	368.999634	101.028381	55.209656
-12.009617	367.228424	93.554817	57.165203
-12.585617	366.082153	89.933563	55.837612
-13.001537	363.724884	88.466728	60.623055
-14.297546	369.486938	88.281586	55.365593
-29.021439	379.046204	95.184875	42.516510
-22.030571	371.829193	89.954453	50.771862
-22.233749	384.631805	87.702942	39.721390
-21.655090	370.514526	86.852142	52.079449
-19.809525	380.837433	81.432037	42.748508
-23.010178	374.638092	80.471191	50.592953
-18.605217	369.519745	77.221268	53.729027
-16.454247	366.708710	76.620987	55.126297
-9.037094	366.349792	65.513428	57.768341
-8.726036	367.028809	65.460098	57.433643
-7.956970	367.634125	63.473999	56.785107
-10.249931	368.838806	66.303818	55.610332
-15.506332	368.718353	71.656860	54.159046
-6.706251	367.584412	61.442135	57.986973
-15.562271	368.277191	70.669617	55.455265
-7.654390	367.357056	62.243534	58.940449
-5.956293	368.825745	60.889454	57.942211
-7.913561	368.795197	62.869480	58.064888
-6.020365	368.909668	60.013874	58.358044
-7.308889	369.634430	62.169018	58.688595
-10.853615	371.970917	64.519394	54.784512
-8.986000	371.311859	63.140884	55.069206
-10.766483	376.881348	63.416389	50.263466
-13.397137	380.620300	65.291100	44.620495
-11.707365	380.662964	62.334774	45.618561
-2.427965	368.891449	54.086491	60.236301
-7.150539	372.010742	60.019829	55.925236
-10.704281	370.024200	65.049004	56.706982
-5.091333	369.734406	59.450214	58.818466
-7.378550	370.928162	61.830433	58.000042
-6.196407	370.737213	60.616051	59.299519
-6.407505	370.679962	60.477364	59.164989
-5.991558	370.960785	61.033836	59.551334
-6.789434	370.445587	60.438519	59.472301
-6.990450	369.906647	62.330814	61.228836
-9.211485	372.254211	63.962124	58.046436
-11.081223	373.688446	64.723938	55.758591
-9.948854	384.107483	62.402439	45.181068
-9.050301	371.751038	61.820358	56.919498
-8.852365	371.679871	62.369831	59.578262
-6.607347	372.911499	60.306767	57.746208
-6.317272	373.404510	59.253960	57.425392
-7.660118	371.840240	61.111832	57.935162
-7.828781	372.406708	61.728271	59.177570
-7.422232	373.617615	60.217419	57.608635
-6.752811	373.403656	59.965523	58.457237
-7.922756	373.210968	62.055962	58.804577
-9.696817	374.216461	63.562000	56.357933
-8.329897	373.772583	61.970554	58.544907
-13.399464	380.270081	67.138069	51.614025
-9.256048	377.962219	61.493511	53.403915
-4.878191	371.629425	58.676823	59.797264
-5.471724	372.992920	60.226986	61.982460
-6.702845	375.195618	61.020649	56.731857
-2.640972	374.948792	55.353539	60.821426
-4.549126	379.560333	58.398361	54.371227
-0.575550	372.413208	54.464912	60.699684
-15.244843	375.522003	70.878174	54.526039
-5.400972	372.474548	63.248112	62.441643
-6.103662	374.750458	62.984119	57.956425
-7.968782	375.595947	63.172703	56.489986
-7.013475	374.305359	63.012241	57.810699
-16.090084	374.044159	73.869621	56.476894
-4.762201	371.811401	62.992817	62.611237
-18.836742	373.778687	77.092339	54.708435
-9.745064	372.073608	67.988052	60.317158
-17.928032	370.632904	77.706467	58.839867
-8.974510	378.913330	66.764999	53.203602
-16.267872	391.442902	71.050026	39.558792
-17.361038	373.472870	74.219055	47.905659
-20.085892	373.101013	79.520966	55.718338
-10.959030	371.883789	73.069702	49.236145
-18.501072	373.278473	76.585732	54.091660
-11.814335	372.519531	71.542885	57.460594
-14.070717	373.037811	74.389511	56.419125
-10.195930	372.322021	69.810257	58.355129
-8.726112	372.779938	68.354233	57.061348
-13.044346	373.354218	71.854500	58.850636
-16.201202	372.066803	76.685486	53.620953
-15.768715	375.608398	75.701462	56.571537
-13.765118	373.609161	73.648277	57.445042
-17.668140	373.992706	76.747475	56.810478
-13.151402	373.058777	74.025673	58.916294
-6.443329	374.138306	66.287811	57.983135
-14.819199	376.199585	74.007294	57.543144
-19.288841	374.940491	79.265671	55.599442
-7.137791	374.610748	67.211464	56.444206
-3.740337	374.259705	65.031883	62.260902
-20.337540	373.623474	81.177490	55.068672
-15.097294	382.036163	75.720375	49.616451
-20.017460	376.107025	80.236519	54.275864
-16.615139	374.082062	77.292046	57.265934
-14.842411	374.857697	76.432808	55.575245
-16.678379	374.965179	77.800606	52.360050
-19.202469	375.633484	80.657196	53.323273
-18.550720	375.300842	79.133270	53.059303
-15.623486	375.457947	76.946587	52.623520
-19.923668	379.134857	78.766586	53.387871
-20.011421	374.176880	82.483841	56.415871
-17.215809	386.052063	78.020851	47.509377
-24.037010	384.688599	82.123306	48.893147
-17.516598	391.419800	77.161095	45.054661
-21.769283	391.561401	80.739952	43.453800
-20.090446	390.592438	79.174820	45.277744
-20.832973	388.926056	79.934929	47.903477
-22.316242	390.435913	80.350502	42.602043
-25.885372	387.140472	82.610741	47.428715
-21.322227	390.445312	80.392715	46.422825
-24.345413	391.171051	81.400543	43.237637
-21.244732	394.206635	81.597252	42.180073
-24.533531	384.214111	82.534775	49.297375
-16.608776	379.009552	81.448448	52.840076
-17.145634	376.669098	79.362587	55.789742
-13.664997	377.224976	75.958107	53.035748
-19.101620	378.820404	81.564079	54.823174
-13.477291	377.727539	75.731255	57.477135
-17.628540	375.280518	80.698547	55.571274
-16.107491	377.601898	78.278030	52.266335
-20.700272	381.572083	83.082550	52.115868
-15.379295	377.074554	81.845840	54.728573
-16.932968	378.408356	79.614716	53.305717
-17.496666	384.784668	79.627548	51.036076
-19.671669	380.105957	81.195328	55.090137
-17.877140	391.432617	79.769508	44.927708
-21.383549	394.758453	82.846901	44.211010
-20.746796	379.810944	83.014984	52.612129
-17.325809	379.738525	79.224495	56.898067
-17.530941	384.981079	81.416313	50.324265
-18.712166	380.432129	80.197281	53.608303
-16.754143	377.370300	82.553513	55.397675
-17.553501	378.300720	79.065071	55.540680
-15.934338	377.539307	78.693169	56.779671
-16.862892	377.223419	79.739243	48.046963
-18.215950	378.568481	81.674728	54.129761
-18.142673	377.308807	81.256783	55.635963
-18.067486	379.453674	80.592186	54.057598
-17.780983	376.330780	80.278427	57.157589
-10.875057	377.601288	73.524040	57.395603
-18.102257	377.075897	81.690048	57.253613
-15.661747	378.105164	79.706978	49.278961
-20.329586	384.134918	81.592064	52.653114
-18.335716	377.501129	80.886490	54.035847
-13.813377	376.324615	76.254532	56.210575
-17.677910	385.867798	78.876389	49.478439
-19.428528	399.220215	78.882904	37.617420
-21.032650	379.837189	81.136955	54.872936
-16.730507	382.226410	79.679184	48.998142
-19.572910	387.666229	80.566292	48.904137
-20.656357	393.400482	79.920410	44.648113
-23.903214	389.608429	83.055267	47.638351
-20.011288	378.739258	83.030327	53.494347
-13.179485	379.121826	75.427483	54.795624
-15.446060	380.058929	75.419159	55.070671
-11.337711	378.822510	70.831917	57.011131
-9.659737	379.217834	68.577408	58.366146
-4.270134	378.726715	60.720352	60.971134
-3.780802	380.411377	58.539661	59.835537
-3.896568	380.528168	57.035294	60.215866
-2.769859	380.788757	49.609299	61.048473
-5.549458	379.886627	48.139015	62.540195
-5.057348	379.159790	44.901623	61.746441
-5.395866	379.591675	40.333878	58.722080
-10.147903	376.928314	43.041351	49.582253
-6.352509	378.935547	33.198486	49.459435
-3.633645	379.252899	25.852312	55.683651
-3.633645	379.252899	25.852312	55.683651
-3.633645	379.252899	25.852312	55.683651
-3.633645	379.252899	25.852312	55.683651
-3.633645	379.252899	25.852312	55.683651
-3.633645	379.252899	25.852312	55.683651
-3.633645	379.252899	25.852312	55.683651
-3.633645	379.252899	25.852312	55.683651
-3.633645	379.252899	25.852312	55.683651
192.793396	425.269989	38.263599	44.853477
271.630646	443.687286	42.645554	50.119137
271.630646	443.687286	42.645554	50.119137
271.630646	443.687286	42.645554	50.119137
271.630646	443.687286	42.645554	50.119137
252.007904	443.852295	36.874741	42.671528
252.007904	443.852295	36.874741	42.671528
164.659409	432.780212	48.564026	36.313087
151.211426	434.966492	56.315147	31.877426
148.191467	435.041504	58.975376	32.154690
140.767014	431.363983	60.656258	33.725021
140.767014	431.363983	60.656258	33.725021
234.321259	441.246521	52.740959	25.416243
147.163956	449.633240	50.705841	17.679155
149.287964	450.780151	49.106228	14.101288
149.355164	450.967285	48.582279	14.220711
148.752335	450.973938	49.490292	14.189484
92.675850	452.568512	51.891418	11.205849
151.958069	451.277222	48.564823	13.817906
89.574127	452.802643	48.009151	11.491398
86.379036	452.891052	57.319729	11.695386
144.415375	451.954468	50.854515	13.727771
87.216873	453.019775	57.496849	12.587831
154.291595	452.034821	53.775200	15.861870
221.951920	453.490295	51.775555	16.074394
208.339142	452.636017	56.421417	18.913734
221.056259	452.444092	48.987606	20.040016
221.387833	453.705719	56.070618	17.908022
282.525146	452.459900	51.802219	26.389566
344.700745	451.883728	52.627029	29.996458
337.510101	450.157806	67.066261	28.364704
329.078217	448.713684	73.508492	32.294708
325.176208	448.746338	79.194054	25.381721
322.110718	450.205109	75.788467	25.194748
304.234009	448.562286	81.082855	32.466167
304.234009	448.562286	81.082855	32.466167
304.234009	448.562286	81.082855	32.466167
304.234009	448.562286	81.082855	32.466167
304.234009	448.562286	81.082855	32.466167
289.780151	450.358368	103.112617	30.004688
289.780151	450.358368	103.112617	30.004688
289.780151	450.358368	103.112617	30.004688
289.780151	450.358368	103.112617	30.004688
289.780151	450.358368	103.112617	30.004688
289.780151	450.358368	103.112617	30.004688
289.780151	450.358368	103.112617	30.004688
289.780151	450.358368	103.112617	30.004688
289.780151	450.358368	103.112617	30.004688
289.780151	450.358368	103.112617	30.004688
289.780151	450.358368	103.112617	30.004688
289.780151	450.358368	103.112617	30.004688
337.938202	450.994110	89.264938	26.555496
436.627563	459.936920	82.295677	37.072624
527.410095	395.160370	77.399284	31.880888
527.314453	397.248413	75.417778	29.489237
528.010437	398.934875	72.901131	29.276987
525.555237	398.089783	73.261841	28.624668
522.795288	398.884521	73.836777	29.091269
522.624084	397.125885	73.757416	32.160923
524.640564	397.435852	72.765717	32.819115
522.966492	396.355103	72.715546	32.998661
522.786682	397.455658	73.057899	31.789282
528.100952	399.055359	72.163742	29.849491
525.333801	398.866364	70.757050	29.609613
523.005127	397.703613	69.944611	30.477798
521.840332	398.033112	68.273262	31.165524
522.809448	397.384186	73.165138	30.280626
521.481445	398.059814	71.021667	30.215822
520.379822	398.203278	74.915245	30.280155
520.931091	398.481476	74.897835	29.992788
520.798706	397.706360	72.117935	30.638985
515.971863	398.630615	74.321808	29.494003
517.451294	397.711945	74.117592	30.328112
515.934998	397.117371	73.370346	30.606445
514.337585	396.732300	73.730072	31.051863
512.813843	397.851410	73.535110	29.476955
509.571655	397.784485	75.437256	28.984219
506.067627	397.645355	74.734734	29.515926
502.577087	396.801544	73.924080	29.515570
499.887726	394.085052	74.664619	33.029884
498.645172	395.751404	74.842949	29.991341
499.232574	397.618805	75.965652	27.403431
490.721069	394.690155	78.915802	30.450687
485.704559	393.717346	79.715523	32.245426
482.964539	394.313507	80.402237	30.113886
479.983704	393.993622	83.435074	31.750296
479.347351	394.118073	83.272362	27.767702
474.573395	393.693237	82.741165	31.956644
475.852234	394.886169	84.877106	29.622976
473.925018	395.198578	84.788765	29.852467
477.939270	395.006805	81.163925	29.720648
482.522339	394.501312	78.803246	28.258772
488.978058	394.421600	74.697105	27.240187
502.353668	394.006378	62.688423	25.074461
487.178986	392.668152	72.371910	28.765633
506.192139	392.920013	59.783100	28.248877
498.085144	393.710480	65.826019	27.616594
505.319519	393.813385	64.104019	27.804588
494.647339	393.690277	67.663948	27.928799
492.634460	394.079865	69.618271	27.734957
496.680603	392.611694	69.777077	28.138662
496.284332	393.964569	74.964401	27.969244
501.441711	393.610657	75.162979	29.071884
498.595276	394.017487	71.822899	29.232525
496.866791	394.544037	69.253258	27.508097
494.277222	394.248718	70.106819	28.228922
492.901489	392.471588	69.757698	30.116966
491.683899	389.970947	68.808952	32.025055
492.074249	390.542511	62.636436	31.734898
489.254547	390.772278	65.775696	31.865900
488.171570	391.329681	66.994904	31.696035
483.791199	390.423035	69.380394	32.343002
481.935394	390.978271	68.461365	33.112999
481.504852	392.456238	62.287418	29.937138
479.838013	390.270172	58.805248	33.341038
476.461914	390.635773	57.518085	32.544201
473.326996	389.745850	59.507282	33.305439
471.654388	390.710938	59.144413	31.212696
469.515625	388.335266	56.421032	32.815872
466.518341	388.800873	55.267025	33.321804
463.874359	389.029236	53.026066	31.207672
465.896606	387.216156	46.802425	31.699209
465.681152	387.920227	43.307930	30.976723
465.157593	391.373505	43.211140	29.124960
461.142883	391.879547	46.697292	29.228573
464.145203	399.155853	44.064949	24.030296
461.101532	401.447357	41.938217	20.150290
461.605499	401.762848	40.773861	20.103397
389.986603	404.679077	29.955242	29.584030
462.601898	401.494720	40.191021	22.789686
386.716461	403.921814	30.917767	30.554684
381.580261	402.126251	34.641056	33.762966
379.396088	402.211578	34.090050	33.003643
375.380005	402.338501	33.249035	34.787903
375.380005	402.338501	33.249035	34.787903
377.519073	403.649658	33.456738	34.237274
470.014282	404.171173	35.941341	27.979816
473.942291	405.371399	33.998562	34.715553
470.517151	406.050385	36.985771	41.093697
465.807922	410.438324	43.215397	34.225262
465.048401	407.131500	47.757679	39.443535
461.235596	411.617188	49.984962	34.196056
462.656006	409.081757	48.260483	33.227776
462.988251	410.694641	45.242935	23.461226
465.040405	409.392975	50.946098	27.583241
453.701874	411.307861	50.340969	31.966248
458.022522	407.558807	62.707451	23.704538
463.606232	412.985229	70.300743	18.756769
458.277649	412.887817	64.716415	20.522810
450.082184	413.276031	63.797958	18.810619
449.358490	414.376434	57.723686	21.896900
445.576782	411.148193	62.487335	22.175154
442.717316	408.093048	62.563225	27.651190
436.152039	406.791046	69.062927	25.862162
430.316315	406.333496	77.610542	28.109188
424.096375	406.704956	85.519516	24.944305
422.631989	405.830292	83.261574	27.036598
424.119751	406.384705	85.932327	24.563791
417.082123	405.205933	78.058144	28.479755
411.537262	404.862915	84.239937	27.646065
418.956238	404.329163	92.933388	26.505442
417.178711	404.221710	87.056221	26.547495
415.442230	403.877319	87.080322	28.029629
408.125336	403.796692	96.365074	26.673498
416.234283	403.767578	93.793396	27.054573
416.183533	404.030640	90.907982	28.463482
416.644470	404.110046	88.210693	26.242046
431.378632	403.455536	75.866066	25.550516
421.398407	404.488007	90.163986	26.798164
421.879456	404.158081	86.781647	26.499092
422.681671	404.042419	86.081985	29.424509
423.787964	404.551514	85.953773	27.199718
425.733673	404.864471	83.109764	28.281515
424.157166	405.429810	84.922195	27.307098
426.742767	405.044006	83.061531	27.050991
446.126099	405.090759	67.424957	27.146214
435.869171	405.077789	76.485741	29.039270
447.503967	405.533722	66.207787	28.538738
454.466278	407.108276	62.157280	25.480625
455.558685	404.688354	61.305271	28.364712
444.069702	408.053040	71.566704	25.724871
453.886719	406.927246	64.784424	27.536480
454.519836	405.992798	64.182381	29.720320
448.790100	407.889618	63.624176	27.776718
445.404907	408.102997	65.237717	27.844082
455.231537	405.745544	56.836437	31.177834
447.690430	408.166046	62.381687	28.602148
444.392853	408.895081	67.779167	28.622723
442.508606	409.505005	67.903709	27.393833
441.980682	408.632294	68.881638	28.951803
442.114380	410.615784	71.652748	27.138750
438.903809	410.224579	68.353790	27.632401
439.011536	409.750946	66.225471	27.912249
437.194153	409.503387	64.387993	29.345562
434.282898	408.544769	68.484329	30.307690
430.846436	410.486237	77.612457	28.646521
428.889252	410.283478	71.286369	27.698959
425.434906	410.102600	80.370750	29.460657
421.467102	409.502045	88.318390	30.326242
421.375427	410.708008	80.632179	27.442524
420.197968	409.271545	87.458138	32.132427
417.195892	410.118317	89.711205	30.953753
416.953735	411.473419	84.375633	28.939068
409.214539	410.457397	84.424995	31.820482
409.310028	410.392303	83.832741	30.822943
411.902832	410.976562	82.066803	32.456554
410.341400	411.232086	82.254456	29.662973
406.362793	410.858215	80.902969	31.767017
404.445648	411.394318	81.531807	30.444984
397.873840	411.607910	81.617462	29.469990
394.899963	411.008087	84.138626	32.640881
395.584717	412.006439	83.543892	31.994099
392.730042	412.510406	83.350967	30.446283
389.414856	412.953949	84.921677	30.722183
387.038940	412.748352	84.280739	32.388767
384.091949	412.692474	84.897568	33.527687
384.835144	413.930267	81.039314	32.459797
386.773590	414.959595	78.621841	29.519058
381.941071	414.258331	78.222633	32.867344
382.767578	414.403320	77.209541	28.903954
378.915558	414.593689	77.725327	31.317841
376.593842	415.441101	77.012878	30.872229
379.530060	416.703705	72.176086	29.283796
373.335541	416.286377	73.759216	29.948935
373.079041	415.822754	74.756935	30.001608
369.577759	416.819855	73.634407	29.127659
376.428528	415.751740	66.839302	29.080843
365.792023	416.423096	71.131454	29.345015
366.732666	416.671875	66.214851	29.408657
364.747406	416.030945	65.212112	30.341745
363.599762	415.812164	62.964409	30.853395
362.452637	417.169678	65.513718	30.188719
363.674805	415.950104	65.439072	31.454182
363.055115	416.863098	65.841827	30.627989
363.815002	415.630951	66.269318	32.096672
363.204010	416.699371	67.393333	31.212807
364.374451	417.550293	70.440407	31.511040
365.631012	418.597351	69.195724	29.538544
365.394440	418.854492	67.136879	29.816072
366.336853	418.585693	69.426674	30.136093
368.261169	418.003937	68.161072	29.492283
368.664734	417.723114	70.032173	30.781269
370.202362	418.468262	73.865273	29.204687
369.569794	421.380463	77.202080	27.696529
374.411499	418.646393	74.112152	29.596901
374.966400	418.863098	70.560486	28.899536
375.093445	428.332275	63.473930	20.463001
380.868591	427.786560	55.115639	21.553156
384.892365	419.129456	56.753548	29.025827
382.476440	421.807434	70.560616	28.201984
383.541595	426.190948	75.229004	24.048773
392.520660	420.041901	68.464516	29.081339
390.457550	419.254181	68.923630	29.969723
392.575500	419.778839	68.530945	29.011559
405.061249	419.612152	58.760117	28.611427
409.172180	421.484467	55.580078	26.693661
412.212769	422.620270	54.307926	26.545399
413.667206	421.943634	55.780842	28.093412
415.721283	422.288544	54.430801	27.509098
416.267609	423.115143	56.748600	26.749441
415.116333	422.713806	58.403515	26.825916
417.676422	422.536774	56.515629	27.613859
415.515076	423.369629	62.279316	28.015751
411.500946	423.414795	65.765457	26.676559
413.719238	423.901947	59.554039	26.193180
414.842224	422.954773	52.310646	27.091017
414.375305	422.107117	55.698357	27.794315
413.290192	422.913574	55.580986	26.640448
413.747803	422.906128	58.616020	26.938709
425.584045	431.842407	47.405834	19.863356
427.049316	425.287292	44.638779	25.174040
425.831360	432.917023	42.876656	18.178749
431.668335	421.315002	37.878918	24.303284
433.035553	419.429901	33.720440	26.708204
431.419403	419.414368	36.241493	25.947353
416.862244	429.687073	44.098671	23.590075
420.520233	425.604370	40.784622	25.304893
413.209412	430.554993	44.757038	21.704588
421.659576	420.747833	40.980118	26.861429
422.961182	421.724182	34.900482	28.280376
428.904999	417.576111	24.978643	32.541805
428.316467	417.328430	23.676504	32.058868
429.826843	416.359497	19.384182	34.042904
430.724182	414.702454	15.746106	37.208611
428.194916	413.116547	18.125481	44.465431
429.190796	414.385376	17.152069	51.964890
428.694641	415.066711	15.970519	51.396450
430.218140	415.853516	10.064623	51.667770
447.205627	428.441254	15.609882	38.928528
446.592957	432.294708	15.172870	29.175907
446.592957	432.294708	15.172870	29.175907
446.592957	432.294708	15.172870	29.175907
446.227875	435.624115	14.379462	23.167110
445.673035	434.897430	15.553133	23.827818
444.855438	435.075348	17.899866	22.467232
445.292816	430.673492	21.934017	21.549450
444.271149	429.877686	24.336390	24.676783
443.467163	429.821259	23.030857	29.474821
505.660461	387.654266	18.475006	27.313318
505.712494	388.367645	16.320000	27.495111
504.632812	388.275208	15.792145	26.577307
453.783417	428.731720	18.316212	21.738651
437.904083	430.285370	19.656206	25.150545
459.095795	426.831848	21.344805	24.625656
497.964233	388.219971	16.186098	27.302948
497.705780	389.093384	14.401278	26.125931
494.961761	388.884583	15.617479	26.227489
494.048157	389.070099	14.704039	25.738583
529.733337	427.953491	19.393818	28.978771
463.482819	422.435181	33.436455	33.004543
438.795563	424.817810	42.477257	29.239674
436.664825	423.768768	66.420708	30.239445
421.308777	421.670258	86.018944	33.734863
418.093018	420.799713	88.434875	32.491768
417.770935	420.230591	89.119186	35.069916
415.690613	420.985626	93.367279	32.517208
426.618774	421.802155	84.761673	31.402620
436.970276	422.789825	71.148369	29.478186
439.520813	424.239380	72.991150	29.672609
444.366821	423.746704	67.982742	27.645689
445.929504	424.660645	60.673134	27.104137
443.338776	424.817841	61.697170	28.482759
446.563232	429.566559	56.618946	24.641945
446.618225	424.078491	63.456772	29.598967
447.393646	423.455231	69.917625	29.449619
449.243530	424.538696	69.325348	28.642628
450.348175	423.062347	68.619560	29.816120
449.158722	423.760315	77.709465	28.593040
448.104065	422.717529	74.692276	33.622223
450.744263	421.503113	70.548988	36.647636
452.419464	420.507141	65.543953	36.553093
453.168030	423.122803	56.098362	30.027182
458.284241	421.892975	70.246246	33.800030
452.262512	422.187836	62.548115	33.882381
469.012817	423.937836	46.810669	29.051596
470.686035	421.336884	62.564465	33.996750
462.096680	422.126007	76.949333	31.255920
459.963531	422.753296	83.149292	36.333298
460.943848	419.782990	99.220795	44.277309
460.672546	421.307892	101.055855	50.767769
460.638458	421.734802	102.139542	47.299377
463.618256	423.132812	99.090271	51.799271
467.984711	421.316010	96.243126	47.180607
462.137207	421.685516	101.099373	52.088867
475.790375	422.064087	87.855148	47.427887
480.967377	421.033081	82.919243	51.180511
483.574249	421.721741	79.080368	52.012531
483.447327	421.072083	79.545074	51.164227
484.367767	421.380310	80.419388	49.568600
486.409119	419.868103	79.248749	48.802948
489.938477	420.900269	74.891212	49.334808
488.379272	420.311462	79.917847	50.437981
487.772919	418.895691	78.485046	53.666222
492.185150	418.868042	78.094666	52.294521
492.536865	419.317963	79.354630	51.340855
493.176056	419.135803	79.501175	49.489468
503.940308	416.052307	68.606468	42.840618
507.270081	418.968689	67.250458	31.612501
