0.098658
0.062815
0.064394
0.061941
0.069332
0.063972
0.062915
0.062139
0.066149
0.065595
0.064644
0.065056
0.065223
0.063080
0.063947
0.062828
0.062255
0.062305
0.064501
0.064872
0.073215
0.070405
0.070200
0.064121
0.065613
0.062441
0.070743
0.069152
0.064595
0.064522
0.064375
0.069306
0.062766
0.064306
0.064023
0.064403
0.062096
0.064413
0.065334
0.062021
0.075208
0.063873
0.064435
0.063780
0.063947
0.064052
0.062298
0.063832
0.064014
0.041371
0.063568
0.065586
0.062105
0.063896
0.064092
0.061721
0.042954
0.061564
0.063422
0.043111
0.075354
0.064340
0.064029
0.064205
0.061982
0.065100
0.064158
0.062055
0.064636
0.064250
0.064012
0.063944
0.064326
0.062135
0.062449
0.064517
0.064562
0.064283
0.063871
0.063431
0.075928
0.065240
0.064226
0.062543
0.064602
0.062542
0.064242
0.064395
0.062864
0.062962
0.063483
0.060828
0.064232
0.063479
0.063918
0.063450
0.062959
0.063198
0.063299
0.061032
0.072845
0.062487
0.060375
0.062568
0.062281
0.062153
0.062003
0.063093
0.062576
0.060235
0.062186
0.062318
0.060098
0.060376
0.063432
0.060327
0.061975
0.062076
0.060438
0.062899
0.075079
0.062738
0.061353
0.062316
0.060849
0.063452
0.063478
0.061644
0.063167
0.062778
0.060380
0.062173
0.062018
0.064226
0.062676
0.062223
0.060808
0.062071
0.062363
0.060023
0.075556
0.062476
0.060308
0.062162
0.062135
0.062653
0.062608
0.061787
0.062442
0.062612
0.062557
0.062383
0.062774
0.062979
0.060376
0.062355
0.062173
0.062464
0.063116
0.062515
0.072586
0.060973
0.062211
0.060406
0.060301
0.062696
0.060912
0.063010
0.062509
0.062307
0.060162
0.062013
0.062449
0.062791
0.062909
0.060453
0.060016
0.060030
0.060248
0.062318
0.074311
0.062180
0.063108
0.063092
0.062873
0.062664
0.062935
0.062399
0.061236
0.062572
0.062301
0.062337
0.062178
0.063234
0.062815
0.062868
0.062722
0.060999
0.063169
0.063438
0.072132
0.063040
0.063602
0.062570
0.062246
0.062058
0.063756
0.062582
0.060208
0.062322
0.062506
0.060652
0.061671
0.061159
0.063103
0.061246
0.063133
0.062763
0.062493
0.063668
0.071626
0.062352
0.061933
0.062447
0.062306
0.063105
0.063905
0.063465
0.060779
0.064502
0.063547
0.065239
0.062141
0.063807
0.063509
0.063205
0.060719
0.062384
0.062649
0.063368
0.074079
0.060600
0.064124
0.063088
0.062589
0.063258
0.063109
0.062913
0.062761
0.063127
0.060987
0.063134
0.061624
0.062755
0.060549
0.062845
0.064797
0.062955
0.063141
0.062786
0.074415
0.063234
0.061579
0.063476
0.063554
0.062212
0.063610
0.061362
0.061444
0.063727
0.062263
0.062035
0.063587
0.063388
0.061091
0.062799
0.062876
0.062881
0.063480
0.062796
0.072010
0.062918
0.063087
0.064130
0.063820
0.062859
0.063009
0.061204
0.060923
0.062758
0.062902
0.063601
0.061137
0.062868
0.063125
0.063770
0.063590
0.064657
0.061046
0.062545
0.074074
0.061424
0.063305
0.062791
0.064446
0.063370
0.060995
0.061217
0.063942
0.063767
0.063084
0.061828
0.063423
0.063155
0.064374
0.063279
0.063596
0.063973
0.063151
0.063704
0.074798
0.063879
0.063820
0.064202
0.065333
0.060791
0.062759
0.063084
0.061381
0.063175
0.063935
0.063328
0.063518
0.064731
0.064315
0.066578
0.064296
0.063365
0.063442
0.065413
0.076385
0.066500
0.063835
0.064155
0.064027
0.066256
0.062693
0.064644
0.066647
0.064859
0.066470
0.065952
0.065981
0.064601
0.065559
0.063794
0.061799
0.063260
0.087243
0.082957
0.076979
0.067583
0.111898
0.154065
0.193187
0.065235
0.068864
0.068074
0.067640
0.067717
0.064860
0.064667
0.064498
0.065115
0.063851
0.066294
0.064132
0.064408
0.063490
0.062740
0.074482
0.063169
0.064221
0.062718
0.062290
0.060386
0.062157
0.062566
0.063952
0.063015
0.063169
0.060923
0.062469
0.063627
0.060706
0.062734
0.062241
0.062729
0.062663
0.062558
0.074602
0.063708
0.062732
0.060597
0.062377
0.062056
0.062740
0.062446
0.062408
0.042053
0.062352
0.062553
0.060578
0.064303
0.062995
0.060771
0.060429
0.062784
0.060613
0.062712
0.074806
0.060568
0.063051
0.064300
0.061459
0.066586
0.066608
0.064689
0.061469
0.063136
0.061194
0.063831
0.065789
0.063439
0.063241
0.063197
0.061526
0.063063
0.063400
0.063242
0.072763
0.061246
0.062891
0.061926
0.063129
0.063246
0.061094
0.060708
0.060935
0.062750
0.062761
0.042087
0.042012
0.042636
0.040263
0.064014
0.062881
0.060724
0.042164
0.045178
0.046113
0.042991
0.041930
0.019720
0.041580
0.042014
0.041443
0.041991
0.041436
0.039661
0.041793
0.042337
0.019626
0.039471
0.043030
0.042175
0.040201
0.041982
0.039954
0.040349
0.047724
0.042084
0.041897
0.041718
0.040793
0.042143
0.042129
0.041790
0.042196
0.043408
0.040557
0.040370
0.040763
0.042058
0.042259
0.040505
0.042161
0.040821
0.042608
0.040898
0.048020
0.040447
0.040350
0.040665
0.041995
0.040356
0.042717
0.040286
0.041954
0.042443
0.040811
0.042727
0.042051
0.042195
0.041950
0.041950
0.041900
0.040226
0.042211
0.042109
0.047821
0.042179
0.042410
0.040144
