0.098108
0.062186
0.063405
0.059877
0.060894
0.062460
0.062471
0.061921
0.061701
0.062094
0.061399
0.060416
0.062255
0.062187
0.062820
0.060603
0.060583
0.041668
0.042542
0.041646
0.043136
0.039538
0.040544
0.043266
0.041615
0.040588
0.041873
0.044964
0.042977
0.044642
0.041485
0.041075
0.041466
0.039984
0.041709
0.041666
0.041389
0.041855
0.039372
0.044323
0.041057
0.039325
0.044837
0.041614
0.041159
0.045280
0.043220
0.043875
0.042136
0.042146
0.042148
0.041929
0.041862
0.040253
0.042137
0.042300
0.042105
0.042642
0.042313
0.042429
0.048345
0.063135
0.066104
0.066262
0.063239
0.062992
0.062572
0.062524
0.062487
0.066472
0.063011
0.061846
0.063199
0.061438
0.063822
0.063730
0.064238
0.063213
0.061009
0.066123
0.073959
0.062731
0.063451
0.061437
0.064598
0.063357
0.062590
0.062933
0.063072
0.063112
0.068361
0.061476
0.063204
0.062880
0.062500
0.065749
0.062235
0.066718
0.063098
0.060448
0.073638
0.062348
0.062253
0.060270
0.060318
0.060274
0.061206
0.061965
0.061750
0.061674
0.061388
0.062584
0.060361
0.061862
0.062066
0.062691
0.063120
0.062588
0.065171
0.063698
0.063037
0.065122
0.068271
0.064147
0.062360
0.064857
0.063159
0.062679
0.062833
0.062911
0.061033
0.063492
0.063400
0.066406
0.066189
0.063165
0.066391
0.063448
0.067827
0.063468
0.074883
0.062960
0.061174
0.063421
0.064555
0.064310
0.063145
0.066180
0.066370
0.064176
0.063332
0.064519
0.068082
0.061715
0.063480
0.064056
0.063333
0.064819
0.061776
0.063552
0.072976
0.063449
0.063041
0.066586
0.061929
0.064541
0.063689
0.063448
0.063215
0.061360
0.064053
0.063403
0.063522
0.063523
0.061229
0.063633
0.063548
0.063877
0.064032
0.062346
0.074621
0.063423
0.061463
0.064111
0.064326
0.063874
0.063848
0.064179
0.064045
0.062197
0.064037
0.063521
0.064606
0.063673
0.061724
0.061914
0.064499
0.062357
0.061031
0.063084
0.072555
0.063327
0.063436
0.063412
0.060691
0.062912
0.060966
0.061993
0.061931
0.062326
0.061736
0.061729
0.061199
0.059393
0.062850
0.061399
0.060740
0.061713
0.061533
0.060598
0.072217
0.061609
0.062176
0.060767
0.062608
0.060315
0.062398
0.062084
0.062073
0.062977
0.059859
0.062410
0.062220
0.063854
0.062460
0.062057
0.061225
0.062151
0.062238
0.060031
0.073509
0.062076
0.062709
0.059942
0.062117
0.062119
0.061971
0.061604
0.061152
0.062162
0.059576
0.061330
0.061782
0.062003
0.062738
0.061993
0.060339
0.061687
0.061250
0.061997
0.073252
0.061876
0.063932
0.061595
0.060479
0.060477
0.061913
0.060100
0.062165
0.062732
0.060179
0.060256
0.061763
0.062179
0.060355
0.061189
0.060202
0.059923
0.062529
0.061632
0.073036
0.061552
0.061076
0.061679
0.059494
0.061963
0.062073
0.062017
0.062344
0.063241
0.062145
0.062014
0.062007
0.062246
0.060086
0.062210
0.061865
0.061832
0.061630
0.061511
0.070886
0.061288
0.064063
0.060484
0.061841
0.061986
0.062262
0.061972
0.060285
0.062503
0.061477
0.062516
0.059929
0.061359
0.061601
0.062147
0.063545
0.062429
0.062376
0.061729
0.074169
0.062422
0.063213
0.062237
0.063549
0.061881
0.062726
0.062181
0.063395
0.063157
0.063331
0.062203
0.062590
0.062216
0.060286
0.063024
0.063214
0.061425
0.063438
0.063158
0.072753
0.064557
0.063988
0.062152
0.061408
0.062940
0.061020
0.062962
0.063501
0.062778
0.063407
0.066564
0.063811
0.063507
0.061694
0.064086
0.062522
0.065620
0.064083
0.063770
0.075108
0.063783
0.063448
0.063007
0.059947
0.062142
0.061902
0.061609
0.062339
0.059977
0.062284
0.062417
0.062716
0.062215
0.063256
0.060324
0.060501
0.061984
0.062593
0.062420
0.071661
0.058451
0.061104
0.062018
0.063216
0.061857
0.062162
0.062695
0.061813
0.062222
0.062441
0.060468
0.060591
0.059772
0.062482
0.061980
0.061274
0.061569
0.061600
0.062017
0.071717
0.062220
0.060748
0.061801
0.059471
0.059702
0.059526
0.062897
0.059461
0.059348
0.059767
0.061553
0.062896
0.060284
0.060928
0.061852
0.059788
0.061503
0.061808
0.061679
0.073600
0.062037
0.061318
0.059435
0.059928
0.062268
0.060694
0.062593
0.062065
0.060193
0.062482
0.062341
0.060215
0.062053
0.063957
0.060105
0.062038
0.060008
0.059438
0.062780
0.074034
0.061869
0.059813
0.059910
0.059619
0.060257
0.062432
0.062341
0.061719
0.061594
0.061888
0.062905
0.061683
0.063006
0.062381
0.062826
0.060342
0.062700
0.062152
0.059884
0.074875
0.062021
0.059751
0.062118
0.061847
0.061373
0.062121
0.062360
0.061689
0.061814
0.059785
0.059635
0.061656
0.062007
0.061731
0.061719
0.061601
0.059449
0.061738
0.061583
0.072263
0.062854
0.062112
0.062153
0.062720
0.062033
0.060115
0.062832
0.060223
0.060230
0.062320
0.061579
0.061708
0.063225
0.063745
0.062772
0.062314
0.062279
0.061334
0.062266
0.074080
0.060462
0.062124
0.060042
0.061923
0.061047
0.061867
0.061523
0.060670
0.061703
0.061445
0.061524
0.061601
0.061675
0.061516
0.061625
0.061721
0.061954
0.061489
0.059778
0.072063
0.060445
0.064192
0.062473
0.061911
0.061705
0.060601
0.061891
0.061755
0.061687
0.062047
0.062046
0.062273
0.062219
0.059732
0.062254
0.060642
0.062285
0.061684
0.062105
0.073711
0.059940
0.061461
0.061953
0.062697
0.060135
0.062963
0.061962
0.061723
0.063107
0.061835
0.061795
0.061637
0.060081
0.061761
0.061461
0.061636
0.061549
0.061337
0.062472
0.071520
0.062536
0.062060
0.062988
0.061692
0.061778
0.062608
0.061650
0.059689
0.061494
0.061803
0.061556
0.061507
0.061417
0.061603
0.061974
0.062508
0.063062
0.062349
0.061807
0.073894
0.062152
0.062728
0.062735
0.062371
0.062923
0.062588
0.062780
0.060682
0.062439
0.061115
0.062559
0.063170
0.062536
0.061662
0.064593
0.061981
0.059684
0.061150
0.062295
0.072740
0.059654
0.061749
0.061128
0.061360
0.060548
0.060302
0.060103
0.062448
0.062931
0.061573
0.060150
0.061881
0.062439
0.063801
0.063774
0.062538
0.061110
0.061413
0.063278
0.074345
0.061482
0.063230
0.063021
0.063323
0.066362
0.064672
0.063411
0.066041
0.066269
0.066075
0.063093
0.066636
0.066454
0.064176
0.065939
0.067711
0.068884
0.069222
0.068743
0.072093
0.069654
0.066611
0.063876
0.070024
0.065958
0.062764
0.064455
0.065812
0.070046
0.064576
0.064594
0.064789
0.063655
0.063251
0.066625
0.063971
0.067624
0.063148
0.062679
0.072863
0.063187
0.063332
0.063954
0.062177
0.062536
0.063715
0.062690
0.060810
0.063499
0.064593
0.061759
0.064198
0.061698
0.062152
0.062517
0.062464
0.062060
0.062209
0.061514
0.072859
0.061750
0.062183
0.061572
0.062232
0.059426
0.061414
0.061244
0.061827
0.060710
0.060879
0.061482
0.060953
0.061327
0.060087
0.062097
0.062565
0.062701
0.063001
0.061868
0.072705
0.061447
0.062331
0.061295
0.061589
0.059787
0.061587
0.061383
0.061513
0.062006
0.059735
0.061973
0.062058
0.061558
0.059704
0.062551
0.061326
0.060054
0.061616
0.062292
0.073250
0.061487
0.062027
0.061020
0.060883
0.062387
0.061858
0.059487
0.061647
0.059637
0.061237
0.062368
0.062125
0.061640
0.061787
0.062539
0.061635
0.062148
0.061975
0.061169
0.072550
0.059526
0.059558
0.061479
0.061801
0.059857
0.061622
0.061291
0.059789
0.059807
0.059202
0.061336
0.061406
0.060289
0.061242
0.062164
0.061071
0.061165
0.061568
0.061324
0.072260
0.062608
0.060040
0.059019
0.061099
0.061836
0.062363
0.059481
0.062102
0.061009
0.061236
0.059251
0.061383
0.059153
0.061244
0.062116
0.061303
0.060971
0.061639
0.059620
0.073807
0.061705
0.060548
0.061725
0.060111
0.062422
0.063139
0.062223
0.061180
0.062221
0.061763
0.062702
0.061565
0.061424
0.062086
0.061905
0.061556
0.059855
0.061504
0.059410
0.072256
0.062880
0.062369
0.061980
0.061649
0.060104
0.060015
0.061990
0.063706
0.061933
0.061711
0.062477
0.062183
0.061813
0.062251
0.062288
0.061942
0.059955
0.060329
0.063997
0.073322
0.063728
0.063983
0.063580
0.061767
0.063537
0.063511
0.063357
0.061624
0.061426
0.063776
0.063563
0.061598
0.059867
0.062083
0.060897
0.060048
0.062161
0.061694
0.059687
0.072934
0.064234
0.062162
0.063832
0.062067
0.062253
0.064028
0.065292
0.064910
0.064602
0.065811
0.063908
0.065897
0.066078
0.064219
0.065624
0.063526
0.063839
0.061150
0.063516
0.073968
0.063334
0.063833
0.065842
0.063111
0.063472
0.063800
0.063329
0.065511
0.063414
0.064331
0.060954
0.063732
0.063644
0.061405
0.062266
0.063392
0.063028
0.062874
0.063516
0.073795
0.062729
0.060774
0.061783
0.061883
0.062221
0.060550
0.062471
0.063124
0.062703
0.062441
0.061873
0.062884
0.062133
0.061389
0.062001
0.060440
0.061948
0.061832
0.060862
0.073155
0.061775
0.060942
