0.099326
0.066743
0.065650
0.065325
0.065574
0.064991
0.064801
0.065027
0.062567
0.064683
0.064508
0.063152
0.065067
0.064738
0.064501
0.064301
0.064367
0.067098
0.064066
0.063147
0.072548
0.043713
0.063578
0.063303
0.065050
0.062086
0.064083
0.066706
0.065032
0.062437
0.064591
0.064480
0.064132
0.063714
0.063846
0.061784
0.064242
0.065310
0.064910
0.064220
0.075760
0.062247
0.063985
0.065083
0.064781
0.065065
0.063279
0.064007
0.064235
0.066825
0.063196
0.062808
0.063040
0.063292
0.062772
0.063848
0.061136
0.063175
0.063592
0.062877
0.074373
0.064974
0.063346
0.062924
0.062767
0.063016
0.062823
0.063240
0.063174
0.063167
0.066215
0.066100
0.063632
0.066701
0.065303
0.062974
0.063114
0.063620
0.064007
0.043756
0.050065
0.064440
0.043609
0.062289
0.043563
0.041629
0.043480
0.044318
0.045037
0.043605
0.043436
0.043394
0.043323
0.043223
0.064147
0.043856
0.064337
0.064654
0.043156
0.043144
0.048876
0.043122
0.041954
0.042619
0.064828
0.043290
0.064646
0.064846
0.065784
0.067372
0.067266
0.063889
0.063697
0.061967
0.067385
0.063714
0.067561
0.067193
0.067230
0.066933
0.074837
0.066988
0.063670
0.063479
0.061542
0.042538
0.063396
0.063437
0.041013
0.042075
0.043111
0.042658
0.042613
0.042684
0.043510
0.062652
0.061972
0.061963
0.063840
0.066922
0.068773
0.066856
0.064614
0.063641
0.066046
0.062435
0.061628
0.065794
0.063001
0.062844
0.062692
0.062985
0.063594
0.062959
0.062687
0.061113
0.063351
0.062455
0.063681
0.062854
0.072083
0.060649
0.062594
0.062487
0.062920
0.062926
0.060739
0.062316
0.061848
0.062659
0.063220
0.065958
0.062702
0.062619
0.065971
0.063191
0.064419
0.062764
0.040802
0.066121
0.046585
0.041765
0.063118
0.064079
0.062821
0.062841
0.063042
0.062878
0.060982
0.063574
0.062912
0.062705
0.062838
0.062840
0.064113
0.063202
0.060981
0.062521
0.062956
0.062569
0.074235
0.063266
0.063607
0.062938
0.063065
0.063434
0.063613
0.061963
0.063728
0.064430
0.063829
0.063760
0.061107
0.063877
0.061573
0.061204
0.042863
0.042435
0.040587
0.042818
0.048842
0.044160
0.062883
0.042535
0.042288
0.042327
0.042299
0.040750
0.066477
0.042717
0.062911
0.066253
0.067225
0.066898
0.063859
0.063355
0.061596
0.067171
0.063682
0.067597
0.075618
0.061604
0.063358
0.063722
0.061862
0.063141
0.064250
0.064621
0.062787
0.063451
0.063235
0.063143
0.066513
0.063881
0.061595
0.063192
0.063287
0.063380
0.063879
0.064010
0.073661
0.064299
0.063831
0.063788
0.063822
0.060546
0.062418
0.062678
0.066548
0.066558
0.066841
0.066788
0.064549
0.066812
0.061348
0.063475
0.046857
0.043687
0.043146
0.063970
0.072110
0.066229
0.062692
0.065745
0.063317
0.064571
0.063570
0.063093
0.062549
0.063303
0.063158
0.062883
0.063345
0.061360
0.063286
0.063923
0.063197
0.069513
0.067573
0.066385
0.068773
0.064487
0.066033
0.062862
0.062774
0.063272
0.063349
0.061880
0.062691
0.062683
0.064167
0.062695
0.063841
0.064197
0.064636
0.064556
0.062965
0.064604
0.064307
0.065432
0.073880
0.064494
0.064877
0.063847
0.065353
0.065740
0.065099
0.065380
0.064941
0.065455
0.065409
0.065995
0.065304
0.065008
0.064857
0.065475
0.065002
0.065249
0.062600
0.064422
0.075891
0.062865
0.064756
0.066189
0.062882
0.065139
0.065682
0.065217
0.066175
0.064135
0.065518
0.065579
0.065378
0.065270
0.065574
0.065922
0.064947
0.065116
0.064939
0.065036
0.077940
0.065383
0.062891
0.062973
0.064810
0.063234
0.065331
0.065416
0.064889
0.063149
0.065237
0.064948
0.067573
0.067762
0.067712
0.067755
0.067651
0.067660
0.064924
0.062204
0.072706
0.066603
0.063261
0.067040
0.070340
0.070636
0.065221
0.067130
0.067031
0.065003
0.062923
0.067062
0.063408
0.063882
0.063711
0.062219
0.068551
0.064592
0.061436
0.064141
0.074960
0.063753
0.064712
0.062090
0.063320
0.063825
0.063636
0.061595
0.062852
0.063417
0.062908
0.063298
0.062695
0.063707
0.063605
0.063597
0.063411
0.063342
0.063148
0.064294
0.075082
0.064184
0.062508
0.062744
0.062551
0.060416
0.064970
0.063119
0.063363
0.062932
0.062649
0.060879
0.062661
0.062641
0.063027
0.063121
0.063392
0.063169
0.063571
0.063632
0.072731
0.063715
0.063131
0.062702
0.061518
0.061869
0.063321
0.063433
0.061578
0.062632
0.062188
0.063824
0.062280
0.062480
0.066506
0.060656
0.062585
0.042430
0.045254
0.041996
0.048034
0.042933
0.042301
0.042320
0.040325
0.062908
0.065660
0.062293
0.063131
0.061462
0.062839
0.063227
0.062731
0.062386
0.062646
0.061196
0.042463
0.042324
0.040723
0.040513
0.047842
0.041849
0.042320
0.042404
0.042556
0.040669
0.042642
0.042085
0.060794
0.066310
0.064537
0.063445
0.065121
0.063436
0.063966
0.063816
0.063399
0.063472
0.065320
0.063168
0.074291
0.063084
0.063053
0.063616
0.063698
0.063241
0.062668
0.062810
0.062994
0.063057
0.064867
0.063357
0.063602
0.063306
0.063200
0.062459
0.065351
0.064722
0.061319
0.063919
0.074540
0.063518
0.064393
0.063476
0.061487
0.063174
0.063302
0.063260
0.064410
0.063153
0.062545
0.062451
0.062939
0.060461
0.063796
0.062662
0.062194
0.062793
0.062652
0.062590
0.077187
0.062918
0.062715
0.063349
0.061788
0.063329
0.063345
0.063868
0.061919
0.064316
0.063935
0.063738
0.065606
0.064824
0.063499
0.064146
