0.106403
0.063669
0.064086
0.063630
0.064124
0.064633
0.063641
0.063488
0.063463
0.065643
0.062269
0.063433
0.064924
0.071575
0.079000
0.062745
0.060584
0.065149
0.063060
0.063797
0.071859
0.063563
0.062469
0.068431
0.064255
0.064754
0.062484
0.060122
0.062839
0.063628
0.062300
0.061733
0.062937
0.062239
0.061752
0.062953
0.064970
0.062464
0.063059
0.064041
0.074030
0.063104
0.063587
0.060844
0.065335
0.063719
0.062846
0.060677
0.064231
0.063129
0.064386
0.062345
0.060614
0.074634
0.062510
0.063032
0.063689
0.063735
0.064071
0.064485
0.074485
0.063265
0.062907
0.062686
0.064898
0.063704
0.062725
0.113737
0.082765
0.068890
0.064553
0.090693
0.112555
0.069288
0.062249
0.063163
0.061872
0.063805
0.064226
0.064817
0.072582
0.062012
0.060064
0.061826
0.062881
0.059643
0.063908
0.062061
0.061532
0.065116
0.062214
0.059039
0.061188
0.061080
0.059057
0.061777
0.061970
0.062437
0.063435
0.063234
0.075232
0.062162
0.062087
0.061802
0.063160
0.062825
0.066251
0.063170
0.066804
0.062871
0.063124
0.064394
0.063979
0.063417
0.067214
0.063840
0.064839
0.068073
0.063666
0.063544
0.074574
0.063584
0.064602
0.065598
0.064099
0.063895
0.063107
0.061829
0.061568
0.063395
0.062951
0.063522
0.063365
0.063398
0.040897
0.042797
0.061479
0.041883
0.064368
0.062652
0.073642
0.064552
0.063940
0.061979
0.064278
0.063818
0.064130
0.063581
0.064299
0.064634
0.065764
0.064775
0.041365
0.064261
0.043584
0.042351
0.063928
0.064221
0.063879
0.063632
0.073427
0.064902
0.041337
0.064351
0.065109
0.063919
0.064828
0.064154
0.047498
0.042006
0.043061
0.044581
0.046155
0.045025
0.046129
0.045957
0.046005
0.042654
0.042783
0.042975
0.049040
0.041080
0.042924
0.042723
0.042835
0.042825
0.043914
0.041712
0.042347
0.042936
0.042702
0.042855
0.042769
0.042600
0.041084
0.042753
0.040928
0.043474
0.042850
0.042810
0.046101
0.042625
0.040784
0.042739
0.042999
0.044069
0.043954
0.042773
0.042744
0.042649
0.042734
0.042765
0.042786
0.042744
0.042749
0.043791
0.042941
0.041124
0.041109
0.042862
0.048356
0.063723
0.043563
0.043021
0.043157
0.042449
0.040659
0.042638
0.042448
0.042453
0.042617
0.042384
0.043584
0.042595
0.042480
0.042418
0.042683
0.042362
0.040581
0.042607
0.074108
0.060417
0.041477
0.041362
0.039838
0.062099
0.062006
0.041651
0.042586
0.041483
0.061517
0.040071
0.042004
0.062095
0.039925
0.041638
0.042081
0.043463
0.040807
0.060204
0.073978
0.063644
0.063226
0.062887
0.063176
0.062647
0.063127
0.062809
0.060266
0.062548
0.062918
0.064430
0.060919
0.062707
0.062457
0.063076
0.062499
0.061262
0.060680
0.062545
0.072836
0.059805
0.061939
0.063581
0.065737
0.062016
0.060743
0.062330
0.062296
0.059907
0.063166
0.061966
0.062361
0.060680
0.062409
0.062454
0.063228
0.062733
0.063186
0.063507
0.074077
0.060699
0.061907
0.063309
0.062888
0.062799
0.062836
0.062761
0.060582
0.063129
0.062671
0.062621
0.064087
0.061430
0.062614
0.062517
0.062342
0.062467
0.062132
0.062091
0.073420
0.061995
0.061564
0.060513
0.061291
0.063743
0.060372
0.061831
0.061878
0.060924
0.061786
0.061919
0.039771
0.041681
0.041412
0.039571
0.041730
0.042311
0.041607
0.041407
0.045478
0.041777
0.041203
0.041786
0.039858
0.041813
0.041401
0.060131
0.062084
0.063158
0.062070
0.061856
0.062014
0.062703
0.065148
0.063513
0.062301
0.063736
0.065979
0.064287
0.074123
0.062833
0.059988
0.061806
0.062721
0.060273
0.062316
0.060090
0.063035
0.062830
0.061481
0.060395
0.063087
0.062074
0.063173
0.062123
0.062295
0.062156
0.062220
0.065793
0.073424
0.062119
0.062083
0.065209
0.063670
0.066284
0.063481
0.060274
0.065383
0.065544
0.065210
0.063930
0.068918
0.068751
0.066781
0.065800
0.069215
0.065836
0.063345
0.062626
0.071835
0.066485
0.062684
0.060685
0.063559
0.062593
0.061004
0.063041
0.062602
0.062081
0.063801
0.062728
0.062142
0.062940
0.062640
0.060206
0.060746
0.064175
0.063004
0.062895
0.074062
0.062882
0.062864
0.063150
0.062386
0.063128
0.063613
0.062865
0.063111
0.062690
0.066966
0.066186
0.063116
0.063957
0.062981
0.062959
0.062800
0.064421
0.066525
0.062996
0.072206
0.063068
0.062886
0.064543
0.062870
0.060933
0.062883
0.063226
0.060781
0.063323
0.062870
0.063822
0.062707
0.063273
0.060470
0.062562
0.063799
0.062812
0.066179
0.063496
0.075022
0.061440
0.063980
0.060957
0.065601
0.065026
0.062577
0.065409
0.064939
0.064865
0.064082
0.065048
0.064851
0.062740
0.065253
0.062923
0.064483
0.066163
0.065005
0.062493
0.073618
0.064227
0.062321
0.062845
0.062858
0.063277
0.063431
0.062113
0.062771
0.062422
0.062482
0.061550
0.062683
0.062371
0.062133
0.062366
0.062415
0.062337
0.063019
0.062819
0.072144
0.062316
0.061495
0.059781
0.062772
0.061100
0.062429
0.062948
0.062085
0.062040
0.061992
0.060047
0.060153
0.062142
0.060288
0.061986
0.061963
0.060497
0.064337
0.062524
0.075371
0.062281
0.061926
0.060506
0.060603
0.062521
0.062652
0.062973
0.062577
0.060633
0.060326
0.062675
0.061380
0.063404
0.062709
0.060656
0.062539
0.061933
0.062110
0.062248
0.074157
0.059986
0.062521
0.062576
0.060671
0.064006
0.063569
0.062796
0.060558
0.062732
0.060128
0.062430
0.062314
0.063498
0.062724
0.062856
0.060034
0.061997
0.061939
0.065109
0.071505
0.061777
0.062602
0.062513
0.061792
0.062075
0.063131
0.062364
0.060607
0.060472
