0.095376
0.063086
0.062912
0.062758
0.063765
0.063453
0.061510
0.063095
0.064598
0.061497
0.062968
0.063337
0.062711
0.063336
0.061798
0.062093
0.063723
0.064688
0.064922
0.065441
0.073727
0.065223
0.063128
0.065336
0.064018
0.066359
0.065312
0.063019
0.063929
0.063959
0.063490
0.064325
0.043483
0.062016
0.064333
0.065547
0.065061
0.064549
0.063458
0.062025
0.074986
0.065036
0.062393
0.064003
0.063096
0.064388
0.063915
0.064006
0.063538
0.063452
0.065151
0.065558
0.062413
0.064131
0.062599
0.063813
0.062201
0.062132
0.064157
0.064318
0.074950
0.064255
0.063873
0.062042
0.064070
0.069173
0.064362
0.062730
0.062716
0.062753
0.060997
0.066080
0.063102
0.060816
0.062648
0.062557
0.062154
0.062698
0.063627
0.061272
0.074378
0.062876
0.063051
0.062802
0.062890
0.063054
0.063519
0.063073
0.063024
0.063136
0.063199
0.062963
0.062238
0.060400
0.062317
0.062459
0.065953
0.060905
0.062886
0.063243
0.073802
0.062369
0.060540
0.065966
0.062452
0.064476
0.062742
0.062397
0.062198
0.062376
0.062677
0.063044
0.061539
0.062973
0.062761
0.062869
0.062784
0.062333
0.063370
0.062620
0.072419
0.063082
0.062598
0.062867
0.062763
0.062428
0.060552
0.062577
0.062716
0.062841
0.062610
0.063570
0.063657
0.060924
0.062588
0.062498
0.061642
0.040119
0.061032
0.062189
0.073475
0.063112
0.061041
0.060709
0.063092
0.065922
0.064041
0.063152
0.061794
0.063115
0.062987
0.063535
0.063028
0.063013
0.060875
0.063284
0.061334
0.064288
0.062804
0.064571
0.075963
0.063248
0.060476
0.062474
0.063727
0.062956
0.062755
0.065834
0.063127
0.062335
0.062758
0.060800
0.063922
0.067655
0.066180
0.060865
0.060738
0.064213
0.063549
0.063987
0.072065
0.062676
0.062501
0.063290
0.060518
0.063181
0.061232
0.061581
0.062792
0.060712
0.063999
0.062701
0.062573
0.062061
0.062869
0.060554
0.062717
0.062706
0.062615
0.062966
0.075847
0.061395
0.062840
0.063794
0.061249
0.063079
0.063138
0.061416
0.062681
0.060811
0.061220
0.060844
0.064022
0.061038
0.062042
0.062894
0.066604
0.062979
0.062834
0.062843
0.072532
0.064089
0.063435
0.062685
0.062697
0.060708
0.062568
0.064372
0.062902
0.062726
0.062781
0.062249
0.060901
0.063415
0.063500
0.063125
0.042360
0.040420
0.060891
0.063002
0.074642
0.064489
0.063198
0.062750
0.062569
0.062638
0.062578
0.063231
0.062315
0.060299
0.065414
0.062404
0.063167
0.063474
0.063255
0.064493
0.062716
0.062681
0.062149
0.060756
0.075415
0.062761
0.063375
0.063415
0.040622
0.062647
0.062676
0.064430
0.063532
0.061741
0.061134
0.062925
0.062005
0.063427
0.063035
0.061004
0.060645
0.062350
0.062283
0.062347
0.071266
0.064455
0.065250
0.064555
0.064066
0.064368
0.065097
0.063906
0.061910
0.063733
0.063772
0.063724
0.064056
0.064265
0.061751
0.063601
0.064074
0.063844
0.063646
0.065573
0.074961
0.066994
0.063996
0.067834
0.062663
0.063083
0.060628
0.062459
0.062963
0.064311
0.062663
0.062865
0.060977
0.062371
0.062065
0.060823
0.062762
0.062430
0.060816
0.062801
0.074074
0.062720
0.064198
0.063899
0.060922
0.062742
0.063641
0.063425
0.063646
0.063724
0.063810
0.062036
0.063783
0.066874
0.063631
0.063877
0.064962
0.063767
0.064339
0.063236
0.072660
0.062887
0.062855
0.060909
0.063311
0.061033
0.062850
0.063330
0.063596
0.063038
0.063610
0.064128
0.063377
0.063245
0.063412
0.061732
0.063882
0.064246
0.061621
0.063698
0.075571
0.063762
0.065401
0.065066
0.063569
0.064406
0.064232
0.061970
0.062225
0.064131
0.065338
0.064061
0.062431
0.062410
0.064121
0.064149
0.066713
0.064275
0.064233
0.067240
0.072971
0.062001
0.063953
0.064908
0.062331
0.063945
0.064191
0.062247
0.063960
0.069327
0.064476
0.062211
0.063967
0.063820
0.063972
0.064089
0.064745
0.064305
0.066835
0.063323
0.075327
0.063898
0.064023
0.064195
0.062031
0.064110
0.064083
0.063724
0.067582
0.064807
0.064483
0.064522
0.064679
0.064876
0.062911
0.065308
0.066280
0.063557
0.065198
0.065448
0.076799
0.069233
0.064741
0.066522
0.071992
0.068416
0.068247
0.068392
0.067573
0.062418
0.063630
0.063848
0.067290
0.063049
0.068460
0.065895
0.064533
0.064321
0.064521
0.064394
0.076075
0.064189
0.063520
0.064694
0.064283
0.063805
0.064048
0.061512
0.063178
0.063674
0.063902
0.063818
0.064005
0.064890
0.069612
0.067444
0.064097
0.062953
0.066402
0.064156
0.074961
0.063738
0.063202
0.061408
0.063417
0.061910
0.064015
0.065131
0.067586
0.067260
0.064708
0.061392
0.063767
0.063180
0.063325
0.063648
0.063454
0.061599
0.063998
0.063315
0.072223
0.063666
0.062832
0.063871
0.061903
0.062400
0.063948
0.064779
0.063244
0.062847
0.062902
0.063742
0.063230
0.061120
0.063025
0.061677
0.063405
0.062961
0.063802
0.063518
0.075174
0.063674
0.063655
0.066958
0.064168
0.063601
0.062902
0.062805
0.063109
0.064627
0.063630
0.061630
0.063051
0.063012
0.060782
0.062848
0.060994
0.061988
0.063144
0.062626
0.074495
0.063217
0.065518
0.061298
0.066611
0.063179
0.061123
0.063356
0.040842
0.062944
0.042840
0.040779
0.021709
0.021849
0.063529
0.040545
0.066229
0.063222
0.064250
0.064481
0.072359
0.062899
0.063341
0.063501
