0.100773
0.064735
0.066312
0.065955
0.065624
0.066630
0.066745
0.064719
0.064570
0.065575
0.064977
0.066597
0.064451
0.064822
0.064612
0.064485
0.065100
0.066423
0.066646
0.066905
0.072757
0.064437
0.064637
0.066262
0.068683
0.066517
0.065866
0.063995
0.066092
0.063600
0.065696
0.063613
0.065599
0.066314
0.063227
0.063689
0.063983
0.061798
0.061549
0.062616
0.075001
0.065356
0.063715
0.065796
0.063699
0.065061
0.064947
0.065447
0.065013
0.063362
0.066247
0.065625
0.068262
0.067879
0.068437
0.068143
0.066164
0.068922
0.069312
0.063139
0.076290
0.062717
0.066006
0.066507
0.065268
0.067251
0.063026
0.065100
0.062878
0.066060
0.066526
0.062898
0.064777
0.063862
0.062510
0.066009
0.062710
0.064597
0.064546
0.065055
0.073365
0.065288
0.065050
0.063848
0.066002
0.067700
0.065714
0.068338
0.065090
0.066179
0.067798
0.067834
0.065300
0.064305
0.067196
0.065070
0.062581
0.064438
0.062864
0.062571
0.074003
0.062537
0.062436
0.064895
0.062592
0.064342
0.064859
0.065462
0.062551
0.064743
0.062979
0.063610
0.062594
0.063791
0.063790
0.043143
0.064330
0.064499
0.062368
0.062321
0.078371
0.063096
0.063386
0.064745
0.064652
0.062748
0.062473
0.064559
0.065057
0.065194
0.063293
0.063102
0.065706
0.063984
0.065716
0.065231
0.065263
0.062924
0.062615
0.063268
0.072274
0.065088
0.065135
0.063219
0.065210
0.067797
0.068962
0.068505
0.068764
0.063160
0.063489
0.066656
0.061636
0.065466
0.065332
0.065294
0.065551
0.066371
0.064005
0.063827
0.077643
0.065464
0.063176
0.066414
0.063745
0.065585
0.063593
0.065797
0.065657
0.067269
0.065610
0.063634
0.065262
0.065973
0.065369
0.063248
0.063158
0.064967
0.064773
0.063129
0.074366
0.065568
0.065534
0.065230
0.063204
0.064861
0.063158
0.065409
0.063100
0.062380
0.065576
0.065392
0.066104
0.066169
0.064575
0.066456
0.064994
0.066038
0.064802
0.065849
0.074689
0.065357
0.065542
0.063155
0.066365
0.063545
0.064759
0.063695
0.065531
0.063352
0.068056
0.065597
0.064414
0.065284
0.063527
0.064878
0.066239
0.063510
0.066114
0.065727
0.076942
0.064953
0.063974
0.065233
0.063238
0.064983
0.062128
0.063660
0.062762
0.062094
0.064336
0.064807
0.064113
0.063850
0.062797
0.062110
0.063961
0.063980
0.062007
0.063752
0.073809
0.061925
0.061880
0.063064
0.064326
0.061895
0.064588
0.063912
0.061582
0.062164
0.062259
0.061865
0.064174
0.062623
0.064210
0.064708
0.063388
0.064882
0.065294
0.065713
0.074921
0.063824
0.063613
0.065713
0.067287
0.063562
0.063865
0.065989
0.064651
0.065776
0.066253
0.063691
0.065676
0.063676
0.065592
0.063454
0.064277
0.065749
0.064783
0.066335
0.076905
0.066249
0.066018
0.063984
0.063519
0.066238
0.065896
0.064024
0.065843
0.065763
0.065382
0.065438
0.064407
0.068239
0.066234
0.066111
0.065873
0.066187
0.065766
0.065541
0.077004
0.065479
0.065198
0.065324
0.066052
0.066863
0.063611
0.063724
0.064694
0.065752
0.065619
0.066345
0.065617
0.065790
0.063560
0.065608
0.063779
0.065033
0.066156
0.066864
0.076966
0.065373
0.063653
0.063292
0.065296
0.065422
0.065114
0.065512
0.066337
0.066729
0.066347
0.064232
0.064024
0.066666
0.067700
0.064170
0.066088
0.065740
0.063339
0.065447
0.079233
0.064519
0.065761
0.063644
0.063326
0.063659
0.064872
0.063675
0.065998
0.063912
0.063935
0.065813
0.064783
0.065409
0.065933
0.063515
0.063413
0.068365
0.065809
0.063228
0.074929
0.063627
0.063356
0.063936
0.066483
0.065857
0.065909
0.063633
0.063540
0.065612
0.066365
0.063360
0.065156
0.063132
0.062829
0.065253
0.065429
0.063263
0.065234
0.065777
0.075223
0.066968
0.063728
0.065618
0.065279
0.065064
0.063584
0.066231
0.065593
0.065511
0.064508
0.064058
0.065512
0.064097
0.063818
0.066256
0.065752
0.063595
0.063539
0.066386
0.076896
0.064709
0.066377
0.063632
0.063653
0.066513
0.066700
0.065669
0.066311
0.065832
0.063377
0.065973
0.065547
0.065659
0.065940
0.063466
0.066016
0.065776
0.065985
0.063929
0.077092
0.066910
0.067410
0.063741
0.065857
0.065610
0.064433
0.064552
0.064505
0.065202
0.062987
0.063407
0.065705
0.066400
0.066829
0.065849
0.063954
0.063632
0.065948
0.066858
0.076377
0.063777
0.063685
0.066050
0.065346
0.062435
0.064949
0.064414
0.064513
0.062372
0.062238
0.063649
0.063197
0.064180
0.064419
0.064191
0.062220
0.064361
0.065430
0.064277
0.076400
0.063688
0.064730
0.064339
0.062682
0.063980
0.063753
0.062133
0.062410
0.064349
0.065841
0.062500
0.064591
0.062523
0.062545
0.064105
0.065570
0.064533
0.063716
0.064328
0.073475
0.062507
0.063837
0.064083
0.062330
0.062177
0.064727
0.062652
0.062911
0.061901
0.061790
0.063785
0.064163
0.062127
0.062718
0.062102
0.064119
0.062196
0.062043
0.062215
0.074430
0.065380
0.062279
0.064219
0.062076
0.063298
0.062561
0.064333
0.062055
0.062302
0.062238
0.062509
0.062948
0.062399
0.065033
0.064222
0.063674
0.061933
0.064034
0.064126
0.076200
0.065215
0.065002
0.064818
0.065122
0.062587
0.063382
0.064563
0.064725
0.065537
0.062550
0.062485
0.064543
0.064848
0.064669
0.064299
0.064391
0.062287
0.065704
0.062335
0.073637
0.064620
0.062600
0.063935
0.064073
0.061761
0.061566
0.061392
0.062418
0.063264
0.063298
0.062510
0.063562
0.063670
0.063575
0.063417
0.062898
0.064251
0.064106
0.064837
0.074945
0.062636
0.063676
0.064730
0.061271
0.063620
0.063566
0.061328
0.063148
0.063066
0.061176
0.063286
0.061043
0.062636
0.041897
0.040339
0.042557
0.061266
0.063535
0.061061
0.048308
0.042717
0.042687
0.040751
0.042427
0.040747
0.042097
0.043017
0.042924
0.042886
0.042838
0.042865
0.041358
0.063726
0.042544
0.040447
0.042326
0.042125
0.042131
0.042193
0.019864
0.019709
0.021360
0.020396
0.020452
0.042073
0.039971
0.041848
0.040356
0.040193
0.042477
0.043594
0.043151
0.062785
0.061181
0.063967
0.061419
0.062919
0.042470
0.043081
0.046269
0.040423
0.042454
0.040612
0.042430
0.042325
0.043875
0.043941
0.040623
0.040573
0.042349
0.040797
0.042816
0.042640
0.042805
0.043155
0.040890
0.042750
0.040822
0.040811
0.046377
0.040746
0.042626
0.044798
0.042830
0.042611
0.042418
0.042445
0.042457
0.040551
0.040642
0.041143
0.040749
0.040578
0.040563
0.042363
0.042579
0.042557
0.040567
0.043365
0.047825
0.043014
0.041323
0.062026
0.061685
0.063499
0.068601
0.065186
0.068237
0.061990
0.064990
0.069682
0.067384
0.066756
0.065642
0.065551
0.067568
0.067089
0.065620
0.067451
0.072855
0.067782
0.067342
0.067160
0.068374
0.066467
0.067647
0.068507
0.068402
0.068355
0.065995
0.068954
0.067367
0.070758
0.067514
0.064536
0.067508
0.063656
0.065700
0.067723
0.076010
0.068560
0.067474
0.065351
0.067102
0.064111
0.065424
0.064960
0.064162
0.065464
0.064139
0.064189
0.062376
0.063049
0.064124
0.064252
0.063938
0.062025
0.064245
0.064702
0.075361
0.063748
0.065249
0.061952
0.061811
0.065107
0.063111
0.064128
0.065377
0.064874
0.061724
0.066982
0.067868
0.067844
0.063569
0.064967
0.065370
0.073535
0.063128
0.063356
0.073612
0.063238
0.065424
0.065409
0.063105
0.064970
0.063185
0.064981
0.063120
0.063553
0.063542
0.063749
0.065716
0.066489
0.062256
0.065709
0.062530
0.064594
0.062481
0.065577
0.076005
0.063666
0.064957
0.065407
0.062959
0.065124
0.063703
0.063528
0.063630
0.065620
0.063643
0.067643
0.064649
0.065759
0.065892
0.063771
0.063330
0.065345
0.065561
0.063190
0.074587
0.065110
0.062897
0.063299
0.064172
0.063090
0.063035
0.065181
0.062818
0.063121
0.065585
0.065003
0.064811
0.064918
0.063083
0.062937
0.068337
0.064861
0.065056
0.065073
0.076177
0.062957
0.063596
0.062946
0.065643
0.065405
0.062875
0.062713
0.064791
0.062954
0.062228
0.064847
0.064326
0.065104
0.063649
0.063022
0.062756
0.064856
0.063263
0.065062
0.074685
0.063630
0.063208
0.065631
0.063171
0.065081
0.065608
0.064552
0.062651
0.064926
0.062791
0.064654
0.066310
0.063690
0.062581
0.062057
0.064251
0.062905
0.062658
0.064171
0.074793
0.063501
0.062906
0.063771
0.063415
0.060853
0.062221
0.059690
0.062856
0.061659
0.063906
0.063748
0.060575
0.061558
0.061471
0.043596
0.062279
0.066987
0.066578
0.064745
0.066710
0.063293
0.068244
0.063341
0.061441
0.061382
0.061499
0.063204
0.064285
0.061526
0.063955
0.062656
0.066812
0.063452
0.062210
0.064204
0.061914
0.060067
0.063812
0.065674
0.068562
0.061506
0.067170
0.064317
0.061987
0.061857
0.064333
0.063795
0.061620
0.064239
0.061838
0.061762
0.064790
0.063988
0.061940
0.062165
0.064763
0.063969
0.062261
0.064270
0.073951
0.062619
0.062519
0.064450
0.064274
0.064834
0.065875
0.062346
0.065094
0.061506
0.043469
0.041041
0.041030
0.042692
0.040936
0.042644
0.042518
0.042555
0.043166
0.043381
0.048573
0.040803
0.040927
0.040851
0.065140
0.063915
0.065433
0.061945
0.064859
0.064173
0.064054
0.061631
0.064293
0.063917
0.064021
0.061872
0.063595
0.062506
0.064567
0.061735
0.072973
0.064006
0.061664
0.063866
0.061529
0.063372
0.061298
0.067390
0.064352
0.066143
0.064630
0.064899
0.065038
0.045015
0.041710
0.043636
0.041574
0.041471
0.043540
0.043591
0.049301
0.041340
0.041466
0.043279
0.045465
0.040783
0.042855
0.040705
0.040328
0.063025
0.063241
0.061395
0.063355
0.061287
0.063096
0.062979
0.062658
0.063154
0.042389
0.043093
0.048587
0.042889
0.042929
0.042316
0.042774
0.040971
0.040839
0.040804
0.040760
0.042601
0.042497
0.040472
0.040760
0.042470
0.041441
0.043603
0.040341
0.042314
0.042545
0.040391
0.045688
0.045704
0.043028
0.040517
0.045680
0.044300
0.043836
0.040699
0.042543
0.043201
0.041185
0.041270
0.046652
0.045811
0.040764
0.040643
0.045698
0.042665
0.041056
0.040699
0.046427
0.040910
0.040691
0.040555
0.040791
0.040696
0.041332
0.040891
0.042993
0.040942
0.042619
0.042457
0.040968
0.042416
0.042217
0.064399
0.064429
0.063694
0.042864
0.061951
0.077115
0.063244
0.061181
0.061628
0.063553
0.061656
0.059819
0.063242
0.060351
0.061409
0.062747
0.062977
0.061385
0.060955
0.063129
0.064366
0.062841
0.062542
0.060604
0.062631
0.072177
0.066177
0.061457
0.065966
0.063112
0.061208
0.060932
0.063042
0.064651
0.067306
0.067397
0.062657
0.061935
0.061632
0.067048
0.064653
0.064531
0.062392
0.064444
0.063059
0.072698
0.064867
0.062995
0.065064
0.068382
0.065388
0.065623
0.068480
0.065080
0.064877
0.066449
0.065407
0.066647
0.063126
0.063119
0.064885
0.065453
0.066119
0.065175
0.065521
0.076469
0.062926
0.063132
0.064581
0.062521
0.064041
0.064011
0.061826
0.063525
0.062776
0.061731
0.061754
0.063879
0.061947
0.064090
0.062440
0.061386
0.063160
0.061368
0.062851
0.072240
0.062889
0.062757
0.061002
0.061018
0.061008
0.061141
0.067540
0.066179
0.063214
0.063654
0.062940
0.063035
0.064249
0.061675
0.061667
0.063576
0.061580
0.063429
0.045539
0.040722
0.045645
0.039496
0.042996
0.042523
0.042218
0.040652
0.041163
0.042665
0.041592
0.042695
0.043813
0.061651
0.064281
0.062004
0.064648
0.062100
0.063910
0.063351
0.062434
0.075114
0.060973
0.060784
0.061919
0.062756
0.063273
0.064274
0.063510
0.060750
0.062687
0.061098
0.061502
0.061429
0.061994
0.063529
0.061411
0.063123
0.063128
0.063164
0.061696
0.074596
0.061004
0.063342
0.064626
0.062717
0.061279
0.060862
0.062835
0.063193
0.063846
0.063481
0.061725
0.040490
0.042214
0.019477
0.019402
0.020923
0.019103
0.021158
0.022883
0.019560
0.020648
0.019463
0.020798
0.021151
0.020895
0.019215
0.021094
0.019373
0.020948
0.020714
0.019246
0.021028
0.019171
0.019914
0.021096
0.019318
0.020816
0.019198
0.021208
0.020931
0.019179
0.019254
0.020892
0.021644
0.022467
0.020635
0.019393
0.020998
0.020962
0.020956
0.020956
0.021179
0.019447
0.019285
0.020920
0.019215
0.020983
0.021253
0.019425
0.021073
0.019293
0.019276
0.019131
0.019597
0.020970
0.020817
0.020845
0.019278
0.020757
0.022171
0.021700
0.019293
0.019237
0.020852
0.019167
0.020860
0.020881
0.020761
0.019152
0.020825
0.019274
0.019228
0.020621
0.020937
0.020870
0.019219
0.020832
0.021181
0.019300
0.020884
0.019266
0.020946
0.019123
0.019211
0.019166
0.020782
0.021656
0.019481
0.021018
0.019304
0.020932
0.019384
0.019322
0.020932
0.019138
0.019248
0.019134
0.020955
0.019212
0.021031
0.019151
0.020966
0.019335
0.021084
0.020807
0.019236
0.019265
0.019335
0.020866
0.019516
0.019779
0.020632
0.019960
0.019359
0.019265
0.020947
0.019221
0.041901
0.042047
0.041032
0.040779
0.045652
0.043470
0.043449
0.045625
0.039993
0.041868
0.043458
0.047131
0.047905
0.043506
0.040743
0.042610
0.042223
0.040383
0.042539
0.041746
0.040689
0.045513
0.042972
0.046072
0.046132
0.044266
0.041098
0.044233
0.042591
0.044688
0.044000
0.042562
0.045571
0.040564
0.042480
0.041966
0.042984
0.043037
0.043038
0.043069
0.041215
0.041250
0.041415
0.044726
0.041347
0.041511
0.042578
0.041570
0.043078
0.043143
0.042997
0.044587
0.046845
0.044174
0.044513
0.043009
0.042935
0.042943
0.042864
0.041725
0.040938
0.043054
0.043749
0.043679
0.042962
0.041105
0.042969
0.043243
0.040787
0.040827
0.042895
0.041284
0.048459
0.042954
0.041199
0.041517
0.041150
0.041219
0.041107
0.044968
0.041464
0.041088
0.042919
0.043811
0.041271
0.043117
0.041257
0.041096
0.042850
0.040965
0.042766
0.042067
0.048828
0.043931
0.043865
0.041234
0.044068
0.041215
0.041100
0.043553
0.040981
0.040972
0.041202
0.043013
0.041263
0.043090
0.042808
0.043469
0.041042
0.043120
0.042997
0.041239
0.049532
0.041509
0.043412
0.043602
0.040858
0.042847
0.042866
0.042772
0.040785
0.041284
0.041348
0.043903
0.041066
0.043225
0.043040
0.043510
0.042848
0.044406
0.041568
0.043262
0.046704
0.042918
0.041668
0.042217
0.043192
0.043449
0.041135
0.041948
0.041249
0.041418
0.043222
0.041426
0.041785
0.041433
0.042980
0.044253
0.043423
0.043874
0.041977
0.043796
0.047635
0.043763
0.043617
0.044224
0.043906
0.041962
0.062966
0.064554
0.064610
0.064440
0.064826
0.064501
0.062585
0.062418
0.063979
0.064845
0.062405
0.062987
0.063858
0.064167
0.073128
0.065458
0.061956
0.061852
0.063798
0.063526
0.063709
0.063002
0.063769
0.061943
0.041478
0.043321
0.043203
0.041381
0.041673
0.042268
0.041725
0.041950
0.041703
0.041398
0.046891
0.041132
0.041780
0.041449
0.042782
0.042650
0.042738
0.040944
0.042939
0.040709
0.042733
0.043296
0.062011
0.042934
0.042874
0.042283
0.062793
0.042383
0.042784
0.042700
0.048530
0.040950
0.041024
0.040748
0.040886
0.040808
0.044088
0.042624
0.044485
0.041017
0.040860
0.042736
0.042561
0.040405
0.042216
0.042329
0.040440
0.042976
0.040843
0.042474
0.046162
0.042401
0.042934
0.040469
0.042575
0.044248
0.061608
0.041010
0.042636
0.066874
0.061923
0.064694
0.041103
0.042838
0.040521
0.044118
0.045603
0.047376
0.044434
0.042969
0.050346
0.041628
0.042076
0.041930
0.041918
0.040182
0.042374
0.040306
0.041858
0.062630
0.062242
0.065917
0.066990
0.063370
0.065488
0.066449
0.063777
0.065381
0.065839
0.065636
0.069435
0.065650
0.060477
0.061797
0.060409
0.060081
0.062247
0.061055
0.061946
0.059724
