0.094312
0.062027
0.061766
0.063504
0.061749
0.064011
0.063377
0.064146
0.062996
0.063679
0.063888
0.061514
0.063117
0.063831
0.064440
0.065752
0.063950
0.063692
0.063279
0.069378
0.070196
0.065672
0.063725
0.070486
0.068393
0.060316
0.061851
0.063235
0.062175
0.061825
0.062046
0.062121
0.061641
0.063307
0.062339
0.061882
0.063636
0.062927
0.061761
0.062614
0.071450
0.061753
0.061948
0.059937
0.061360
0.061933
0.061153
0.062239
0.062990
0.064555
0.062469
0.063500
0.061751
0.062140
0.062970
0.062554
0.062505
0.062659
0.063171
0.060055
0.073751
0.062559
0.063819
0.062486
0.061181
0.062455
0.062893
0.060770
0.062366
0.062769
0.061006
0.066122
0.063264
0.061250
0.062550
0.064046
0.060827
0.061140
0.063454
0.060324
0.073880
0.062233
0.062344
0.063275
0.060328
0.062256
0.061658
0.062420
0.061547
0.061880
0.064202
0.062566
0.062823
0.062952
0.063184
0.060837
0.063595
0.064194
0.063176
0.063604
0.074689
0.061146
0.061629
0.063728
0.060982
0.061974
0.060414
0.062123
0.063028
0.062461
0.062088
0.063167
0.062478
0.062510
0.067789
0.062103
0.064003
0.064487
0.062215
0.063186
0.075135
0.062986
0.062335
0.062675
0.060889
0.062399
0.064638
0.062974
0.041598
0.042115
0.039992
0.041632
0.041751
0.042082
0.040486
0.042113
0.041657
0.041480
0.041838
0.062662
0.074033
0.063626
0.064462
0.062565
0.062990
0.062905
0.062440
0.063280
0.064293
0.062442
0.062896
0.062805
0.062573
0.062926
0.063586
0.064603
0.063128
0.062842
0.062482
0.062849
0.072943
0.062680
0.062403
0.060434
0.062093
0.062771
0.065082
0.060615
0.064440
0.062903
0.063237
0.063318
0.063806
0.062579
0.062972
0.062521
0.062505
0.062797
0.062825
0.063509
0.074549
0.063426
0.062008
0.062387
0.062377
0.061838
0.062861
0.060475
0.060169
0.062580
0.063351
0.062999
0.062936
0.060893
0.062491
0.062560
0.062482
0.062929
0.062878
0.062496
0.073420
0.062642
0.062521
0.062232
0.060839
0.061026
0.060547
0.061287
0.060079
0.060011
0.061308
0.062022
0.061742
0.062639
0.062821
0.063294
0.063572
0.062742
0.060304
0.062944
0.074682
0.062386
0.064617
0.060269
0.061971
0.062681
0.063539
0.062873
0.063446
0.060439
0.062294
0.062310
0.063930
0.061167
0.062045
0.060554
0.061136
0.062049
0.059983
0.061627
0.073637
0.063716
0.061689
0.062058
0.060524
0.061007
0.066065
0.065748
0.061638
0.064102
0.062010
0.063878
0.063992
0.061939
0.061360
0.063838
0.061721
0.063454
0.065079
0.064264
0.075150
0.063527
0.064543
0.063697
0.063825
0.061581
0.061559
0.063925
0.061752
0.063047
0.063722
0.063241
0.064775
0.064446
0.063982
0.042426
0.064282
0.062208
0.064055
0.064332
0.075580
0.063698
0.064288
0.063939
0.066407
0.064239
0.062128
0.061459
0.063758
0.063127
0.063624
0.064157
0.064188
0.063930
0.065877
0.066597
0.065248
0.065678
0.064080
0.064952
0.075454
0.062074
0.067034
0.064389
0.062105
0.066592
0.064084
0.063508
0.063354
0.066129
0.063938
0.061199
0.063468
0.063340
0.063165
0.064333
0.063538
0.062960
0.063605
0.064141
0.072990
0.064795
0.065069
0.061560
0.063680
0.063602
0.063244
0.064983
0.061838
0.061094
0.063667
0.062122
0.061888
0.064375
0.064514
0.063309
0.064118
0.063858
0.063597
0.063632
0.075480
0.063616
0.063749
0.063650
0.063630
0.063640
0.063789
0.063913
0.064842
0.064065
0.063460
0.063816
0.064686
0.063178
0.063277
0.063530
0.063609
0.064040
0.065901
0.062609
0.077573
0.062712
0.063957
0.064350
0.066082
0.063820
0.064020
0.061893
0.061329
0.063874
0.065324
0.061840
0.063639
0.065563
0.063812
0.064251
0.064308
0.061592
0.064062
0.063662
0.074728
0.064001
0.064349
0.061690
0.063681
0.061925
0.063379
0.064302
0.064291
0.063666
0.064132
0.063043
0.063523
0.063828
0.064042
0.062534
0.064502
0.062415
0.064519
0.065463
0.076283
0.064890
0.064324
0.062092
0.063587
0.063989
0.065391
0.062794
0.043177
0.062108
0.061609
0.065251
0.062960
0.062616
0.064337
0.064068
0.061681
0.064079
0.061974
0.062865
0.075978
0.063969
0.063469
0.065228
0.065493
0.064080
0.064280
0.064199
0.063600
0.064175
0.063847
0.063742
0.064616
0.063893
0.063177
0.064352
0.064119
0.065472
0.062854
0.064479
0.075430
0.064492
0.062259
0.064034
0.064683
0.061742
0.063156
0.064566
0.064222
0.063936
0.065734
0.064164
0.063727
0.064132
0.064437
0.064631
0.065483
0.064616
0.063805
0.064242
0.076210
0.064070
0.065740
0.064467
0.063892
0.064141
0.064161
0.064008
0.065346
0.064656
0.063950
0.064185
0.064193
0.063930
0.064988
0.065201
0.063604
0.064299
0.064700
0.064291
0.077401
0.061785
0.042278
0.042760
0.043188
0.042275
0.045991
0.040958
0.041420
0.044695
0.043256
0.040520
0.042866
0.042661
0.042150
0.042843
0.042138
0.042667
0.042964
0.042854
0.074781
0.063893
0.042574
0.064600
0.043078
0.065895
0.061651
0.064069
0.063656
0.063600
0.062379
0.063723
0.064625
0.063817
0.063876
0.063612
0.065310
0.064194
0.064754
0.064192
0.073480
0.063955
0.065868
0.063613
0.063474
0.063923
0.064054
0.063999
0.065345
0.063982
0.064155
0.064831
0.062169
0.063897
0.064542
0.062181
0.063668
0.063926
0.063879
0.063783
0.076555
0.062109
0.062004
0.064278
0.062501
0.060090
0.063661
0.062819
0.062109
0.062167
0.060341
