924.000000	439.000000	34.000000	18.000000
920.434326	440.219360	27.876736	15.727934
916.540222	438.717255	27.141365	17.465731
912.039062	439.569244	24.784618	16.457405
905.592773	439.525787	25.644917	14.961337
899.796326	438.433075	25.888390	16.225428
893.166199	438.234283	26.890182	15.936542
887.088379	438.735168	27.808416	14.906677
884.215881	437.787415	24.269699	15.812728
879.562622	436.613495	24.292084	17.833662
873.115479	437.024567	25.987516	15.516353
868.616394	436.799713	27.779890	16.564863
863.907471	436.002594	25.459064	16.219919
859.729004	435.292969	24.339817	16.432451
853.688354	435.215210	27.624191	16.197540
848.302979	435.027344	29.862587	15.512529
844.376282	435.133362	27.805624	15.258859
841.344421	434.029236	26.393852	15.727810
834.277832	433.905212	30.122665	15.689274
830.980591	433.537445	28.697966	15.152181
826.213501	432.665527	29.221458	16.743107
823.182190	432.203003	29.464180	16.746868
818.430298	431.868195	29.533102	16.843843
812.107788	432.184967	31.575108	14.948693
807.493652	430.524719	30.856651	16.107033
803.443359	429.902679	30.196571	16.533028
800.934570	429.817749	27.265530	16.742634
796.225525	428.137390	25.990654	17.320524
790.580688	428.545166	27.960140	16.201921
784.868164	427.676361	27.664848	15.781925
779.143860	426.253754	29.252119	16.646187
777.669617	426.466370	26.116005	15.443280
773.848267	425.698761	26.336004	15.933627
770.284424	424.668335	23.687410	16.207754
766.073486	424.952179	24.948994	15.584813
764.645935	425.588715	24.370928	14.423486
760.488220	424.636108	26.922327	15.221420
758.241577	424.587738	27.652002	14.983541
757.525085	424.270203	24.209808	15.057488
754.830139	424.138824	27.779827	15.584530
753.151184	423.693359	28.574917	15.324100
752.211426	423.333740	28.133499	16.140394
752.271667	423.413513	27.764065	15.722147
751.260193	422.814301	29.544607	15.422348
752.729248	422.410767	27.447222	15.958208
755.575684	421.766357	26.153620	17.581833
754.310974	420.997955	27.115141	16.964863
756.382446	420.370575	24.496372	17.504044
756.897949	419.542755	24.946033	16.811277
756.268860	419.896698	27.141293	16.075779
755.036316	418.611908	28.898806	16.668316
755.235474	418.759857	28.465040	16.165670
756.068970	418.639191	27.391905	16.397589
753.666260	417.776733	29.760246	15.833770
755.700989	417.111450	26.747843	17.177979
754.609253	416.324371	26.585627	17.033236
750.431274	415.732758	27.918423	16.321512
751.711487	416.925018	26.594656	15.695655
748.515381	415.418640	27.463778	16.377281
746.824585	414.316071	26.760710	17.150459
745.797668	414.132843	25.968365	17.165699
742.057739	413.973053	27.462374	16.655186
739.206848	413.492767	26.177040	16.953829
736.529114	415.201630	26.173023	17.273233
733.624390	415.126648	26.241091	17.055756
730.329041	414.825958	25.584887	18.118786
727.008301	414.439117	26.776491	17.269421
723.185547	414.323761	26.882347	17.314322
720.218445	414.107758	26.618629	16.949314
716.974854	413.027985	26.368511	17.792034
713.453857	412.918243	26.032381	17.148388
709.357849	413.211151	27.171440	17.012047
705.431580	412.741119	26.856676	17.064697
702.216125	412.572357	26.305567	17.327044
697.129639	412.733246	26.932360	16.612688
694.207703	412.408752	25.761841	18.439026
688.788940	412.843262	25.664904	16.348303
686.286743	412.329559	25.263464	18.011808
681.990723	411.938049	26.668312	17.556524
678.244873	412.160126	26.092958	17.614080
674.953796	412.815369	25.885843	16.807579
670.631592	412.005737	26.873365	17.550076
667.039612	412.171051	25.784754	18.913836
664.239807	411.745667	25.561991	18.903040
661.036743	412.993011	25.096384	16.535522
657.652832	412.359406	26.032463	17.835333
654.433960	412.181610	24.958344	17.237486
650.968750	411.805420	24.931946	17.514469
647.043457	411.983856	25.504684	16.815683
644.215698	411.684418	26.121443	17.713858
638.868958	411.136597	26.479166	17.587175
636.888855	410.533020	25.263653	18.053087
633.650635	410.015137	25.533920	18.647430
631.492371	409.374298	25.160501	18.916941
628.707214	409.755157	25.637627	18.315928
627.005371	409.434662	25.166340	19.024288
625.771423	409.299835	25.142056	18.674988
624.642700	409.692261	23.995882	18.843939
623.369446	409.255981	24.278271	18.347122
622.358215	409.127441	24.557194	18.725830
621.818604	408.661041	24.412786	19.183432
620.869690	408.319519	25.138750	18.722656
621.902161	407.594299	24.631784	19.752363
622.437195	407.732300	24.369053	18.318459
622.651123	407.352600	24.899748	17.692331
625.142151	406.277618	25.422035	17.864515
628.496338	406.017517	24.095226	18.932247
629.944763	405.855896	24.728296	19.125660
632.630676	405.064362	23.741304	19.345755
633.127563	405.119110	24.248352	18.399633
634.237305	404.215820	23.785299	18.965004
633.685974	404.021881	24.964657	19.268240
634.340454	403.504669	24.018227	20.097395
633.925049	403.387726	23.637627	18.731207
633.005737	402.756226	23.559599	19.277443
631.916016	402.469238	24.135088	20.355194
631.519714	402.008179	22.940868	19.609476
629.285767	402.186462	25.335932	18.194803
626.809387	401.280487	25.196409	19.476448
625.681885	400.857819	24.708900	18.819450
624.447937	400.700439	25.028036	18.775383
622.781738	400.702148	24.558319	19.050461
618.903076	400.367188	26.978079	19.488287
617.462402	400.833069	24.490093	17.463072
613.703125	399.513153	25.608431	18.768963
610.698303	399.430450	24.934168	18.195917
606.385315	399.470551	24.353788	18.094498
602.985840	398.707275	23.983313	18.349771
599.696777	397.928223	25.523472	18.472719
598.833557	398.162720	23.993763	17.453989
595.314819	398.044556	25.315268	17.291412
592.363342	397.421173	25.177147	18.127323
592.050110	396.128265	25.192057	18.343809
590.901062	395.818115	24.747843	17.829924
589.140503	396.728210	25.690611	17.334923
587.008911	395.379242	27.004868	17.570518
587.797913	395.768860	25.303633	16.763063
587.335388	394.639374	25.512951	18.231373
586.174744	394.520996	26.188221	18.134867
587.031067	393.029480	25.869413	19.536655
588.770630	392.850830	25.994205	17.846043
589.239197	392.601135	28.066889	17.916622
590.955505	392.772491	27.915730	18.020775
592.531677	392.513428	27.358633	17.470678
594.199829	390.715393	27.203709	19.499653
594.267822	391.211945	27.728230	18.625355
596.294922	390.595612	25.865129	18.966375
597.177734	389.708221	25.323833	19.651224
595.835754	389.939270	26.319695	19.486551
594.625244	388.608368	27.168274	20.543875
593.846802	389.068176	25.994146	18.946732
593.126892	387.502747	26.211773	19.503515
591.851746	387.654907	25.768976	19.465940
590.295410	386.507874	25.698753	19.104815
588.552551	386.503448	25.012796	17.828182
583.973145	385.536194	27.334547	20.129622
581.625488	385.247375	27.416151	18.951874
578.165833	385.451721	26.092764	18.300503
576.627258	383.505951	26.579741	19.013063
572.726685	383.138885	26.472973	19.589512
571.341125	383.854401	24.643120	17.489609
568.549072	383.030365	25.960114	19.894272
566.948364	383.404846	25.769474	17.772760
566.370544	383.158813	26.084068	18.202913
564.856873	383.118042	27.331392	17.280296
565.127136	382.255554	26.752033	18.332790
565.430542	382.526062	26.708958	17.274815
564.858643	382.384766	26.103851	17.770329
565.540161	382.074005	26.301125	18.636177
566.268372	381.519867	27.058487	18.210287
566.443481	381.394806	27.073654	19.878805
568.629883	380.956940	27.664883	18.674112
570.014282	381.270660	26.853188	17.857313
572.862549	381.310059	26.698763	17.439859
574.124817	380.861847	27.445454	17.677591
576.460327	380.541168	28.432068	18.675329
580.104004	381.353668	27.059921	18.769398
582.125061	380.743530	27.067430	19.506687
584.591919	381.086090	26.997353	18.777870
586.987366	380.989807	26.484209	19.072668
587.437012	380.596954	26.151964	20.488224
588.592651	380.579987	25.614985	20.816465
589.131226	380.312775	26.081850	21.038155
588.575562	380.590485	27.007545	20.902529
588.493958	380.101776	28.197573	21.768570
585.763977	380.192200	30.334044	22.074203
584.108093	380.121124	31.445221	22.497671
581.076294	381.883728	30.229385	20.180773
579.229797	380.675507	30.390703	21.198698
578.128662	381.041107	31.306578	20.010010
575.261902	382.810120	30.883337	19.640469
572.991638	382.966888	30.100939	19.972645
569.793335	382.708282	30.390848	20.063721
566.273865	382.690643	31.029877	18.953650
563.614197	382.325470	30.056833	19.756901
560.496033	382.424866	30.671232	20.981779
559.696594	382.288574	30.984320	19.330166
557.307617	382.417175	30.226954	19.737734
556.492126	381.806366	30.078608	19.461256
556.817810	381.649597	31.371992	18.575800
555.054626	379.509521	32.167751	21.684399
554.486572	380.721191	31.524740	22.043789
554.092163	380.467621	31.717089	20.947687
555.423584	379.286102	30.874073	21.720730
555.941467	378.985901	30.668280	21.408804
556.365784	378.936340	30.710073	22.041853
557.150330	379.385895	30.653307	20.934433
557.491028	379.401642	31.155575	21.096968
561.588684	380.012848	31.393417	20.138708
562.919678	378.943085	30.993301	21.140526
566.833374	380.341217	30.392237	19.205257
569.614441	379.468567	29.931341	20.063786
572.524414	378.972839	30.617811	20.515459
577.459290	378.585083	29.222418	21.102365
577.717590	378.800446	31.233835	21.204960
580.141418	378.568085	29.171206	21.081738
580.410767	378.411865	28.857576	21.068638
580.741394	378.003815	29.092974	21.903893
580.987000	377.604462	29.441622	22.232897
582.253113	377.929657	29.397507	21.363541
582.126709	377.694061	29.516468	21.687183
581.699951	377.012665	29.333244	22.398506
580.711609	376.453613	30.068380	22.568172
578.719421	378.765594	29.431234	19.826597
577.682068	377.622070	29.558704	21.947575
576.426270	377.599091	30.957672	21.769161
575.205017	378.428375	31.523209	20.803326
574.516052	377.788361	31.406818	21.377672
569.868469	379.370789	32.301430	19.300341
570.158936	379.067902	30.433588	20.296865
565.098755	381.351776	28.863304	18.197586
562.310730	380.178558	28.562138	19.278927
559.330139	380.187897	26.843899	19.209543
557.297363	379.956360	28.343214	17.829430
555.186951	380.001129	30.717403	17.696852
553.140747	381.242401	30.227201	17.624329
552.069763	380.577332	29.608982	19.469099
550.685242	383.031799	30.054499	17.875309
549.760559	381.577026	29.646269	19.156235
549.377930	381.784241	28.671688	19.582529
548.840210	381.038330	27.510832	20.591898
548.239746	381.657867	28.273201	21.110834
547.627563	381.490784	29.801289	21.028316
548.135681	383.216309	29.832418	18.955120
548.004028	382.229462	31.556047	20.212080
547.798523	382.662292	32.526577	20.082268
549.110779	382.778534	31.902288	19.763765
551.329590	382.984650	32.828857	19.736507
553.417969	383.894257	33.249496	18.677969
556.176147	384.482300	32.803677	18.297293
558.903503	383.245789	32.368130	20.380581
561.346985	384.207703	34.104523	19.727510
563.497803	385.444336	32.984200	18.246323
564.666199	383.844513	33.889809	19.667114
567.957458	385.395782	33.932487	18.798918
569.417480	384.634338	33.925930	19.558798
571.787415	386.008575	33.208065	18.825634
573.929749	386.378632	33.812050	18.145859
576.597473	385.853088	32.414528	19.158548
579.294434	386.744019	31.451811	18.777887
581.599792	387.035645	30.750612	18.555635
583.732117	386.989136	31.373205	19.150951
585.460449	386.966309	30.263292	18.639427
588.196716	387.588287	30.478052	18.396711
592.630310	388.263855	33.697025	19.021832
594.742615	388.746277	33.278999	19.814693
596.604004	388.506592	36.149914	21.173429
598.241333	390.687988	33.663334	17.654377
599.928894	390.188690	34.033924	19.473106
599.870239	391.028839	35.915234	19.463762
600.502808	390.709839	37.052605	20.040888
600.240662	391.617371	36.029865	20.273287
600.285645	391.530792	33.171761	20.263876
601.147949	392.242035	29.302124	18.965878
600.274841	392.609009	30.391020	19.212322
597.963684	393.487579	32.197376	18.879118
597.059021	394.455963	32.358143	18.617006
595.600464	394.930756	34.279121	19.245447
592.784851	395.189636	33.536652	17.522211
589.795410	396.331940	32.492657	17.794983
587.584961	396.488281	34.970264	18.268158
585.148743	395.310852	35.008499	19.518610
584.861572	396.532593	34.744129	18.562658
583.829712	397.369171	33.111870	17.690474
583.547546	397.303772	32.777946	19.472927
582.554871	396.985565	30.623606	19.276480
581.877258	398.120575	29.658550	18.762453
583.616028	398.387054	30.460737	17.412504
585.830688	400.044403	29.266996	17.178562
586.804993	398.919678	28.143833	18.785564
586.197144	401.015411	29.636517	16.957270
587.154053	401.616272	28.290083	17.299992
586.975159	399.488953	26.477489	19.589909
586.333679	401.737488	27.932623	18.018497
585.121338	401.336121	28.294853	18.420238
584.473206	403.836975	29.108295	16.234026
585.520325	401.483429	27.006758	20.500387
582.945862	404.695923	28.352810	21.839712
581.692810	403.867157	29.522058	19.323608
581.457886	403.339661	27.609468	18.992493
577.454346	404.741943	29.101044	15.185022
575.279541	405.165375	27.950382	14.906363
571.502258	404.727539	30.016659	14.610594
573.056274	404.317352	29.016935	16.831200
567.376831	405.061157	30.376574	14.613971
565.964050	405.319977	29.152277	15.093822
565.047729	404.914032	29.373955	16.152050
561.184570	405.218964	32.289764	16.809443
553.602600	406.187286	36.070595	14.827026
552.402222	406.031433	37.518311	16.312590
550.420410	407.005554	39.640720	15.809034
546.330078	407.005493	35.424438	14.243093
542.079529	407.180450	32.235710	14.300233
535.691833	406.988647	29.378014	14.120914
531.547668	407.124817	32.471191	15.021926
525.969299	408.191498	30.414560	12.947120
521.422974	407.102386	28.616461	14.211576
520.338501	407.584656	29.870005	14.598762
513.683777	408.206177	29.781151	14.252396
514.219604	407.289398	31.302027	15.874146
509.440460	408.300171	29.928011	14.357812
505.280945	408.068390	28.076170	13.383238
503.128418	408.057007	29.250509	13.926379
503.848511	408.828278	27.719942	14.101826
502.924072	406.792755	26.592405	15.799519
502.234924	406.964172	28.773531	16.951181
498.208191	407.551910	27.350527	14.765905
497.596558	407.551025	27.044863	13.976584
497.923920	407.030334	26.165003	15.168436
497.371826	406.966461	25.481371	14.419436
498.102722	406.060242	26.160671	17.423071
498.443939	405.398682	27.224548	16.084816
498.133911	405.084534	25.442488	15.992568
499.816833	403.717377	25.476694	16.789761
499.986450	403.619995	26.178106	17.001663
503.510773	404.707245	25.326464	15.846094
505.554657	403.556580	24.244574	17.239529
506.975006	402.980377	25.485897	17.521372
508.521027	401.226868	24.799263	19.078419
510.536285	399.283051	24.560741	19.093010
512.527283	395.221771	24.591045	19.822573
512.577271	393.883575	25.812502	18.440966
515.039734	390.150238	26.148994	19.405148
515.291504	387.952515	26.088186	18.953102
516.573730	385.545441	27.607176	18.071806
520.332520	382.811218	27.325989	17.695307
520.766174	380.544464	24.609333	17.788532
523.348633	379.887329	23.265142	15.267892
526.936279	378.883545	21.132164	15.155578
528.624268	378.369019	23.472446	15.258477
530.673950	378.146423	22.461306	15.261324
533.131042	378.245483	22.327452	14.564270
536.469055	378.018524	20.685478	14.775570
537.270325	378.838257	21.794664	14.067367
539.210266	378.605499	21.925499	13.970745
542.103027	378.567230	21.494738	14.471179
545.110474	378.826019	21.295536	14.696025
546.148376	378.086792	24.765797	15.061623
548.335327	378.673645	24.311197	14.888576
551.808167	379.073944	22.732599	13.702846
552.323608	379.489075	26.279284	13.635450
555.706299	378.946075	24.122139	14.826364
557.336060	379.066162	25.318081	14.805298
559.726501	379.484283	24.976641	14.562183
562.766296	379.570587	23.891920	13.772772
565.027893	379.924438	22.489975	13.997121
568.541321	379.623749	21.516359	14.080112
572.981750	380.444611	21.864777	14.328070
573.568604	380.317139	24.382740	14.221196
574.060913	380.752777	29.793697	13.864155
576.431152	380.934967	27.263634	13.811464
578.218567	380.923126	28.690372	14.286668
577.231262	380.940094	28.629726	14.617376
579.326782	380.364807	28.056099	16.389797
580.461914	380.249725	26.544813	16.336319
578.093811	380.767670	27.852386	15.379106
577.658630	381.083862	28.060310	14.853900
578.707275	380.652191	27.404869	15.479358
576.402161	381.649567	28.114014	13.793147
575.892944	380.701538	27.328335	15.741588
576.519287	380.351685	29.020996	15.414561
573.716614	380.777771	27.056343	15.698623
574.456177	380.687408	28.109837	15.516637
567.853882	380.989075	28.156158	14.263419
569.222656	379.879639	27.383900	16.575615
563.392273	380.688629	28.604614	14.767869
564.828552	380.647064	26.834709	15.371487
559.092041	380.766846	28.563862	14.827850
557.557495	380.763428	28.799126	14.558897
548.445679	379.596069	30.843513	14.495831
545.732361	380.334961	30.666157	13.585665
543.679321	377.934784	30.104012	15.759569
543.912354	378.824707	28.063526	16.025751
540.796143	378.508087	27.412870	16.063343
541.447021	378.425507	27.288521	16.685131
541.877502	379.063080	28.914049	16.060917
537.087158	379.241821	27.703360	16.506220
536.036072	380.616028	26.627237	15.379958
534.834534	380.402374	27.126987	16.866110
535.498657	381.892609	26.560736	15.496947
535.064941	381.853027	26.920513	16.658119
534.061523	383.204163	27.703238	16.512388
536.692688	384.717773	26.593960	15.530806
536.977905	384.119629	26.425018	16.399515
538.786499	384.854492	26.151274	17.368670
541.825073	386.753723	25.441753	16.022799
540.993469	385.395508	27.517925	17.638470
544.529968	386.363892	27.306133	16.754452
546.622864	385.848236	27.922813	17.905565
553.345886	390.055511	24.212986	26.273987
555.837463	390.078918	23.933031	28.493162
552.019043	388.316772	28.733244	19.066101
555.483765	391.373505	26.708902	16.303726
557.364624	392.985718	25.108706	16.359142
559.521790	394.123718	22.639055	17.097427
558.289307	391.910431	24.781303	17.573797
557.134033	394.703705	25.174673	15.671216
557.535889	393.635742	25.069862	17.828876
554.333008	394.805237	26.915384	16.355669
553.636475	395.338409	29.106287	15.731601
552.403992	396.376617	26.433851	15.701419
549.434509	395.908783	26.705000	16.677820
546.836365	395.633331	27.253868	17.827131
545.568481	397.135437	27.483715	17.278984
545.309204	396.951904	25.814569	17.390331
540.572571	396.770660	28.007076	18.734915
538.405823	397.754028	25.918171	17.136152
537.450745	397.764587	25.461246	18.548618
531.529480	397.514832	26.987757	17.771000
531.090576	398.066223	26.255728	17.619028
530.010376	398.758423	26.213625	17.967325
527.439636	399.053253	26.713385	17.166307
526.890259	399.797302	25.822060	16.602695
525.906494	400.087799	25.025131	16.454679
525.013855	400.759064	26.205870	16.473000
524.911255	401.497955	25.817757	15.841572
523.886475	400.509338	26.876556	18.129818
525.739746	401.390076	26.187296	16.735191
526.240784	401.693420	26.922684	16.229765
529.372070	402.182770	25.842512	16.100842
528.611511	402.042908	27.718241	17.480652
532.408447	401.576904	25.745394	17.498734
534.197388	402.895386	24.522186	17.780794
534.431335	402.328552	24.910645	17.046249
536.537659	401.708801	24.034521	18.070545
537.200684	402.052124	25.324772	18.955650
538.480774	401.932739	25.332834	19.515738
540.673706	402.079712	24.919020	18.479586
543.283264	403.614594	24.752270	16.267885
545.773376	403.744476	24.714470	16.571062
548.154846	402.670990	25.782139	18.802082
550.373108	404.739807	24.437511	15.609262
552.697083	403.462952	24.261808	17.927979
553.927185	403.486359	24.503674	18.732092
554.127258	403.157379	24.857622	18.059778
555.453674	403.774170	23.710348	18.680328
555.553772	403.724335	23.773682	17.722578
555.041138	403.726288	25.123041	18.061934
554.974365	403.803040	24.345543	18.756586
554.232422	405.411469	23.869106	17.895996
552.959778	404.780182	24.028318	17.676628
551.759644	404.354553	24.947090	19.131807
551.636719	405.072357	23.692595	19.315407
549.728271	406.863831	23.931850	17.767296
548.873840	408.729095	24.381021	17.029114
547.118835	407.324097	24.738056	20.002626
544.244812	407.690948	23.815800	20.253489
539.489807	408.975891	24.536459	17.513056
538.613037	408.153320	23.705261	19.177582
535.559692	407.501404	25.370901	20.078896
532.381836	408.941681	26.465761	17.532354
531.226990	409.546936	25.170206	16.985121
530.324341	408.401154	24.814047	18.199318
529.382568	408.044098	24.238377	20.204092
528.288635	410.358490	24.891954	17.664915
532.319641	412.299530	22.252190	18.661137
530.592102	415.168427	23.799854	16.823650
532.347778	413.850708	24.421518	18.709869
531.268311	415.217987	25.106449	17.510262
532.249207	414.521088	26.483240	17.986681
533.204102	415.339966	24.856152	16.335733
536.240601	414.546997	19.552885	17.785027
537.889648	414.246582	22.399113	17.722736
540.672607	414.955292	23.104086	18.881790
542.181580	414.346893	26.545374	16.423985
544.026611	414.103943	27.608442	18.693962
551.120605	415.016815	24.903021	15.452710
555.773743	415.433655	23.095177	15.291710
559.174011	416.195435	19.528965	16.930908
561.363525	416.192535	18.562016	19.470974
560.484924	415.513580	21.838949	19.715872
560.493652	415.794189	23.618250	19.146057
560.977600	415.805695	24.499712	20.086418
560.289368	415.479645	26.088030	21.357224
560.163696	416.917389	27.031591	19.066442
560.061890	417.448914	26.050989	18.731234
559.424255	417.745911	26.958241	18.940252
558.027649	418.251556	29.832161	18.987221
559.139465	418.451874	29.436211	18.189236
554.957703	419.050842	29.650963	18.656097
554.682556	419.364136	30.533716	17.656282
554.760681	419.404083	29.356333	17.517820
553.577209	419.498047	26.828131	17.601521
548.546997	418.346649	30.005924	21.030600
539.459778	419.916351	37.338215	21.893856
539.600403	419.919159	34.461594	20.273331
538.379211	419.430206	35.249870	21.751368
538.349670	420.106049	32.672352	21.081032
534.098572	418.880890	34.856541	22.357821
530.683960	420.708252	36.345787	21.333693
529.731506	422.443573	35.333820	20.297403
529.684937	422.227783	34.229809	22.101042
526.466370	420.654816	31.390934	23.244963
521.275452	422.398041	35.376602	21.364391
521.203735	423.127167	33.198147	21.254162
519.725281	422.870544	33.517426	21.772118
517.930237	421.556396	32.599888	22.422092
517.387878	422.337280	33.052769	23.020973
516.501709	421.023621	33.596485	24.984091
515.708374	421.771484	33.638000	22.914749
448.040344	378.245178	28.706116	18.552582
453.085266	378.441010	25.538193	18.529600
457.153015	378.205627	25.974512	18.532841
462.478394	377.998291	22.838760	18.913261
466.296265	377.947510	24.448320	18.630169
470.693115	378.947357	26.657043	17.881077
473.514526	378.855835	28.136230	19.296383
476.728699	378.906128	27.569338	18.613571
479.673981	380.080322	27.261864	17.694399
483.136383	381.374390	27.528458	18.080933
486.435883	381.790833	26.106340	18.253521
489.444702	382.257782	28.233150	17.436251
492.693848	382.327362	29.883812	17.373354
528.442627	421.501984	30.265959	24.115484
530.427002	421.206238	29.240053	24.132977
532.391113	421.147522	29.336843	24.675398
534.475403	420.518372	30.511711	24.026333
516.001343	379.792419	33.068584	21.699978
522.640259	379.726959	33.627155	21.988062
528.611450	379.523041	32.929806	21.691008
534.947205	379.636047	32.220242	21.897049
538.728394	379.892273	33.121464	21.575731
542.997559	379.141968	32.675488	21.419567
547.060913	381.458679	32.535446	20.541256
551.161011	381.054962	31.761097	19.521509
554.580688	379.389526	31.100214	21.780111
557.723389	378.960724	31.469374	22.365543
559.237061	378.478271	32.189381	22.757355
561.390625	379.091095	30.986412	22.331026
564.151245	379.488739	31.106806	22.318350
565.149170	379.252655	32.489155	22.375967
568.303223	380.971924	30.402815	20.890350
569.848633	380.269623	29.399466	21.453655
570.744568	380.059723	29.490274	21.761988
571.722107	380.840485	30.149937	22.409327
572.109436	380.959442	30.200123	20.927307
572.945251	381.276398	30.130814	20.937134
572.258728	381.989655	30.415899	20.114882
572.374939	381.396179	30.355776	19.402090
572.624634	380.503571	30.558943	20.189003
574.045532	380.219116	31.197472	20.313095
576.174072	380.492249	31.647686	20.226206
577.717773	380.202942	32.173515	20.976418
580.245544	380.303802	31.785393	20.702797
582.136169	380.452118	32.675926	19.492672
584.932312	379.882904	32.055103	19.858860
587.818848	379.999908	31.422541	19.256811
590.050232	379.432129	31.008846	19.674135
593.336548	380.529999	33.356293	17.700123
597.671326	379.664093	34.038601	18.472078
602.456665	379.616699	35.078918	18.544434
608.528809	379.305542	34.519817	18.438299
613.797546	379.371979	36.496403	17.930506
621.098328	380.211395	35.436035	17.154764
626.057068	379.537567	36.346794	18.021940
630.595093	378.966309	36.593548	18.854979
633.817017	377.851624	39.053795	20.448345
638.006104	378.633087	39.795925	18.270855
643.078247	377.647583	39.246960	19.004736
644.427063	377.866547	38.653118	18.378435
648.901611	378.505524	37.824524	18.083822
648.149048	377.953278	32.601051	16.765032
652.105164	378.629883	27.246729	16.080770
655.472900	377.243652	21.946001	17.443235
658.529053	376.478577	19.575603	18.582415
659.837891	376.512970	19.839083	18.197346
661.219604	376.275055	18.838129	18.266195
662.986023	376.998932	20.130016	17.516346
663.310120	376.986481	21.424952	17.365639
664.551147	376.715820	20.669956	18.129599
664.388550	376.703552	21.374762	17.990286
664.268311	377.177032	19.993763	17.027815
665.122253	376.564148	17.874374	18.176840
665.078796	376.294647	20.341042	17.331820
665.287048	375.960419	21.853956	17.833296
667.261841	376.082367	22.654551	17.394114
669.470093	375.640625	19.852806	17.576296
670.946228	375.754608	20.106972	17.681749
673.432068	375.713287	20.750050	18.141258
677.262695	376.598999	20.134121	17.668901
681.229004	375.838562	19.310638	19.115318
684.584229	376.874329	20.243628	17.936962
688.377380	376.375244	20.198034	17.439720
693.131775	375.409302	18.527275	17.667215
696.712402	374.219604	18.893570	17.287598
700.308655	372.912476	20.374563	17.233952
704.655151	372.187195	20.328814	16.972242
710.020020	370.692291	19.174761	17.580269
714.511353	369.296570	19.595192	18.493479
719.888611	369.149200	19.523148	18.638020
725.770325	368.331421	19.329414	19.008030
731.200867	367.903046	19.032021	18.811590
736.372131	367.407043	19.474209	18.397312
742.432617	366.778137	20.137630	18.779957
748.299622	366.221436	20.385309	18.766554
754.208008	365.020508	20.677761	19.537642
761.520081	364.758240	19.147614	19.864765
766.859863	364.761658	18.838840	20.065527
770.517822	364.876373	20.453405	18.031893
775.315308	363.761780	20.975677	18.982470
779.994263	363.427917	19.251921	18.511173
782.451477	362.844208	21.268524	18.272285
785.939148	362.342865	21.307505	18.245359
788.350769	361.477112	21.563074	18.672939
791.031372	361.235565	21.659044	18.248640
793.128906	360.616821	23.375998	17.910631
795.074219	359.144897	23.371418	18.435730
796.612244	358.819794	24.323992	18.112333
799.108337	358.273407	21.049261	18.297281
800.570740	357.317474	22.461126	18.832739
800.596863	356.368195	22.955025	19.326042
799.268433	355.532745	24.475323	18.921474
800.172241	354.362915	22.373358	19.523788
801.179138	352.818726	23.124514	20.133453
802.201294	352.236633	22.571213	18.885330
804.237305	351.354706	22.065893	18.250841
806.335388	350.397308	21.565388	18.833731
809.203186	349.430450	20.779045	18.201212
810.918274	348.670380	22.018444	19.501669
814.334412	348.440643	21.906372	18.855814
818.681641	348.056335	20.579348	18.859350
821.898254	347.458801	23.409794	19.561680
827.410645	346.373566	22.294836	20.131372
832.282593	344.555878	21.472446	19.719786
837.549133	341.697174	20.878719	19.590282
843.169495	338.556091	18.562157	20.550247
847.625916	335.204071	19.539200	20.172585
852.438843	331.727295	19.641567	20.585497
856.540039	327.662231	21.294395	20.257698
861.814209	322.278473	20.805670	21.564177
867.576660	319.447205	20.356876	20.615965
872.165649	314.746399	21.353363	21.408329
880.323242	311.537537	17.721037	20.642632
882.722168	306.487518	21.075527	21.769669
890.791748	303.754211	18.400734	21.122444
898.185486	302.410675	16.358175	19.271204
902.904114	300.814697	17.538719	18.156178
906.715637	298.053040	21.676132	20.095993
912.426697	296.500977	20.327057	19.871565
921.501831	296.195892	17.273500	19.552330
927.883423	295.784851	17.885904	19.192202
932.852844	294.967133	18.276608	19.641056
934.021667	293.969574	22.852345	19.383245
942.755371	293.359467	18.470629	19.350485
949.095215	292.778778	16.886471	18.640141
953.023987	292.058899	17.017275	18.392649
956.289612	290.573364	17.336258	19.357115
960.381653	289.462341	16.795139	19.766922
963.541260	289.298096	16.188868	19.103039
966.468933	288.580078	16.746021	19.152580
969.054016	287.470215	16.270191	19.360867
971.372253	287.022064	16.209835	19.055000
972.694458	286.537720	17.219982	19.183096
974.335815	285.121002	16.686928	20.203857
974.844421	284.840790	17.796526	19.418947
974.811462	283.438751	17.584703	20.473759
974.601807	282.449554	18.039083	20.513111
974.532837	281.882446	16.620684	20.185308
975.801147	281.485321	16.600006	20.247786
978.003052	285.866333	16.723494	20.537333
982.104614	290.834717	15.118032	20.954245
982.458801	291.478851	17.946699	20.923517
984.544189	290.329712	17.462332	21.217152
986.347656	290.356354	17.681068	21.013741
992.152161	288.822357	17.868370	20.182196
993.843506	289.198090	22.647129	20.572462
1002.672363	289.222717	17.621405	18.938669
1005.029419	287.837280	19.060579	21.930136
1006.317688	288.359680	24.236187	21.144606
1007.226990	287.861450	28.513805	22.941759
1009.969727	287.406036	26.840637	22.688267
1010.604553	288.353638	26.826406	19.921516
1011.820068	289.936646	24.599182	16.720503
1020.254517	287.647736	22.246397	21.489832
1023.309631	287.506622	19.302670	19.842087
1021.777832	291.236511	21.925039	22.302452
1026.630615	292.544281	20.521292	24.849001
1026.282227	290.734039	22.249874	21.981709
1027.658325	291.329712	21.890104	20.516506
1027.290527	293.631073	24.231537	19.613005
1028.639160	296.185150	26.466139	23.071144
1029.579834	300.695618	24.725922	20.716684
1031.014038	303.922485	26.484589	24.671093
1032.360474	309.871216	25.478373	20.501568
1032.527588	312.937653	25.241768	18.817635
1033.780273	314.428223	26.773724	20.159716
1034.332275	315.079071	26.735044	25.407536
1034.774536	316.898315	26.401354	28.384169
1033.919067	321.112427	28.028511	24.657585
1033.771118	324.556946	28.904604	20.917313
1034.434448	325.272766	27.965456	21.986559
1035.931396	328.012024	27.660669	20.217438
1036.360352	327.756653	28.861605	24.031145
1037.783813	329.183594	26.337854	22.635338
1038.502686	330.792633	27.728148	22.551222
1040.838013	332.566986	29.015812	18.741856
1042.496216	333.353180	29.523626	19.290380
1045.189697	334.637634	29.224285	18.154711
1048.566284	333.961884	28.718056	19.269117
1050.814941	335.145966	27.968155	18.747404
1052.969604	334.154633	30.368624	20.548098
1058.618896	335.580353	28.806784	19.122231
1063.383301	333.972717	25.091963	21.949287
1067.368530	334.061646	25.525673	19.977055
1072.613525	333.607635	21.082859	19.993593
1077.347900	331.522369	24.463533	24.415758
1082.785645	331.560364	24.270155	24.191732
1087.181030	331.747070	27.577499	20.586691
1094.044312	330.449677	25.364227	19.500896
1098.964722	329.416748	25.555235	19.577688
1104.082886	329.579865	22.367418	19.434912
1108.864014	328.542328	24.832253	20.624916
1113.200439	328.856445	21.403740	19.025688
1118.393433	328.055695	22.273882	20.196928
1122.750244	328.141327	22.540291	18.201937
1129.164307	326.804596	22.243799	21.456144
1134.298096	325.855621	22.101902	21.363001
1138.323364	324.875183	21.929081	23.222862
1143.633423	326.096466	21.779070	17.987247
1148.654297	325.308746	24.398958	20.458721
1154.168579	323.745514	23.220078	22.498215
1158.968262	323.617279	26.076958	20.663660
1162.903320	322.023102	24.590284	23.051514
1167.859741	324.314819	23.937725	18.491692
1173.788452	322.945862	24.133518	21.315195
1179.668579	321.470764	24.316261	21.955412
1184.695068	320.962067	20.752741	21.165655
1188.502075	321.043213	26.069405	21.123009
1194.190796	321.537628	22.348467	19.501913
1199.227783	320.969971	21.422554	20.118574
1205.859863	320.820618	20.733536	19.588736
1210.635620	320.090210	23.172285	19.508028
1216.212646	319.006592	23.918888	20.575554
1222.788330	317.453247	23.223309	22.154026
1231.080811	318.133667	19.177708	20.706362
1235.715698	318.219574	17.065659	20.790968
1240.870117	317.573517	16.480598	20.113821
1243.975342	316.859894	20.421564	21.621614
1251.134277	317.408051	16.873531	18.696358
1256.159180	316.674255	16.012545	20.560495
1262.013672	314.834930	18.455429	22.694786
1262.259033	314.655396	22.032206	19.713892
1262.259033	314.655396	22.032206	19.713892
1262.259033	314.655396	22.032206	19.713892
1262.259033	314.655396	22.032206	19.713892
1262.259033	314.655396	22.032206	19.713892
1262.259033	314.655396	22.032206	19.713892
1262.259033	314.655396	22.032206	19.713892
1262.259033	314.655396	22.032206	19.713892
1262.259033	314.655396	22.032206	19.713892
1262.259033	314.655396	22.032206	19.713892
1262.259033	314.655396	22.032206	19.713892
1262.259033	314.655396	22.032206	19.713892
1262.259033	314.655396	22.032206	19.713892
1262.259033	314.655396	22.032206	19.713892
1262.259033	314.655396	22.032206	19.713892
1262.259033	314.655396	22.032206	19.713892
1262.259033	314.655396	22.032206	19.713892
1262.259033	314.655396	22.032206	19.713892
1262.259033	314.655396	22.032206	19.713892
1262.259033	314.655396	22.032206	19.713892
1262.259033	314.655396	22.032206	19.713892
1262.259033	314.655396	22.032206	19.713892
1262.259033	314.655396	22.032206	19.713892
1261.694092	353.981934	25.087221	22.676176
1257.058716	351.802246	22.369200	23.452566
1250.632812	351.291412	23.255331	27.228716
1248.491333	346.624664	22.149727	23.634335
1239.562866	350.724854	24.799908	26.747545
1233.001709	349.561981	21.554113	23.834040
1228.498779	349.074615	22.293608	23.283247
1222.061401	349.742035	22.334402	21.089304
1214.596924	350.356354	19.799498	20.753567
1203.992920	349.442993	20.022388	23.345325
1197.216187	351.431671	19.057671	20.394543
1189.401611	351.340118	18.947090	21.445047
1182.075195	350.805756	21.386972	22.388195
1175.842041	350.613281	21.738760	20.432762
1169.825928	350.652008	19.820753	19.897667
1164.196655	350.714661	20.009113	20.336277
1158.045288	350.922638	18.447721	20.087177
1151.471191	349.210327	20.744829	22.056345
1148.126343	350.931274	17.610350	20.540318
1141.936035	349.196625	20.806839	23.812485
1138.354980	346.646545	21.004927	24.647276
1138.657715	349.036743	19.333519	21.649366
1135.533691	348.682983	19.767778	22.425556
1132.362305	349.270081	19.858418	21.590538
1128.535156	348.292877	19.246357	22.823843
1122.280762	350.237122	20.246170	21.768410
1121.243164	349.334808	18.651983	22.508093
1115.570923	350.140900	20.115288	21.465189
1111.936768	350.769287	17.775206	20.866512
1106.884155	351.770020	19.425394	19.411943
1101.582764	350.732361	18.218800	21.300499
1095.046265	352.492126	18.894503	19.985300
1089.564331	355.345123	18.214397	23.359142
1083.013672	358.654846	19.515215	20.865652
1077.706909	358.405151	18.786570	21.707224
1071.433105	357.510132	18.941135	22.747351
1065.828125	357.747894	18.349579	21.080294
1059.841309	357.480164	19.168556	20.593454
1052.693726	357.504333	18.025335	20.521481
1046.111206	357.485321	17.818632	20.395086
1040.639038	357.354309	16.183823	21.195700
1032.024780	357.183624	18.750063	21.100498
1026.863525	357.197571	17.467672	21.588024
1016.412231	358.283325	20.170143	19.820261
1011.049377	357.463959	19.558987	21.461180
1004.256653	357.417847	18.162790	20.527939
996.977539	358.389954	16.562216	20.601917
989.613403	358.069214	14.674144	20.923611
979.006775	357.425812	16.188526	21.837660
969.967651	360.479767	15.259847	22.408474
961.639954	363.258240	16.779711	20.960094
955.745605	363.484833	15.470252	22.768129
947.768738	362.376892	16.124784	21.823851
939.504761	360.366333	20.059612	20.365051
933.346497	360.735229	16.266506	20.620981
925.765869	361.248596	16.798664	19.997118
920.642334	361.099762	15.618336	20.817432
915.972107	361.410217	15.182619	18.599503
910.147949	361.888214	15.605687	18.522135
904.353638	360.705566	16.631199	21.245832
901.191589	361.339966	16.870676	19.384029
896.080383	361.345551	16.056105	19.993990
891.221069	360.787933	17.385849	20.432449
885.940491	361.406586	17.673573	18.604002
883.014404	360.905151	17.622646	19.853554
879.585815	360.380951	16.510372	20.063402
875.246887	360.796875	18.559113	18.728834
864.542908	386.605377	24.463369	18.274761
869.756775	359.532135	19.850735	19.629986
869.761047	358.518036	17.364712	21.310108
870.102234	358.318817	15.120250	21.107613
867.107666	358.206635	18.027855	21.721350
865.569092	358.149994	18.184645	21.437647
863.427673	358.450745	18.932428	21.568552
862.152588	358.348663	19.248962	21.702494
861.295715	358.970367	17.254091	21.612190
858.817078	359.935547	15.105610	21.896881
854.921570	361.259857	14.841178	19.381115
849.754272	361.390717	16.547392	20.134886
843.456482	361.823181	19.865721	18.585211
838.720032	361.496796	18.572968	19.498146
835.749207	361.475800	16.154678	18.627792
830.396118	360.970856	17.465672	19.772654
824.043579	360.755615	19.752747	19.831028
819.705322	359.844360	16.874578	20.225609
814.107422	360.011536	16.267735	20.940216
807.974121	359.740265	15.498022	20.036606
801.087341	359.967102	17.158449	20.825533
794.577576	359.789246	20.069101	19.813751
789.132874	359.947601	21.990343	20.234587
783.425598	360.256958	18.984728	20.513779
777.842896	361.414917	18.133999	19.115332
770.940918	363.109406	15.631744	17.263287
764.000244	363.141754	13.656447	18.719896
755.044495	363.705505	15.938370	17.914122
749.591736	363.022308	15.022651	19.382952
744.935852	363.995880	14.056562	16.244249
739.203064	363.401215	13.308064	17.888449
733.730835	361.994171	13.763181	19.568680
729.033813	362.656311	12.508682	18.088125
723.749756	362.736389	12.988708	17.584969
721.307739	362.718903	12.162093	20.303139
721.307739	362.718903	12.162093	20.303139
721.307739	362.718903	12.162093	20.303139
721.307739	362.718903	12.162093	20.303139
705.943787	358.349762	13.411819	20.095289
702.474976	361.997711	11.173676	18.827385
700.147095	363.839935	12.807859	17.523291
697.179504	365.917145	13.746514	18.083666
694.841797	367.642212	13.796725	17.323792
694.187012	370.113037	12.618388	17.212446
692.617615	372.657135	11.443774	17.045731
690.208313	375.068573	11.217478	16.832344
688.029663	377.667053	11.372334	17.517630
686.615906	382.269012	10.847278	17.794107
684.366333	384.950775	11.745539	19.570051
681.523804	388.427094	12.271925	19.881872
678.882324	393.509613	12.997643	19.534473
677.053711	397.761902	12.956106	19.895370
676.929016	400.382568	11.247491	19.143969
674.716003	403.612396	11.970693	17.904541
672.743103	406.340729	12.081351	18.334818
671.569824	409.279510	11.486902	17.909170
669.017273	411.109131	11.263051	17.945145
665.623535	413.735138	12.558983	17.776133
663.098389	415.470795	12.667287	17.362930
646.305847	393.259705	19.303558	18.707010
645.758728	394.565826	25.098520	19.311268
646.681274	397.173004	24.930799	20.550097
646.476746	398.556030	25.401201	20.277557
646.680786	398.879425	26.653875	22.302498
646.076965	399.476501	24.491707	22.514156
646.399780	403.153687	26.131653	20.288795
644.804626	401.754669	24.900198	22.287346
645.165405	403.965149	26.815195	21.810839
643.023499	403.913116	26.015379	21.743084
640.544922	407.376343	25.712240	17.776665
640.510925	408.372589	25.984772	18.234274
640.467712	409.115845	25.293659	19.118994
639.346985	410.509888	25.123381	18.702778
634.971802	412.113007	25.200369	16.699442
632.363342	413.870117	25.304316	15.975529
631.571716	413.419373	24.749096	17.985971
630.420593	412.876556	24.894009	20.261240
629.240967	413.430847	24.478687	19.659866
627.625916	413.521454	26.030706	19.863726
627.466370	414.291840	25.869465	19.238390
626.302917	414.460114	24.384792	17.837887
627.147339	413.457428	25.601601	18.883316
626.497192	412.516418	25.988035	18.256245
627.394531	411.275635	24.806862	21.826677
627.271057	406.980377	26.198957	21.913134
628.158997	406.922150	26.510448	22.292156
629.515381	403.053162	26.871321	20.662607
628.071960	401.008453	20.425926	17.989168
630.066772	397.473602	23.322853	18.610783
628.105225	394.484528	24.844019	18.415543
632.048706	393.049774	26.256971	17.835619
632.793762	387.887970	25.106884	15.661983
633.074585	383.969421	23.862129	16.026377
633.632690	379.059143	22.693293	15.231169
637.607910	373.118530	25.192421	19.027500
638.098816	373.040710	25.689495	17.952875
640.091980	369.575043	23.325502	15.829588
641.533203	367.174377	25.047583	16.954550
646.160767	366.292847	27.284479	20.775984
648.929016	365.210449	25.568941	19.787601
649.975098	363.949463	26.725111	17.137413
651.715088	361.392578	25.474266	17.157598
652.253357	359.770111	26.205555	19.013922
653.052917	358.071350	25.669163	20.871397
651.481445	356.543060	26.501699	16.638845
651.668701	353.547455	25.848890	16.792904
652.224121	351.085052	25.573952	18.126841
651.197021	350.324371	26.778582	17.597218
649.788513	348.573120	26.084810	16.857574
648.845093	346.408691	26.525776	18.350735
647.476624	345.046417	26.823069	18.438599
647.201477	345.387238	26.706373	17.250158
646.108704	342.855865	25.871634	17.908346
644.300537	341.957001	26.746334	18.314636
641.072266	340.440582	27.296896	18.808748
638.749512	340.056274	27.858562	17.135406
636.277161	338.775269	28.564219	19.374125
632.533020	337.669067	27.200073	17.451326
631.580383	336.539886	27.838419	17.507729
631.347595	335.635620	26.856791	18.508810
631.091003	335.257874	27.051456	17.720161
630.422424	334.732025	27.757957	16.461077
631.343933	333.750458	27.046713	17.274618
631.434082	333.414429	26.069214	18.385651
630.038391	331.534363	27.808519	17.931635
630.872925	332.483124	25.253740	16.759047
630.377075	331.340851	26.095402	17.345537
629.393188	330.403809	25.852253	18.048660
628.898438	329.647278	26.058474	17.930367
628.551147	328.979797	26.101280	19.106194
627.396484	329.057220	26.809732	18.028074
627.176392	327.871216	26.933607	18.791855
627.383057	329.044312	27.766270	17.842615
621.605957	329.444336	27.028172	17.307030
622.155334	329.640289	25.690626	18.602491
621.542603	330.154236	28.256966	17.768940
617.921082	331.123505	26.095592	17.106937
616.872437	330.476990	26.279766	18.872313
612.989624	332.897675	27.829336	17.674520
612.589783	333.977264	26.637764	18.362364
608.866882	335.082794	29.621851	18.315443
607.403320	338.939941	27.718428	16.616606
604.388245	340.793579	27.953291	17.926758
603.557922	342.999603	27.088644	16.341797
603.472473	344.412140	27.481340	16.499989
602.691406	344.327271	27.584045	18.298275
601.012573	345.867523	27.654953	18.225536
598.679138	347.563049	29.669998	17.093924
599.585938	347.850250	27.490503	18.568291
602.490479	349.128387	25.798384	18.710127
602.011108	350.070374	26.101398	18.363358
603.019043	351.931396	25.949848	16.447634
603.955750	351.222687	25.290638	18.662022
605.745361	350.610138	26.825171	20.063417
609.070618	351.975647	26.474394	19.597353
610.146790	352.181915	27.148848	17.960424
612.275513	352.582825	26.607536	18.542349
612.540955	351.604156	28.075644	20.359119
617.269897	351.947388	27.973824	18.462666
621.643250	350.512146	30.471539	19.050514
622.283752	352.702820	27.322254	16.380020
627.774353	352.020386	25.955721	18.063278
628.076172	351.660858	26.839355	18.205477
633.286194	352.428131	27.501017	17.159389
633.144653	352.722839	27.020016	16.586897
631.168945	352.086121	30.618553	18.125381
635.595215	350.966217	27.540653	18.807642
636.295227	352.891083	25.180609	17.283480
635.293091	351.863159	27.251240	18.069565
635.995544	351.427979	25.656210	18.024220
636.663818	352.460815	24.903719	17.297812
635.490601	351.499756	26.146116	18.067860
634.973877	351.990173	26.372665	17.563551
633.959900	351.611755	26.337931	17.825191
633.290466	352.309296	25.407215	17.202049
631.316345	352.777374	24.652151	17.069334
629.775024	352.173889	26.066620	17.406199
628.645020	352.827545	25.873400	17.294510
627.992615	352.072296	25.471807	18.173115
626.269104	353.274170	25.061966	17.485180
623.843323	353.023071	26.801764	17.433146
622.184082	351.896454	26.381010	18.997047
620.380859	353.229187	26.438709	18.304651
614.111389	352.879852	28.126888	18.316854
614.775940	353.519592	25.996761	18.201237
611.815125	353.900391	25.898415	19.119797
607.805847	353.715790	26.124998	17.802483
602.912659	353.575073	28.412148	17.605743
602.202698	354.319794	26.064690	17.828671
599.568115	352.502563	26.990162	19.353149
597.122925	354.342651	27.526871	18.811426
594.166199	354.196411	27.929449	17.380894
594.459290	353.864807	26.333755	17.701899
591.872009	355.051483	26.276537	16.407652
592.182373	354.992401	24.557453	16.246382
591.734436	354.569489	24.496796	16.901312
591.831604	354.438629	23.805853	16.707466
591.515625	355.423340	24.032213	16.034006
591.056519	355.080536	24.236717	16.433924
590.381531	354.864594	26.078682	16.715868
591.791931	354.173889	25.236115	17.662271
591.792908	355.255127	26.566532	15.805591
593.206970	354.963654	26.179697	16.407049
594.686768	354.532074	26.416231	16.743196
596.776428	353.983307	27.141781	17.282797
600.338928	353.919434	26.007294	17.028322
605.067688	355.519623	23.817041	15.915728
609.045105	355.476044	24.661997	16.317064
610.611206	354.823914	25.961226	17.455383
612.601562	355.106232	25.822367	17.398232
616.518860	355.650452	24.214643	16.950748
616.272766	355.936127	25.291733	17.666422
617.780884	355.558105	25.208775	17.290487
618.397278	354.341125	25.465302	19.137049
620.259827	355.752533	24.664549	17.795700
619.829651	355.753510	25.340679	18.087132
619.382690	356.111664	25.003662	17.533081
619.413147	355.575287	24.040813	18.703960
617.620483	355.926178	25.486296	18.668720
616.510132	355.376495	24.591017	18.339211
615.495544	357.272095	25.510679	16.674505
614.968079	356.086975	23.926382	18.474295
614.966553	357.449097	22.850309	16.844955
613.560425	356.775055	22.793146	17.756035
611.689819	356.368835	22.783949	18.648258
609.588501	356.953796	23.354694	18.111795
607.732422	357.566895	23.016315	17.794489
605.186890	358.184235	23.625841	17.147659
602.537231	357.902466	23.916058	17.435007
600.345520	358.279907	23.943033	17.285131
596.552063	357.278412	24.681492	18.341936
593.590332	358.065521	23.951965	18.746862
588.384705	358.812897	25.419130	17.192814
586.486694	357.707458	23.684143	19.487068
582.405457	358.708435	25.808613	17.718874
581.446350	358.138550	24.323292	18.279961
579.946533	359.216888	22.793497	17.245861
578.173828	358.704498	23.124874	18.027657
575.186096	359.412598	25.156473	17.163294
573.660645	359.668579	25.811876	17.289495
574.046936	360.561005	26.297977	16.763002
573.583435	359.480713	25.426451	18.249435
573.580139	359.617676	24.285246	18.849581
572.219360	361.603180	26.321053	16.465513
572.841187	360.656616	25.462540	17.712198
573.224915	361.379822	26.006565	17.467377
574.532227	361.920929	25.842793	17.422859
577.168762	362.027618	26.000866	17.835138
579.367188	363.079346	27.039022	16.916794
581.786499	363.296600	26.953619	17.751101
583.933533	364.423126	26.260866	17.247305
584.943787	364.722412	26.377739	17.545288
585.312866	365.315887	26.238855	17.512148
586.578003	366.096161	25.864643	17.649977
584.564026	365.901642	26.422298	18.577002
586.431091	367.105438	26.088438	17.762129
584.876648	366.673553	27.965219	18.658060
584.038879	368.088531	28.499460	18.293346
583.419800	368.567871	29.511198	17.443729
580.343994	368.556549	30.644928	19.064167
580.873169	368.470367	29.710966	20.434813
579.928101	369.535248	28.047340	19.304796
578.761414	369.497925	29.526279	18.886690
573.036072	370.767242	31.575224	20.667667
569.038208	369.654541	33.646076	22.207226
565.904541	372.811005	33.877625	19.144663
570.140991	371.199493	28.338484	19.479246
569.371460	371.023712	27.963055	17.905643
565.696777	370.060364	31.078516	20.662096
559.732239	369.917969	33.807987	22.189156
560.182068	371.930573	33.361317	20.253620
559.859192	370.563141	34.484528	21.840870
560.521790	372.991730	33.161114	19.826416
560.836243	373.871704	32.452038	20.562124
561.377197	372.398560	31.946568	21.307064
561.921387	371.366608	31.678024	23.044977
563.463074	373.295288	32.193161	21.038609
564.324585	372.294861	33.139481	22.236858
567.172791	375.407593	32.544559	19.294804
571.907288	373.634613	32.969509	20.425501
572.920410	375.284332	34.557152	19.835003
577.510986	375.091827	32.468399	20.456142
579.913391	373.633606	32.323704	22.673315
582.026611	376.591522	32.198307	19.548903
582.985352	374.228577	32.935978	22.740398
584.182495	376.856903	32.796047	20.325098
584.671753	374.919708	32.580303	23.008169
585.123596	377.237213	33.782917	20.434729
585.297974	374.852753	33.479340	23.915749
585.821838	375.573853	32.385311	23.574078
585.185486	376.691071	32.184097	23.056461
584.910156	376.477783	31.496424	23.506149
584.448181	376.271423	32.998966	23.447113
583.164307	376.626801	33.289127	23.832991
582.763550	376.487427	31.635168	24.567394
580.449036	376.835785	31.935225	23.289005
578.887329	377.111725	32.924896	23.103914
578.312927	376.939606	33.000519	23.990955
576.028198	377.284576	31.903252	23.317509
574.957153	378.064911	33.672039	22.089951
571.561829	378.375000	32.772137	22.419762
569.318726	377.526581	31.900864	23.001194
564.279968	377.734192	33.090103	22.793165
561.984802	377.056946	32.343590	23.370026
560.495850	376.863068	31.942764	23.891838
558.279175	376.410767	33.009541	23.640333
556.777466	376.346649	31.566513	23.705420
554.681335	376.011841	31.685654	23.529242
553.726318	375.582153	31.767359	24.146893
552.697083	375.595276	31.814144	24.063732
552.131653	379.131378	30.933390	20.776550
552.282715	375.545563	31.358898	23.677074
551.911011	375.832428	31.888266	23.762699
551.893311	377.834595	31.597309	21.819794
552.748291	377.169739	30.840014	22.108461
553.969849	378.484222	29.452747	21.520466
555.377258	375.747009	31.457426	23.036150
558.073303	376.866730	31.265816	22.230474
560.968872	375.452393	32.118652	22.847088
564.122131	374.837524	32.110569	23.411175
567.073853	376.719818	32.667175	21.590044
569.306213	375.942291	32.539795	21.391109
572.135620	376.919067	30.893274	20.757494
573.456604	376.557892	30.567459	21.563967
574.368774	375.978149	31.857206	22.394690
575.045593	376.424744	31.007772	22.073824
575.853943	376.594849	30.480825	21.509472
575.729370	375.413696	31.303228	22.371157
574.211182	376.593781	31.982267	21.856661
572.616272	374.853180	32.305882	23.258461
571.976990	376.014587	32.345367	22.188499
571.341919	374.688507	31.829475	23.050871
571.431213	377.212738	31.891340	20.766159
571.122437	374.789612	31.692247	22.445454
571.223999	375.304199	32.017105	21.477959
571.527283	375.231293	32.089798	21.785000
573.130554	375.636566	32.411026	21.162271
575.886292	373.637878	33.413250	21.872042
578.002258	374.484497	33.792534	21.360674
581.262085	374.693726	33.693714	21.174870
583.757874	374.210022	33.510387	21.289263
586.326416	375.593506	32.485222	20.392027
587.915894	374.408386	32.802952	21.091381
589.676331	373.575500	32.920723	22.558420
589.781250	374.746033	32.553627	21.431143
588.557556	374.158386	33.341084	22.014828
589.801025	373.345917	33.396500	22.620695
590.456360	376.200256	32.101280	20.324947
589.028320	374.545044	33.650635	21.494577
588.951599	374.538361	33.981258	21.236231
588.085754	374.492523	35.373486	21.303677
586.736328	375.314148	34.716042	20.903873
585.094055	374.340851	34.733051	20.944025
584.345459	374.940216	35.710552	20.966127
582.023804	374.843262	36.879681	20.358883
580.313354	374.505005	36.673313	21.190012
578.931824	375.880310	37.218838	20.378952
575.591431	374.190613	35.584515	21.887239
575.045837	375.348358	38.007980	22.184361
571.730652	374.020081	38.434124	21.520321
570.414124	374.679504	38.944160	22.173645
567.693787	374.362823	38.867935	21.604010
564.800232	374.999603	39.923023	22.809361
560.658813	374.232422	37.151276	22.518532
557.136108	375.630981	40.496597	22.004009
553.362976	374.229126	38.690456	22.179819
551.272095	375.715240	34.379692	18.732325
550.991882	375.902557	35.511154	21.342779
547.308533	375.490784	38.103745	21.587925
547.220276	377.809784	38.518585	20.616825
546.475037	375.563202	34.667168	20.665108
545.864563	377.036591	31.309422	17.047438
544.358948	377.940674	26.377985	15.370302
544.507446	376.530090	27.291401	18.071287
545.070068	376.190765	28.638754	18.572256
544.132324	377.011963	28.180901	17.948959
544.900635	376.468140	26.900415	17.870173
546.004272	376.537811	29.583237	18.794113
548.224487	376.271332	28.777390	18.638481
547.796936	377.403839	28.548777	16.056215
552.674805	376.031677	26.966881	18.165117
554.185730	377.205994	27.628534	16.472147
555.816284	377.021393	28.503338	16.143717
559.621765	376.257385	27.479441	17.291197
561.002441	378.483124	26.561146	14.398043
562.874817	377.336853	25.461197	15.708443
566.023071	376.195740	26.187695	18.196846
564.750610	378.066528	25.549070	15.574876
565.037170	377.031189	24.735336	16.444286
564.175110	378.573914	25.181854	14.949094
563.204529	376.998535	24.461540	16.457821
563.386902	376.137756	25.615770	17.581820
561.701782	377.296143	25.899286	16.116180
560.345642	376.776947	26.125971	16.085505
558.987854	376.815491	25.323782	15.896543
557.990417	375.962616	25.282154	16.217684
555.937012	375.210999	27.537952	17.375322
554.060364	375.974915	26.538193	16.286360
550.131775	376.515961	28.041695	15.603452
546.085327	376.534180	26.202158	14.269338
544.263611	375.939148	26.109241	14.678821
543.436279	375.794312	26.352871	15.592130
540.451050	375.562164	26.278858	15.097841
539.903503	375.499146	25.190746	14.288381
538.676025	375.312775	25.543810	14.686694
538.337891	374.562042	24.852522	15.787436
537.021301	373.635284	25.268333	15.902807
536.332642	373.493622	25.969282	16.373987
534.568054	372.621277	26.326635	16.063576
535.349548	372.390106	26.551928	16.231853
535.455688	371.820007	24.952877	16.351053
537.614990	371.705444	24.826128	17.172062
539.574890	370.717590	26.332851	18.126669
541.583740	372.949707	26.430054	15.330822
543.395630	371.540161	27.672487	16.369555
545.683655	371.730469	27.438808	16.253786
547.099548	370.376190	26.331501	16.729565
549.189453	370.271484	27.244450	17.018036
548.103271	371.745026	28.904005	14.680120
552.534973	369.048096	28.915516	17.562101
551.608765	370.694397	28.842403	15.556014
556.812744	369.462524	29.821278	17.355400
555.951843	371.092316	28.926016	15.487149
558.250916	371.348602	27.422642	14.425610
561.055054	370.008881	26.207853	15.762289
563.115967	370.711670	28.462585	15.325293
565.275635	369.036621	29.442776	16.883425
563.885925	371.257446	29.413008	14.470752
567.242126	371.469879	27.873871	14.461179
572.291016	370.275940	27.642601	15.662920
570.929810	371.131134	28.020170	14.903411
574.163635	369.827972	27.418674	16.415510
573.498718	370.459595	27.480869	15.857120
577.219360	369.891876	27.472837	16.235180
