0.104879
0.062491
0.062235
0.060000
0.062941
0.062332
0.067243
0.059803
0.061627
0.061759
0.062851
0.064063
0.061618
0.062766
0.061769
0.062273
0.044432
0.064935
0.044342
0.064178
0.044079
0.042302
0.043890
0.043787
0.064923
0.064646
0.063221
0.065892
0.062852
0.066950
0.069121
0.068227
0.068936
0.066857
0.068879
0.066419
0.069627
0.068872
0.065634
0.067118
0.066860
0.065884
0.068323
0.069690
0.069879
0.068079
0.069973
0.066793
0.064589
0.065969
0.069558
0.069433
0.063524
0.069097
0.069814
0.069279
0.069463
0.067898
0.069717
0.066372
0.069926
0.066630
0.063031
0.064479
0.063366
0.062908
0.062345
0.060699
0.063704
0.063872
0.065964
0.066248
0.061290
0.062846
0.062843
0.063349
0.063288
0.066401
0.065919
0.069121
0.071103
0.062343
0.063656
0.068761
0.062738
0.070555
0.066396
0.063452
0.062672
0.066080
0.069853
0.066537
0.061000
0.063092
0.064425
0.063422
0.066877
0.063058
0.063281
0.061103
0.072109
0.068462
0.063073
0.067060
0.066462
0.063473
0.066818
0.067688
0.068242
0.061644
0.061676
0.061426
0.065254
0.065926
0.062694
0.061567
0.065101
0.061298
0.061496
0.040770
0.070979
0.061026
0.040879
0.061461
0.063711
0.064497
0.062642
0.064649
0.064327
0.061860
0.043778
0.063882
0.061862
0.062977
0.067697
0.063924
0.063874
0.063728
0.065590
0.062904
0.077137
0.064174
0.064904
0.068528
0.065226
0.065634
0.068458
0.069064
0.065617
0.064239
0.064234
0.067883
0.065745
0.062227
0.064036
0.065870
0.066247
0.068379
0.067711
0.067970
0.071517
0.064781
0.065282
0.062317
0.064435
0.063117
0.064501
0.065917
0.062515
0.064865
0.064169
0.064954
0.064003
0.064012
0.066266
0.064965
0.064470
0.068554
0.067519
0.067747
0.073803
0.065033
0.062322
0.064413
0.063470
0.063834
0.061994
0.061928
0.063643
0.064052
0.065384
0.061796
0.064399
0.068221
0.064293
0.062157
0.064162
0.063532
0.064005
0.065647
0.075540
0.064832
0.063738
0.062471
0.062683
0.064695
0.066993
0.064756
0.063704
0.062297
0.062826
0.064327
0.067535
0.065866
0.067673
0.072100
0.068283
0.068511
0.067988
0.062866
0.075681
0.067463
0.064072
0.064291
0.064494
0.068079
0.067973
0.070903
0.071797
0.071491
0.064932
0.064342
0.064336
0.064401
0.065036
0.065248
0.064805
0.063004
0.063283
0.065638
0.075152
0.065111
0.064322
0.065075
0.062693
0.065255
0.062854
0.065382
0.064717
0.065046
0.064613
0.064854
0.066371
0.065344
0.064866
0.063899
0.065467
0.064724
0.066249
0.065782
0.075979
0.064266
0.064217
0.064501
0.064442
0.065719
0.064553
0.064671
0.064668
0.064378
0.062495
0.065083
0.062133
0.064333
0.062751
0.064900
0.065080
0.065574
0.064841
0.064611
0.076094
0.062284
0.064437
0.065519
0.065673
0.065409
0.065001
0.062685
0.064324
0.065456
0.064272
0.065308
0.065242
0.065320
0.068679
0.064243
0.065723
0.068621
0.068405
0.065449
0.076785
0.066120
0.064409
0.065404
0.065000
0.065186
0.064895
0.069358
0.068209
0.068447
0.068458
0.064709
0.068073
0.066974
0.068130
0.066614
0.067887
0.064594
0.068364
0.065475
0.071777
0.069140
0.071445
0.072294
0.072157
0.062687
0.064986
0.066482
0.065098
0.063037
0.065040
0.062592
0.061590
0.064365
0.067975
0.065246
0.067951
0.064820
0.064424
0.063327
0.075573
0.064258
0.064211
0.043447
0.063421
0.043016
0.043317
0.044552
0.063981
0.070516
