0.098140
0.064648
0.064341
0.063978
0.064401
0.065770
0.062274
0.062071
0.063943
0.064264
0.063820
0.062574
0.063437
0.063956
0.062160
0.064033
0.065195
0.064718
0.062989
0.064695
0.072802
0.065275
0.064876
0.064637
0.065537
0.064610
0.062572
0.064468
0.064728
0.065717
0.065877
0.064545
0.064506
0.064648
0.064679
0.064916
0.063873
0.063765
0.064003
0.062327
0.076184
0.063324
0.065439
0.064450
0.062173
0.064534
0.064643
0.064401
0.064777
0.064534
0.064221
0.062454
0.064408
0.061948
0.063746
0.064472
0.062448
0.062490
0.064195
0.064561
0.075927
0.065016
0.064977
0.062557
0.062945
0.064409
0.062849
0.065705
0.064702
0.064394
0.063014
0.062806
0.062688
0.064736
0.062424
0.064125
0.066304
0.062801
0.064776
0.064301
0.076442
0.064751
0.064854
0.062786
0.062711
0.064247
0.062502
0.062633
0.064664
0.065093
0.062810
0.064939
0.064691
0.041974
0.043224
0.043790
0.043234
0.041308
0.064080
0.062347
0.075572
0.064173
0.063525
0.064832
0.064441
0.062406
0.064528
0.066064
0.063534
0.064638
0.064226
0.062448
0.064281
0.062260
0.064537
0.064528
0.065451
0.064002
0.064391
0.062987
0.076005
0.064705
0.062497
0.064110
0.067092
0.064090
0.064206
0.064678
0.062605
0.062755
0.064550
0.064489
0.065768
0.063138
0.064660
0.062629
0.064574
0.065629
0.064426
0.064867
0.076722
0.064663
0.062401
0.062587
0.064791
0.063317
0.064456
0.064465
0.062562
0.062339
0.065520
0.068360
0.064286
0.064162
0.064067
0.062123
0.064304
0.063780
0.062938
0.065902
0.076306
0.062652
0.068273
0.066137
0.062914
0.064799
0.064538
0.064540
0.064426
0.065525
0.064051
0.062701
0.062245
0.064433
0.062485
0.065629
0.062332
0.064270
0.062488
0.065489
0.073682
0.065656
0.062697
0.063144
0.064233
0.064018
0.043589
0.067454
0.065070
0.062518
0.064857
0.064445
0.064343
0.064515
0.063062
0.063273
0.062917
0.064547
0.062330
0.067584
0.076685
0.064026
0.064343
0.062299
0.062496
0.064390
0.065454
0.062589
0.065208
0.062458
0.062353
0.064134
0.062950
0.064581
0.064621
0.062441
0.062734
0.064658
0.065320
0.064880
0.075832
0.065978
0.064497
0.064361
0.065134
0.064481
0.065019
0.062856
0.064571
0.064398
0.065221
0.062790
0.064470
0.066183
0.062705
0.062572
0.066229
0.062623
0.064664
0.062505
0.073884
0.064138
0.066186
0.064679
0.064092
0.064151
0.065807
0.064356
0.062652
0.064474
0.064434
0.064436
0.062389
0.064341
0.062184
0.062741
0.064618
0.062388
0.062729
0.063391
0.074161
0.062739
0.062557
0.065689
0.064401
0.064489
0.062470
0.063295
0.064814
0.062952
0.064838
0.066947
0.062916
0.063291
0.064394
0.064495
0.065592
0.064079
0.062180
0.062799
0.073152
0.065349
0.065570
0.063846
0.066423
0.067265
0.067681
0.067940
0.066279
0.068092
0.064882
0.063289
0.064442
0.062861
0.062680
0.064364
0.064611
0.066938
0.065040
0.065309
0.074372
0.062994
0.064703
0.063558
0.063968
0.065378
0.064590
0.063380
0.077015
0.068635
0.069047
0.093361
0.069062
0.075004
0.061926
0.062732
0.061778
0.061743
0.062996
0.060870
0.075113
0.069390
0.063823
0.064914
0.061084
0.063397
0.060523
0.062475
0.062700
0.060747
0.061681
0.063414
0.063312
0.067918
0.063863
0.063256
0.061080
0.062982
0.062782
0.062644
0.081816
0.067797
0.069657
0.064631
0.064245
0.063662
0.072439
0.067501
0.067351
0.076456
0.068817
0.069612
0.066797
0.065068
0.074944
0.063669
0.068064
0.066400
0.077005
0.067130
0.079548
0.073961
0.069093
0.066237
0.067186
0.067333
0.066879
0.065831
0.066319
0.064883
0.071757
0.077512
0.072762
0.071290
0.075083
0.066354
0.063891
0.084389
0.064678
0.067324
0.078866
0.069611
0.069505
0.067329
0.074656
0.065369
0.072378
0.066270
0.067644
0.066192
0.065602
0.068345
0.067834
0.063289
0.064011
0.061796
0.064267
0.064754
0.065076
0.063958
0.075323
0.061959
0.064155
0.062596
0.064694
0.061782
0.065703
0.063331
0.065173
0.043606
0.065068
0.064870
0.065030
0.064638
0.064894
0.067394
0.064000
0.063351
0.062130
0.064164
0.074523
0.063550
0.063883
0.063656
0.061639
0.070065
0.064144
0.069323
0.070297
0.063519
0.073018
0.041801
0.069238
0.042017
0.042736
0.041420
0.042763
0.063354
0.066923
0.074884
0.073864
0.067435
0.064539
0.064452
0.065285
0.067819
0.068839
0.064790
0.065382
0.067375
0.063153
0.064048
0.067894
0.070445
0.067586
0.069396
0.068279
0.067661
0.066417
0.070933
0.080705
0.068206
0.074421
0.083273
0.087068
0.071707
0.101786
0.088634
0.071148
0.061396
0.065037
0.070170
0.091435
0.091359
0.087707
0.086954
0.088037
0.087107
0.071524
0.066697
0.070031
0.061595
0.061443
0.065017
0.063559
0.064078
0.061777
0.063331
0.063625
0.063433
0.062527
0.064286
0.063802
0.063133
0.061863
0.064401
0.068959
0.063723
0.064295
0.068819
0.093380
0.068344
0.063574
0.061896
0.065892
0.065660
0.065604
0.062365
0.062347
0.064272
0.065765
0.063221
0.066742
0.071947
0.063681
0.064034
0.070374
0.064587
0.063778
0.069603
0.069982
0.063096
0.061543
0.066327
0.063574
0.064163
0.067535
0.066485
0.064727
0.068467
0.064559
0.065587
0.065828
