455.000000	408.000000	33.000000	21.000000
458.481934	402.870178	34.844517	30.851418
460.722534	401.511047	34.567123	34.797264
460.805664	403.330322	29.608852	35.422333
462.880829	402.779388	28.161100	36.150620
466.457336	399.949738	32.157101	37.834602
468.501923	401.858337	34.381973	33.375526
471.635071	400.925842	33.763084	32.456146
472.476166	401.064240	31.772848	34.532368
475.163757	401.224396	33.154755	31.717873
474.545197	400.942505	31.479168	34.115623
478.658844	399.589935	32.886677	33.132240
480.472382	398.408600	33.670113	34.362881
482.036499	396.820557	34.020660	36.345387
483.802704	391.091125	34.158836	42.056763
483.575195	390.995667	35.870037	43.305527
483.894836	390.340576	36.132156	43.654591
484.800629	388.221283	35.262646	45.186852
487.619354	388.157349	35.572937	45.653027
487.832520	387.600739	35.347771	44.499760
490.378296	388.844330	35.086578	44.755459
490.510132	390.469055	34.815422	41.804119
493.317902	391.768066	33.078842	40.876678
494.025909	391.371704	33.038242	40.652866
496.816895	389.630615	33.838394	42.219265
497.959015	390.131287	32.346886	41.854012
498.076508	393.459930	31.649366	33.514893
499.449951	392.806305	35.367577	34.821125
498.936554	387.961884	33.462475	41.445236
498.347778	395.023132	29.229988	34.972122
505.563477	392.392181	33.829334	35.449566
504.165985	390.891235	34.589272	36.585594
505.541290	389.712952	35.297161	37.693825
507.419769	389.751282	33.669472	37.538460
512.384888	390.736359	33.184437	35.073486
509.367279	388.082367	33.706142	33.832748
509.959259	385.072021	33.696594	39.555374
512.029114	385.090027	30.567959	38.518806
512.486084	381.195343	30.863024	42.558361
510.354248	385.427979	32.447742	38.097118
513.252380	385.364319	32.973690	36.969116
517.548645	384.917938	32.036869	35.095215
516.936096	386.132446	27.066561	36.690403
522.179810	386.077179	30.878639	33.643261
523.745605	385.635223	30.802389	34.211590
526.135010	384.509766	31.276917	35.868217
524.343689	382.705475	27.325304	38.879646
526.760559	381.100800	21.297710	36.945450
530.134094	382.210541	17.353415	35.039898
531.606934	384.668701	18.260452	34.320446
533.278931	385.480927	20.192501	34.480701
534.913696	383.459808	17.513132	38.129166
536.421814	383.255432	17.023479	37.968861
538.607910	382.843506	26.003056	39.109821
541.826782	383.408936	34.509743	34.546906
543.319641	383.945038	35.297485	31.960119
546.572449	380.984467	31.740007	33.183125
549.123779	385.216461	30.457954	29.971899
552.054626	383.887238	30.704018	32.195271
555.411621	384.882446	29.575468	34.960205
558.734558	382.866516	28.851227	35.567493
560.901367	382.329529	29.154356	36.539223
562.077454	383.621185	30.540747	35.462109
562.670349	384.371338	31.759804	34.237885
563.798096	383.064575	31.194275	36.638149
564.421997	385.287811	31.171476	33.631130
568.967773	381.619263	28.559780	37.957897
567.540833	376.312744	32.241104	39.960438
575.625427	373.681549	27.211214	37.868111
580.693298	375.211609	27.743542	37.861008
575.320374	378.218536	34.147373	36.489635
577.259766	373.217468	36.253342	37.167110
575.654602	374.035126	40.854076	37.054836
579.451355	371.999542	43.681812	38.793087
579.451355	371.999542	43.681812	38.793087
575.748352	376.681854	39.826420	36.585514
575.748352	376.681854	39.826420	36.585514
575.748352	376.681854	39.826420	36.585514
575.748352	376.681854	39.826420	36.585514
575.748352	376.681854	39.826420	36.585514
575.748352	376.681854	39.826420	36.585514
575.748352	376.681854	39.826420	36.585514
575.748352	376.681854	39.826420	36.585514
589.830933	375.021362	30.852564	33.708385
593.949036	379.376495	30.341301	39.475700
594.770569	377.028320	34.712357	40.068844
594.252380	372.899292	31.308407	42.279118
596.995300	365.809692	29.692490	42.186485
598.621216	367.447174	30.648449	44.121662
598.928345	376.361084	28.343317	42.804409
600.903687	374.475708	28.405783	43.127277
605.033997	377.928894	28.968987	40.003681
607.483154	379.134827	30.536251	37.386616
608.826477	378.222137	30.450045	39.074104
608.332520	372.517944	29.846037	44.606537
611.891541	368.637177	32.057549	46.795120
612.728516	368.962646	32.568813	47.360786
615.544189	368.455109	33.925087	46.753914
614.075745	369.678680	33.585373	47.655788
617.554443	372.069672	34.200626	45.281338
615.889221	374.896820	30.484015	42.275410
618.864624	374.698975	28.792919	41.122440
620.317383	373.703217	31.541565	43.309990
622.029053	373.371368	33.358410	44.247898
623.971924	375.741638	33.408207	41.782772
626.175293	375.972809	33.374821	42.890896
627.533875	377.078064	32.581688	41.356968
630.776306	377.017487	32.806206	42.567211
632.809753	375.382721	34.213551	42.979473
634.503784	377.863831	31.999151	40.923141
636.882446	375.393738	33.785210	43.217461
638.748230	376.034851	32.999672	43.275448
640.965637	375.864380	31.634125	43.682297
643.354797	376.002136	31.453102	43.041180
645.489441	377.549164	30.216841	41.630592
645.029175	376.747864	32.492207	42.583473
648.279114	375.363220	34.315155	44.213951
650.127258	377.714844	32.182384	41.943275
651.082825	376.693268	33.271019	42.843117
649.938538	377.203735	31.385941	42.095066
649.425049	377.152344	31.086149	41.484268
652.599731	377.565796	30.294733	42.083572
656.332092	379.654602	30.752287	39.106960
658.994446	377.821808	32.945560	40.071133
659.638977	381.688721	31.911455	37.983227
662.675659	383.543091	30.618084	34.173363
664.327271	381.927246	32.263142	35.627590
666.142395	381.291199	34.408558	34.920746
666.314331	381.275604	37.148300	36.087421
670.206604	375.314636	36.388153	41.677471
673.470825	379.748566	35.006294	35.170654
667.222351	378.176239	30.650188	38.406597
670.513184	379.024048	27.013697	37.549034
673.668152	379.031799	25.350872	36.035679
676.277405	379.824463	24.774534	35.104305
665.900635	374.595337	29.910563	40.353241
672.100647	373.836273	32.645245	37.913261
672.846985	378.214386	30.075140	36.456005
675.578186	375.384430	32.333553	35.943851
674.744324	376.885468	30.114557	34.781693
676.511780	374.215057	31.797295	33.824329
676.725769	377.094208	27.857912	32.731426
677.645996	375.419891	31.866642	33.758629
677.714233	374.873627	29.771751	34.559883
679.216064	372.940521	34.384449	35.733902
680.227905	373.617065	28.520069	35.478958
680.546143	372.271149	31.308128	35.450119
681.379700	371.371887	33.014370	35.999889
682.056396	370.672180	32.747326	35.154179
682.665466	368.843811	30.176634	37.234711
683.442566	368.571472	32.036266	36.560116
683.595032	369.720093	32.080006	35.516205
684.302368	367.762421	31.545908	34.832695
685.342834	368.435944	31.921041	32.620350
686.319946	368.148041	34.744011	33.836208
685.280212	367.956390	31.875341	31.716923
686.302795	368.134277	32.332981	31.517145
685.793152	368.466736	35.967163	30.484985
687.481445	368.461304	34.310501	32.180012
687.993652	372.614166	33.752632	44.855991
688.076843	374.677460	33.574615	44.240643
683.010986	377.082153	30.614473	41.221676
681.203064	379.684814	26.303717	38.364952
678.296936	377.875977	28.417458	40.748158
674.720337	369.868866	33.165993	49.019627
668.998840	377.427612	33.635139	44.116390
665.691284	384.755249	32.014801	34.141495
691.790405	358.722809	29.570234	34.747009
694.431274	358.144287	25.792185	34.059231
697.939514	355.121643	29.104860	33.938503
701.487000	355.765106	25.769285	26.700335
706.237427	351.645081	25.915281	31.312124
701.697937	352.896362	30.528418	29.453793
698.768372	355.035004	33.437401	33.260723
694.838318	355.486542	36.486378	33.307114
690.357727	358.016693	31.462360	31.591242
691.855713	356.971893	29.211830	31.872446
691.930054	355.922913	30.075199	33.092457
691.504028	356.937866	30.744181	30.964865
692.486084	356.075531	34.893230	31.365536
695.061951	352.650238	37.966137	36.186054
693.994385	352.002899	41.938251	38.621559
694.388428	347.648895	44.905815	42.512856
695.529724	354.782593	36.043465	36.167278
697.706055	353.019989	35.380116	35.918552
697.491333	353.315613	30.215912	35.931793
695.754456	350.844849	31.896109	38.027901
696.482422	348.417847	31.988197	37.552902
697.067688	346.261078	35.410278	40.379517
697.553833	342.802307	35.785278	44.066441
701.262939	345.811005	28.839106	40.685963
702.683716	345.968414	27.383816	39.603268
703.106140	350.419891	26.968027	35.350868
705.293274	350.942078	28.706537	34.573299
704.230225	345.673004	30.014015	37.919312
704.625305	342.290802	29.022581	41.273457
697.863159	343.918091	27.842497	40.573299
701.307312	342.310516	28.216278	40.169094
707.420227	341.008759	25.913561	33.059067
705.314331	343.098419	24.478067	32.179897
701.478027	343.887085	24.827696	32.041271
703.964050	346.782837	29.420406	34.294998
707.316589	338.879333	25.740471	29.383276
699.102539	341.631134	24.478197	27.052622
701.385742	341.923828	29.105307	27.945999
701.499390	341.876038	28.706991	28.382244
696.387878	343.566559	26.700577	22.752991
696.928040	341.904999	23.647722	24.141413
699.612976	345.504944	24.281582	23.489071
700.844910	348.025879	27.641430	28.447950
703.547058	347.877380	27.744467	35.417210
707.900513	334.271667	21.145996	34.555889
704.035828	333.664337	25.374401	30.473631
705.656494	336.430908	24.160431	28.178143
692.572754	339.493042	37.222672	28.338768
702.981018	333.076721	28.245600	31.506901
695.624268	341.071106	32.665615	29.449305
682.175659	340.362122	37.188221	31.111212
697.876282	332.894318	29.875286	36.271664
686.152710	335.004486	36.540237	38.358711
686.018738	335.388550	31.627405	37.976540
685.287292	335.913483	32.745064	37.322342
684.671753	333.672607	31.382408	40.816803
685.608643	330.487244	35.840065	42.333488
685.348755	328.960297	35.632309	45.038166
685.136780	331.240479	34.273453	43.026775
686.033142	324.211273	39.401363	50.973763
686.237305	322.371368	43.801735	53.801167
682.973938	326.942535	33.155552	48.772385
683.448547	329.905914	33.692997	44.679104
684.152527	330.589600	34.197113	43.396492
683.604004	330.845856	34.747383	43.230328
683.147522	333.706329	31.742878	40.938416
680.683044	334.892395	33.808640	39.721134
683.919128	331.885742	33.638767	42.417168
683.599121	331.298798	32.606060	41.686886
681.930115	331.892059	33.696899	41.239555
681.078918	330.145142	35.378433	43.830696
680.669800	329.755951	36.075359	42.934280
681.079590	330.087616	34.599964	42.435989
679.519287	328.281097	35.836132	44.410099
679.988037	328.048859	37.553669	44.649559
679.381165	327.483246	38.435165	46.587666
679.777954	323.450195	43.097569	50.291168
680.163147	321.009277	43.839413	52.489105
685.621338	322.155273	34.884827	43.798939
677.304138	328.829742	36.856476	45.287880
679.595093	329.064026	34.026836	43.740505
676.239807	329.692657	35.120209	43.606518
675.371582	328.202942	39.215069	47.472343
675.549744	330.441559	36.280140	44.877468
674.971497	329.535431	37.232319	45.171276
675.523010	330.556549	41.151676	45.321224
674.332275	329.469849	44.484814	46.354935
672.925537	331.984314	39.261860	44.236835
672.558594	333.241913	36.060940	41.383278
671.866333	332.752441	34.153530	42.305801
669.745972	328.651947	40.366364	46.510540
669.541687	327.050110	44.074306	47.390446
669.452942	325.386139	44.660576	48.951046
669.120728	326.009735	40.889221	48.369827
668.896545	324.976593	41.942314	48.628773
667.218811	326.795776	37.178150	47.002193
666.733032	327.527405	33.028782	46.720654
666.973511	330.337616	33.904846	43.960022
667.289185	329.447266	34.336693	44.095245
667.707275	330.854126	33.880661	43.496735
667.094910	332.477539	32.987514	41.767048
667.425537	328.492950	33.783176	44.183147
667.968628	330.271027	33.163540	44.809505
668.626587	329.578491	34.152149	42.685791
669.300049	330.568634	33.581253	42.493652
670.248230	329.927368	33.317112	43.155045
670.903564	330.021637	33.712914	43.325905
672.326050	331.990784	32.181011	42.508392
673.452209	331.296936	33.945004	42.745476
674.582458	333.926300	32.003174	40.218681
675.586121	335.132660	30.637747	38.271351
676.933411	334.784760	31.788864	39.156975
679.182190	335.241425	32.015785	39.262302
678.574890	335.599060	35.261959	39.576393
679.869507	335.393768	36.055058	40.082584
680.273682	333.928375	32.881588	40.947678
682.212341	334.377045	32.795017	39.832638
683.899719	334.715790	32.866520	39.676632
686.996460	335.980927	30.667444	39.696163
689.773438	333.234100	33.569328	41.141941
691.765015	335.129181	33.938011	38.713223
690.398743	336.931244	35.301163	38.230015
693.959290	330.336121	34.714966	44.312340
695.487122	334.785034	36.991901	39.463097
698.034607	332.855560	35.381298	40.869835
701.615356	331.056946	33.267754	42.316315
702.614563	329.564117	33.742508	43.822598
698.411499	328.931976	38.133869	45.062721
702.492004	328.011719	33.497810	45.332432
705.385376	329.566681	35.026535	45.772911
710.012512	329.665039	35.854282	44.442787
709.424561	331.958679	39.640331	42.153118
713.089844	328.424194	40.014923	44.336468
712.621460	329.952026	35.207695	42.013844
716.249878	331.312012	34.119194	41.781452
717.494690	324.277374	34.991116	47.396450
720.221924	321.897156	35.961365	50.303986
720.020264	321.335602	36.036602	50.156765
721.181885	321.296722	34.992409	50.411556
722.769714	320.021210	34.088017	47.960129
722.233276	324.512634	34.834476	45.180763
723.439331	324.614502	34.402191	45.811584
722.847534	321.979919	35.518093	48.586708
722.405640	323.127075	35.166676	48.050510
724.364868	322.989624	35.108009	47.396702
725.219910	322.088959	34.202518	47.615215
723.702637	323.756531	34.575359	47.100605
725.425659	321.335510	34.024368	47.574181
725.103088	327.845673	34.886593	43.178982
724.102051	328.971649	34.080379	43.252415
726.525635	324.679230	34.800110	45.570347
724.262146	321.878845	35.094460	48.544159
724.633850	320.012360	35.762131	43.344917
723.647888	321.889862	35.145512	48.438931
724.817749	321.746796	35.757801	48.055542
722.167419	326.613464	35.681362	46.226254
724.028320	322.132111	35.455120	49.204552
726.183044	325.606018	33.994068	45.813713
723.058289	323.513367	35.834049	48.645382
724.091187	323.495667	34.524799	48.636547
723.509338	323.212036	34.627781	49.874493
724.380127	322.029083	34.795235	50.353924
723.853638	326.418396	35.363091	49.427139
724.019897	324.220764	34.142555	49.620251
724.681213	326.757080	33.628651	49.236496
724.299072	326.987183	34.268829	49.743992
723.928589	329.027618	34.653763	48.282204
723.935608	331.126617	33.865234	46.212002
724.038879	334.494659	33.654575	45.221272
721.798401	327.908875	35.757862	49.937267
722.757202	331.522156	35.553650	46.602348
722.804016	333.326355	34.536781	46.874084
720.979675	328.543427	36.470600	51.139099
721.529358	332.131622	35.695747	47.223572
720.521362	331.705902	36.985870	49.276417
720.107666	327.790314	35.481445	46.795837
720.987854	336.644531	37.060772	43.612064
720.465698	333.110260	34.529629	47.616299
721.441162	335.487701	33.574230	44.636517
719.027832	329.904083	35.548889	48.293995
719.784058	335.665558	34.614620	44.993889
720.484985	336.436646	32.488297	44.370369
717.074158	333.540680	35.434578	43.719620
714.683899	334.655914	37.950001	46.816055
712.142212	335.735809	37.716652	47.236961
714.484863	339.645569	35.924824	42.420471
716.005249	336.438965	33.988235	41.708183
715.852356	340.530304	32.890774	36.023170
713.687073	342.107208	33.910000	34.528942
712.888428	341.755920	33.952065	33.148907
712.263855	339.950623	33.763271	35.632351
710.616699	341.054626	34.141468	40.290127
709.541016	341.634674	34.994473	41.702358
707.953979	342.251282	36.040024	41.217770
707.016724	335.746490	37.003578	47.112453
705.680725	340.959595	34.470116	40.989109
705.242249	343.798950	34.963497	38.864716
704.719604	344.008820	33.554806	38.953396
701.970276	343.277374	34.595493	39.765190
699.490051	344.255524	31.734373	39.059078
699.508606	342.370850	35.047630	40.581295
701.028320	343.103333	32.022358	38.657108
698.653381	343.235413	33.637276	39.658958
702.980225	345.894012	29.302385	36.069828
703.329163	345.143860	26.115908	35.675953
705.914551	343.517975	22.763990	27.489304
696.860352	343.132721	26.235394	29.952007
695.528198	340.623230	28.208799	28.510204
693.498718	339.406982	28.568245	32.376446
694.289185	338.634888	28.940378	43.004211
694.289185	338.634888	28.940378	43.004211
694.289185	338.634888	28.940378	43.004211
694.289185	338.634888	28.940378	43.004211
694.289185	338.634888	28.940378	43.004211
694.289185	338.634888	28.940378	43.004211
694.289185	338.634888	28.940378	43.004211
694.289185	338.634888	28.940378	43.004211
694.289185	338.634888	28.940378	43.004211
694.289185	338.634888	28.940378	43.004211
694.289185	338.634888	28.940378	43.004211
667.521301	323.687469	42.005322	39.167492
667.521301	323.687469	42.005322	39.167492
667.521301	323.687469	42.005322	39.167492
667.521301	323.687469	42.005322	39.167492
667.521301	323.687469	42.005322	39.167492
667.521301	323.687469	42.005322	39.167492
667.521301	323.687469	42.005322	39.167492
667.521301	323.687469	42.005322	39.167492
667.521301	323.687469	42.005322	39.167492
667.521301	323.687469	42.005322	39.167492
667.521301	323.687469	42.005322	39.167492
648.088623	337.023926	35.042763	36.300762
648.039124	341.214539	28.994373	31.794239
648.301270	341.596802	30.570585	31.137470
649.741150	340.590454	29.864300	31.622839
648.425659	341.280396	26.659365	32.060577
648.937195	341.414459	27.565924	31.010117
649.830994	340.747040	30.946135	27.967075
650.848755	339.822784	31.334608	29.772619
651.220032	339.342133	33.212029	31.949030
651.971863	338.692963	32.510185	28.631987
653.565002	337.546906	33.304035	31.712852
655.145996	337.655304	33.041279	31.561146
654.885376	336.706543	33.179245	32.385410
656.861450	336.752716	33.030334	32.643185
657.576599	336.235474	33.525578	32.822418
658.930847	335.709656	33.525814	32.799091
661.199890	335.024323	33.412563	30.639198
661.788330	334.071503	34.075867	32.340797
662.808044	333.226562	34.026867	32.898209
666.624146	331.913818	33.606220	31.893353
668.116760	331.449951	33.390228	31.861170
670.410645	330.710876	33.742538	31.928020
674.427124	329.756500	32.688290	31.958435
676.965820	329.540466	33.140247	29.639761
678.928650	329.031738	33.908463	31.612226
680.980591	328.806488	34.040043	32.454048
684.061279	327.358398	34.366211	32.918247
685.939453	328.267700	34.143700	32.279049
689.105347	325.328125	34.295879	33.289387
691.063293	325.674316	33.551983	32.649742
692.097107	323.288055	34.539429	33.638103
693.535400	323.376495	35.166462	33.053562
695.305786	322.209900	35.538395	32.599220
695.890137	321.294525	35.651260	33.447006
698.236084	320.090485	33.447712	25.977600
696.330322	317.517731	36.719673	28.235580
699.753113	315.049011	33.546230	30.331936
699.911438	315.557922	32.880173	27.640360
702.626953	313.072662	31.895420	27.644058
701.323975	311.575378	32.519981	26.937944
702.274231	308.797577	32.111431	30.631149
706.026123	308.074432	26.314671	28.953617
705.995178	306.101044	26.707422	31.715292
762.263306	309.812042	31.052931	33.066242
696.184387	306.480164	32.818237	28.058479
692.002014	304.237640	32.382362	26.552248
690.925781	302.152924	34.049187	28.223221
688.958069	302.804901	34.466740	25.469168
685.841675	299.692535	32.914146	29.588799
689.725769	300.524475	27.605841	31.643173
688.685547	297.033051	24.829662	34.528564
684.877563	294.529053	25.543802	31.084969
684.014771	293.835541	25.056057	29.291538
682.683472	293.168304	25.352365	29.023630
672.970825	292.585175	29.959036	29.782022
676.066895	291.601471	29.345621	26.406561
667.556580	291.118225	34.095978	28.832384
739.922913	300.738342	29.596548	29.782957
670.983826	290.511108	22.859535	27.407084
670.564941	286.260010	27.269377	26.433100
669.888367	285.454559	29.797829	27.909163
671.343994	284.788025	22.531048	30.719706
672.076050	285.416992	24.358257	28.087420
672.476379	284.947174	27.721855	26.072832
738.233215	289.765900	29.277708	25.860830
739.360779	292.494537	31.418419	21.381075
740.906433	291.374359	31.646824	24.127876
741.281982	288.973236	30.889412	29.738546
746.312744	290.055450	27.121506	28.813789
751.951111	288.306915	24.009682	29.079723
752.598083	287.816589	23.573168	23.432741
755.475342	288.224182	21.599098	22.700756
755.460083	282.780975	22.888855	25.261946
759.055115	282.454529	21.606352	24.083454
750.346191	282.097412	25.931667	22.673519
752.018433	281.425232	31.726316	22.611673
750.097351	277.774231	30.530262	22.858601
751.889893	279.498260	28.346399	22.696554
754.579163	281.450867	23.257462	20.425039
756.963928	278.694397	22.276024	20.627052
754.734192	276.870453	23.463587	20.937677
749.945251	277.559021	28.578812	21.800379
753.104736	278.153137	22.912292	29.544142
754.647339	271.851044	21.969501	24.704294
755.131836	271.424713	25.830770	23.911398
753.326172	276.622467	27.806492	18.956072
751.282288	276.563446	30.048565	19.298203
800.924561	279.511902	25.384123	20.346876
757.366882	269.666656	21.312965	21.198881
752.636658	277.044464	28.109093	16.840361
751.776611	276.452484	29.415932	15.826927
752.234680	271.775879	30.327179	17.640902
754.724487	270.114319	26.160250	19.020952
754.091980	270.702484	26.646841	18.965736
743.961121	270.164032	33.753483	23.036629
744.183350	269.030762	34.002995	23.252979
743.731934	269.192169	33.189220	23.756845
744.194580	267.814026	30.278149	24.568958
746.213806	270.882599	31.114573	27.941399
742.545166	269.303406	24.702255	30.272554
750.663269	270.530884	28.085781	28.688982
751.467590	270.842072	28.459335	30.066351
749.144287	268.127625	23.249632	30.851101
752.169800	268.630981	20.053286	30.347761
754.135681	269.567627	20.160069	29.160652
753.274231	265.813324	24.042360	24.444571
752.364807	266.514069	25.582302	24.150879
755.917603	268.681763	20.854233	21.973755
740.392822	307.908386	24.711309	31.299530
755.410950	268.441162	22.611547	36.251251
755.410950	268.441162	22.611547	36.251251
755.410950	268.441162	22.611547	36.251251
755.410950	268.441162	22.611547	36.251251
755.410950	268.441162	22.611547	36.251251
755.410950	268.441162	22.611547	36.251251
755.410950	268.441162	22.611547	36.251251
755.410950	268.441162	22.611547	36.251251
755.410950	268.441162	22.611547	36.251251
755.410950	268.441162	22.611547	36.251251
755.410950	268.441162	22.611547	36.251251
755.410950	268.441162	22.611547	36.251251
764.542236	264.824982	23.724789	32.622837
757.574158	270.010468	26.723131	24.770563
758.644409	268.195374	25.249151	21.419180
759.008606	269.143311	26.961744	20.970949
758.607971	269.191528	26.650812	23.049528
758.607971	269.191528	26.650812	23.049528
763.291077	275.989197	21.519402	19.158318
763.291077	275.989197	21.519402	19.158318
763.291077	275.989197	21.519402	19.158318
763.291077	275.989197	21.519402	19.158318
766.386902	279.573517	22.340492	16.583231
767.112671	278.959412	22.440376	17.348145
768.389709	276.728882	20.071711	18.620661
769.087280	276.855408	16.232031	18.472654
769.087280	276.855408	16.232031	18.472654
780.535400	284.355255	16.323738	19.151423
780.535400	284.355255	16.323738	19.151423
780.535400	284.355255	16.323738	19.151423
773.546631	270.318359	17.197447	19.178646
770.266052	269.485077	22.792645	21.986202
773.918518	273.310699	20.415287	20.788643
773.918518	273.310699	20.415287	20.788643
779.222778	276.360931	23.818174	22.698662
780.863953	269.763702	23.379660	26.526472
780.863953	269.763702	23.379660	26.526472
775.170166	270.070526	23.722755	21.265625
771.520325	271.147858	26.687943	19.550014
776.440613	268.366791	25.407949	21.022570
741.878418	267.605957	21.599409	22.290062
700.133423	313.087311	19.025406	24.436052
709.217224	315.802673	15.202553	21.514690
713.183716	318.606384	12.531379	18.895195
716.079224	318.202789	12.157963	18.246559
718.714539	319.558746	12.490150	17.950018
721.424072	319.648438	12.729937	18.299973
723.116455	320.197968	13.881872	18.007439
705.571960	275.296295	15.502180	22.018488
705.783813	276.198822	17.343103	21.561954
706.633667	276.714508	17.564730	22.043207
708.631775	277.599243	15.154164	21.615808
711.223694	271.519928	15.281678	18.150517
710.223999	276.184235	15.161672	20.311943
712.919922	276.644196	13.935106	22.515217
713.801697	276.243073	14.306549	21.732594
714.393005	276.664215	15.136253	20.519852
715.663879	276.827698	14.134146	23.051954
716.573181	272.494141	14.885683	25.807114
717.809814	273.361328	15.218741	23.792032
719.033752	273.311401	16.240610	24.653080
717.898987	273.578430	19.757708	24.799561
720.166504	273.007629	17.397156	24.699581
722.230591	276.733185	16.289541	22.922878
724.109314	272.604034	14.528508	25.848228
725.028992	273.865417	15.061342	24.598804
726.192688	272.714081	16.147413	25.752220
727.947876	273.043884	20.733498	28.154179
729.898804	275.001373	30.364378	25.363541
735.388000	272.781921	31.772993	29.044302
735.552063	273.006744	33.061527	29.369699
734.023560	272.942719	32.447735	29.460089
737.623535	271.689453	34.353527	31.227644
737.642578	272.390198	34.670982	30.883638
740.667603	273.187256	34.865742	30.589386
742.885803	274.165100	35.123222	30.873068
747.126099	276.040527	31.354696	29.278538
749.444824	277.864471	30.703316	26.748943
747.541260	274.444427	30.579632	26.308496
746.658752	273.964905	31.393417	29.146452
748.779724	274.086914	29.187738	30.084808
754.758301	273.719177	26.526634	31.985909
755.975037	273.205872	27.234507	31.428085
759.601685	274.352386	26.167757	29.679512
755.269348	270.566895	30.292017	34.800652
757.252991	272.538147	31.360283	32.661362
759.697937	273.767792	28.838192	31.471313
760.510437	275.992432	26.692064	29.514048
760.631775	273.958954	27.511585	30.465946
764.509033	272.386261	28.098864	31.307684
765.049988	275.024994	28.621519	29.725647
766.946960	274.334991	25.291426	29.674845
768.652527	274.116760	23.545410	29.146109
