0.098184
0.061176
0.062883
0.062684
0.060711
0.063499
0.062764
0.066498
0.068222
0.068207
0.068368
0.060956
0.065920
0.062745
0.062719
0.062375
0.062485
0.060516
0.062281
0.063441
0.071074
0.062524
0.062185
0.061613
0.062781
0.061571
0.062095
0.061858
0.062207
0.061892
0.068627
0.063202
0.062446
0.062186
0.062082
0.062369
0.062033
0.063649
0.062805
0.062900
0.071884
0.062839
0.063071
0.063825
0.063177
0.062649
0.062124
0.062744
0.064802
0.063093
0.064094
0.063715
0.061725
0.063846
0.063828
0.061871
0.064368
0.063371
0.062991
0.061983
0.073474
0.062668
0.063293
0.062488
0.062187
0.062305
0.062066
0.062166
0.063493
0.062438
0.062211
0.062541
0.062391
0.062090
0.063119
0.062971
0.062048
0.062174
0.062587
0.062750
0.074677
0.061296
0.062731
0.062763
0.062857
0.060576
0.062284
0.063348
0.065249
0.062082
0.061697
0.061961
0.062066
0.063098
0.060294
0.061978
0.062180
0.062305
0.062729
0.063067
0.073120
0.062792
0.062749
0.062231
0.062578
0.063936
0.062178
0.062080
0.061843
0.061956
0.061810
0.062594
0.062737
0.061176
0.062205
0.061927
0.061611
0.061758
0.060364
0.062168
0.073130
0.059764
0.061831
0.062339
0.064033
0.062091
0.063538
0.062367
0.062272
0.061858
0.062918
0.062336
0.062086
0.061883
0.061924
0.062267
0.060580
0.063288
0.062733
0.063270
0.074338
0.062587
0.062290
0.062573
0.061877
0.062144
0.062690
0.061523
0.062054
0.060457
0.061800
0.059822
0.061375
0.061838
0.061768
0.062783
0.062459
0.062032
0.041487
0.041405
0.047061
0.041422
0.042077
0.040167
0.041459
0.041154
0.039222
0.042814
0.041683
0.041384
0.041473
0.062315
0.061770
0.062496
0.062301
0.062131
0.059744
0.062837
0.062026
0.062011
0.073097
0.063852
0.060354
0.064101
0.062301
0.062110
0.062198
0.059815
0.062358
0.063672
0.062561
0.041756
0.041702
0.041852
0.041731
0.042281
0.039636
0.042297
0.042121
0.039054
0.047641
0.040411
0.042068
0.039987
0.041555
0.043110
0.041883
0.041876
0.039837
0.041886
0.041853
0.064036
0.061017
0.063019
0.061191
0.062657
0.062303
0.060320
0.060661
0.063617
0.075498
0.062323
0.064272
0.064663
0.065990
0.064979
0.064872
0.064650
0.064584
0.064474
0.064919
0.064662
0.064227
0.062021
0.042734
0.042819
0.041152
0.043598
0.043683
0.043303
0.048886
0.041234
0.043082
0.042996
0.043965
0.043779
0.043375
0.043023
0.043043
0.043038
0.043031
0.043143
0.043077
0.041695
0.045212
0.043123
0.041526
0.043016
0.042985
0.042864
0.046968
0.043648
0.043344
0.043144
0.043127
0.042786
0.062249
0.064262
0.064090
0.065711
0.064282
0.063766
0.064501
0.064487
0.064707
0.064589
0.064352
0.063888
0.065089
0.064209
0.076888
0.064925
0.064916
0.042888
0.042933
0.042866
0.041024
0.042884
0.043102
0.041073
0.064151
0.042289
0.043823
0.064508
0.064654
0.064757
0.065939
0.064307
0.062062
0.064030
0.075834
0.064775
0.064936
0.064007
0.064206
0.064089
0.065064
0.062295
0.064429
0.064653
0.063954
0.063799
0.062881
0.064021
0.042216
0.063585
0.063428
0.063474
0.063317
0.063282
0.045768
0.041803
0.042634
0.040139
0.062676
0.060378
0.042611
0.042211
0.040839
0.042616
0.042649
0.061903
0.063940
0.043426
0.041067
0.042733
0.063740
0.021209
0.021624
0.042492
0.048429
0.065403
0.042999
0.062021
0.063985
0.063935
0.063570
0.064369
0.063835
0.063545
0.063731
0.062863
0.063732
0.064691
0.063602
0.063093
0.063554
0.061776
0.063747
0.064762
0.075572
0.062026
0.043824
0.042787
0.044375
0.064333
0.065101
0.063908
0.064061
0.064148
0.062329
0.063801
0.065003
0.062343
0.064249
0.063998
0.064343
0.064404
0.065272
0.061747
0.075046
0.042338
0.043152
0.042528
0.021466
0.023037
0.021919
0.042345
0.042473
0.042640
0.042489
0.040704
0.043271
0.043364
0.041111
0.042752
0.042666
0.042539
0.042658
0.042364
0.048084
0.042571
0.042555
0.040585
0.042671
0.040999
0.042706
0.042616
0.042636
0.044446
0.042934
0.042501
0.040511
0.042552
0.042737
0.042517
0.042836
0.043049
0.041207
0.043031
0.048502
0.042860
0.042868
0.042615
0.042667
0.041241
0.043534
0.042854
0.042855
0.064125
0.042768
0.042655
0.042731
0.041740
0.043051
0.043214
0.063855
0.063960
0.042408
0.042589
0.047214
0.044351
0.041203
0.042781
0.042726
0.042836
0.043108
0.042789
0.065283
0.043450
0.043049
0.063610
0.042888
0.042627
0.042705
0.040906
0.043464
0.042196
0.042926
0.042397
0.048013
0.042584
0.042536
0.042502
0.042941
0.042427
0.042133
0.042366
0.063460
0.063706
0.064245
0.064821
0.065490
0.067520
0.064097
0.061975
0.063964
0.064599
0.063748
0.061471
0.074992
0.064123
0.062008
0.064141
0.063466
0.064074
0.063386
0.063775
0.061987
0.065571
0.042986
0.044021
0.045950
0.044055
0.045875
0.063870
0.022691
0.042886
0.042462
0.042069
0.049396
0.063958
0.064220
0.064493
0.041524
0.042664
0.042584
0.042425
0.040859
0.042775
0.042627
0.042992
0.043301
0.042715
0.040756
0.065988
0.064378
0.064056
0.042697
0.043218
0.048359
0.040628
0.042391
0.041966
0.042929
0.043037
0.041798
0.042670
0.061873
0.062184
0.062449
0.062749
0.061936
0.063164
0.062148
0.041404
0.041794
0.041821
0.039636
0.041859
0.073793
0.042900
0.041498
0.041353
0.062001
0.063509
0.062732
0.060035
0.062408
0.061990
0.061843
0.061987
0.061971
0.061749
0.063171
0.062129
0.061960
0.040138
0.041713
0.042601
0.047253
0.063312
0.062209
0.061238
0.062478
0.062316
0.062535
0.063243
0.062731
0.065823
0.060665
0.062909
0.064184
0.063502
0.063011
0.062711
0.062469
0.062649
0.062876
0.063019
0.069877
0.065931
0.065811
0.065920
0.066787
0.066286
0.042138
0.039648
0.041543
