0.094739
0.063448
0.062653
0.062686
0.063596
0.063539
0.063549
0.064943
0.062108
0.061450
0.064033
0.063561
0.063252
0.063326
0.063442
0.061242
0.064021
0.062876
0.063088
0.063888
0.074059
0.062845
0.062985
0.064935
0.062797
0.064576
0.064826
0.064513
0.062875
0.066154
0.064857
0.062889
0.062866
0.066032
0.062635
0.064049
0.064277
0.064208
0.064488
0.064369
0.075600
0.064660
0.064219
0.063576
0.065971
0.065369
0.065226
0.063091
0.065022
0.064962
0.065248
0.065144
0.064723
0.064754
0.064337
0.063216
0.063324
0.063170
0.065057
0.064199
0.073993
0.060609
0.062759
0.061261
0.063086
0.064628
0.063022
0.061279
0.062599
0.062117
0.062499
0.062308
0.063298
0.062968
0.062807
0.062911
0.062752
0.060731
0.061536
0.063179
0.074358
0.062398
0.062588
0.062884
0.064438
0.062724
0.060669
0.062930
0.062796
0.063390
0.061875
0.063371
0.060869
0.062936
0.062484
0.062844
0.063638
0.063946
0.062467
0.062601
0.072597
0.063139
0.063144
0.063126
0.062726
0.062372
0.060347
0.062381
0.062623
0.064118
0.063262
0.062775
0.060869
0.062877
0.062861
0.061512
0.062649
0.062349
0.062450
0.062272
0.074051
0.063583
0.061260
0.063263
0.063341
0.062941
0.062812
0.064414
0.061236
0.063102
0.063107
0.062919
0.062907
0.064142
0.064327
0.063803
0.064581
0.064713
0.064348
0.064122
0.075613
0.064216
0.064756
0.064654
0.064718
0.065137
0.064701
0.063697
0.065507
0.061980
0.063919
0.064346
0.063141
0.065033
0.062822
0.062704
0.062643
0.065971
0.063401
0.064367
0.076635
0.064935
0.062833
0.064618
0.065106
0.063098
0.064893
0.064774
0.065161
0.064192
0.064734
0.064422
0.062337
0.065466
0.062752
0.064551
0.064972
0.062566
0.064454
0.064529
0.075845
0.064333
0.063010
0.064329
0.062358
0.062900
0.065065
0.062420
0.064214
0.064526
0.064152
0.061935
0.061309
0.061688
0.061158
0.065683
0.062323
0.060189
0.062862
0.066681
0.076225
0.063346
0.062914
0.062370
0.063183
0.062869
0.063772
0.061405
0.063555
0.064109
0.065167
0.063986
0.064517
0.061588
0.063127
0.062991
0.062901
0.062716
0.062971
0.063279
0.074071
0.062550
0.063703
0.062811
0.062620
0.063746
0.063143
0.063089
0.061293
0.061264
0.066765
0.064157
0.063444
0.063266
0.063306
0.063361
0.063005
0.064683
0.062703
0.062921
0.074460
0.062817
0.063031
0.061832
0.063775
0.063216
0.061462
0.061357
0.063413
0.062863
0.063826
0.063099
0.061366
0.063306
0.063727
0.063950
0.062062
0.066681
0.067264
0.067308
0.069374
0.067644
0.067129
0.066708
0.063447
0.064801
0.064132
0.061345
0.063757
0.065912
0.063018
0.062903
0.063134
0.062481
0.063261
0.062204
0.063116
0.062963
0.063047
0.062856
0.074320
0.063930
0.064033
0.064250
0.063954
0.064162
0.065424
0.064586
0.064539
0.062115
0.064057
0.064031
0.063207
0.064825
0.064776
0.064800
0.064935
0.065513
0.067084
0.064786
0.078185
0.062850
0.064349
0.062749
0.063924
0.064959
0.064921
0.064340
0.064350
0.065058
0.065661
0.064090
0.065826
0.068484
0.065772
0.063939
0.065171
0.067910
0.064155
0.067693
0.076097
0.065732
0.064372
0.063561
0.063483
0.064947
0.066985
0.061487
0.061962
0.061617
0.062508
0.060975
0.063607
0.042628
0.042534
0.043312
0.042310
0.040619
0.042269
0.040640
0.047680
0.042615
0.042335
0.042728
0.040612
0.042133
0.042230
0.040409
0.042457
0.042139
0.041943
0.042009
0.042287
0.042171
0.045297
0.042167
0.042258
0.045321
0.044189
0.045344
0.048746
0.042265
0.045132
0.042091
0.040514
0.042249
0.062494
0.060871
0.063327
0.062732
0.062850
0.062693
0.062916
0.063671
0.065215
0.063997
0.061296
0.063049
0.063009
0.062738
0.070401
0.062781
0.062716
0.061217
0.063296
0.064522
0.065589
0.061809
0.063653
0.063720
0.063745
0.061548
0.064413
0.062042
0.061761
0.063584
0.064344
0.064341
0.065065
0.064213
0.073150
0.063468
0.064311
0.063405
0.063473
0.063817
0.061023
0.063005
0.063316
0.061047
0.063077
0.063399
0.063170
0.061437
0.063559
0.063931
0.063656
0.064734
0.063742
0.061632
0.074964
0.063560
0.063223
0.063870
0.063989
0.063065
0.063161
0.063113
0.062989
0.061943
0.061855
0.063799
0.063865
0.063625
0.063831
0.063715
0.064658
0.064139
0.063390
0.061362
0.074287
0.061293
0.061493
0.063691
0.061506
0.062924
0.062813
0.063061
0.064465
0.064428
0.064296
0.064012
0.063581
0.063495
0.062064
0.061579
0.063780
0.063729
0.063465
0.063669
0.076151
0.067116
0.064306
0.062989
0.062863
0.062773
0.063247
0.064198
0.063444
0.061604
0.063282
0.061526
0.061438
0.064247
0.063436
0.064964
0.063888
0.063773
0.061553
0.064368
0.075179
0.063334
0.062890
0.063494
0.061011
0.061316
0.063115
0.062759
0.064111
0.063383
0.062936
0.063397
0.061985
0.063838
0.063639
0.063645
0.061717
0.063424
0.064935
0.061553
0.074799
0.062860
0.063185
0.062630
0.062990
0.063202
0.061531
0.063149
0.061073
0.061335
0.063724
0.063477
0.061128
0.063189
0.064992
0.062962
0.063164
0.062816
0.060333
0.060426
0.073616
0.062918
0.060664
0.063582
0.060689
0.063072
0.061186
