0.092487
0.059517
0.061438
0.064329
0.062819
0.062883
0.062473
0.060028
0.062323
0.062289
0.062447
0.062314
0.062083
0.061594
0.061840
0.062204
0.063264
0.062160
0.062205
0.062687
0.071191
0.062691
0.063385
0.063105
0.062999
0.063018
0.061868
0.062081
0.063618
0.062672
0.062904
0.062627
0.062728
0.062559
0.062426
0.062086
0.062917
0.062946
0.062498
0.063085
0.073848
0.063241
0.062933
0.063004
0.063070
0.063454
0.062910
0.061784
0.063797
0.063212
0.063476
0.063611
0.065343
0.066184
0.064421
0.062326
0.064265
0.063951
0.064122
0.064572
0.075789
0.064148
0.062876
0.063642
0.063695
0.066075
0.064097
0.063968
0.063465
0.063791
0.063268
0.064596
0.063635
0.063259
0.063171
0.063759
0.063733
0.064074
0.064584
0.063763
0.074971
0.063173
0.063566
0.062986
0.063101
0.063047
0.062889
0.062925
0.063325
0.062859
0.063866
0.063739
0.063052
0.063010
0.062696
0.062603
0.063965
0.064229
0.063280
0.062938
0.074291
0.063034
0.063989
0.063614
0.063354
0.063053
0.063505
0.063684
0.064409
0.063276
0.063650
0.063425
0.063075
0.062482
0.063977
0.062899
0.064034
0.063055
0.062834
0.063484
0.075154
0.063221
0.063327
0.063457
0.063107
0.063746
0.063433
0.063977
0.063715
0.065549
0.063399
0.063525
0.062973
0.062186
0.061036
0.062111
0.062706
0.062765
0.063049
0.063683
0.074526
0.063108
0.064605
0.063379
0.063447
0.063817
0.063270
0.062998
0.062688
0.063027
0.063277
0.064079
0.064652
0.064470
0.064717
0.064884
0.064066
0.064085
0.064441
0.064200
0.075584
0.064606
0.064627
0.064620
0.064965
0.064900
0.064680
0.066233
0.064898
0.064452
0.064700
0.064267
0.064123
0.063813
0.064322
0.062287
0.064432
0.063949
0.064009
0.064385
0.076774
0.063055
0.064202
0.063666
0.063810
0.063558
0.063710
0.064570
0.065364
0.063663
0.063744
0.063658
0.064367
0.064319
0.064430
0.063630
0.061902
0.064369
0.063962
0.063522
0.075974
0.064261
0.064189
0.064259
0.064204
0.065215
0.064695
0.063870
0.063485
0.063572
0.063357
0.063588
0.064284
0.063737
0.062282
0.062858
0.062391
0.062753
0.063938
0.063063
0.073866
0.062769
0.062478
0.062387
0.062503
0.062998
0.062762
0.062847
0.062171
0.062913
0.062780
0.067831
0.064763
0.062736
0.062736
0.065056
0.065761
0.065801
0.064469
0.064622
0.075992
0.064145
0.064333
0.065653
0.065149
0.064318
0.064337
0.064306
0.064465
0.065571
0.064426
0.064209
0.064770
0.064736
0.064813
0.065481
0.063862
0.062709
0.062432
0.064265
0.075784
0.065503
0.064496
0.064539
0.064791
0.064546
0.065151
0.066140
0.065129
0.042301
0.043422
0.043208
0.043521
0.042890
0.043085
0.043471
0.043071
0.042617
0.042842
0.042714
0.048631
0.043099
0.043245
0.043726
0.043235
0.043519
0.043467
0.043480
0.043449
0.043200
0.043528
0.041618
0.042847
0.043091
0.043028
0.042991
0.042976
0.043123
0.065315
0.064512
0.076126
0.063929
0.065099
0.064734
0.065144
0.064679
0.064447
0.062330
0.064445
0.064622
0.065161
0.064404
0.064071
0.065937
0.064943
0.064411
0.065101
0.064954
0.065082
0.064895
0.076170
0.064255
0.043884
0.064536
0.064273
0.064440
0.063758
0.064432
0.065489
0.062640
0.064250
0.062396
0.064305
0.064094
0.062706
0.064386
0.063901
0.041328
0.064352
0.063316
0.076276
0.065104
0.064775
0.064859
0.064892
0.064662
0.064928
0.065179
0.064880
0.064797
0.065148
0.065928
0.065402
0.065171
0.064857
0.064662
0.064795
0.062719
0.064855
0.064939
0.075941
0.062392
0.064486
0.065669
0.065197
0.064623
0.064319
0.064463
0.064876
0.064843
0.062903
0.064588
0.064279
0.043008
0.042982
0.043095
0.042846
0.045017
0.043622
0.043129
0.048858
0.041219
0.043149
0.043245
0.043120
0.043019
0.043861
0.041301
0.042298
0.042940
0.043192
0.043360
0.043581
0.041751
0.046952
0.043727
0.043479
0.043344
0.043493
0.043759
0.048959
0.043512
0.041546
0.022962
0.042918
0.042767
0.041039
0.043100
0.043021
0.042921
0.043528
0.045017
0.043219
0.042997
0.042690
0.043106
0.043076
0.043249
0.043170
0.043256
0.048909
0.043061
0.043269
0.043129
0.043122
0.043097
0.043753
0.043001
0.063033
0.064191
0.063852
0.064473
0.064129
0.065773
0.067090
0.063704
0.063503
0.064349
0.064220
0.065477
0.077173
0.064508
0.064116
0.067179
0.067384
0.067864
0.064413
0.064399
0.062313
0.063983
0.064273
0.062614
0.064496
0.065329
0.064178
0.064331
0.064126
0.065158
0.063964
0.063833
0.073185
0.063962
0.063946
0.064277
0.063997
0.065781
0.064708
0.064797
0.064205
0.043667
0.043338
0.041097
0.042965
0.042999
0.042854
0.042353
0.042921
0.042361
0.042904
0.042853
0.048704
0.042037
0.043065
0.043114
0.042702
0.044831
0.043082
0.041358
0.042827
0.042683
0.042933
0.042917
0.043016
0.041274
0.041937
0.041765
0.042552
0.042823
0.041970
0.043053
0.048575
0.043187
0.064147
0.042891
0.042569
0.042650
0.064013
0.063054
0.042142
0.063677
0.062251
0.062578
0.063278
0.061607
0.061769
0.064222
0.066262
0.065555
0.065445
0.066683
0.074127
0.064148
0.062798
0.061147
0.062926
0.064309
0.066842
0.066962
0.062973
0.062732
0.062773
0.066120
0.066183
0.063306
0.063029
0.062423
0.062871
0.062444
