0.094128
0.064601
0.061863
0.063282
0.061251
0.063284
0.063957
0.063040
0.062790
0.063185
0.063218
0.060835
0.065138
0.063165
0.061082
0.061297
0.060834
0.063024
0.063944
0.063935
0.071602
0.062109
0.064431
0.063681
0.063514
0.063447
0.061374
0.063519
0.064122
0.063320
0.064044
0.061359
0.062941
0.063554
0.063847
0.064013
0.063565
0.063584
0.063374
0.063258
0.073537
0.063629
0.063246
0.062303
0.063606
0.063936
0.063691
0.064344
0.063999
0.063762
0.063681
0.061881
0.064042
0.066613
0.062151
0.064212
0.064021
0.061718
0.064363
0.064216
0.076918
0.064073
0.063642
0.061781
0.063700
0.063727
0.065332
0.061898
0.064640
0.061723
0.062724
0.062795
0.066889
0.063339
0.063047
0.066589
0.062862
0.065573
0.061631
0.064379
0.074310
0.062649
0.060597
0.062748
0.063104
0.063012
0.062586
0.062484
0.060572
0.062556
0.062332
0.063217
0.064454
0.062526
0.063779
0.062325
0.066164
0.063877
0.062518
0.063000
0.074128
0.063186
0.063638
0.062134
0.063082
0.063302
0.060507
0.062443
0.065866
0.067727
0.066021
0.066418
0.066278
0.062965
0.062583
0.066268
0.063673
0.064018
0.063431
0.065213
0.073947
0.064353
0.062928
0.060722
0.062804
0.063820
0.060745
0.062809
0.063152
0.062831
0.062974
0.062924
0.062705
0.062793
0.063747
0.063136
0.060523
0.060367
0.042038
0.062625
0.074740
0.061013
0.060645
0.062798
0.061045
0.062524
0.064775
0.063881
0.061173
0.062926
0.063166
0.062976
0.062969
0.064373
0.063585
0.063497
0.063176
0.063770
0.063357
0.063754
0.074478
0.062507
0.060667
0.060718
0.042113
0.041332
0.063244
0.062822
0.063178
0.063319
0.064817
0.063383
0.063869
0.063025
0.062666
0.063048
0.061283
0.060692
0.065022
0.063030
0.072341
0.063221
0.062953
0.062246
0.061529
0.063142
0.063252
0.063165
0.063455
0.062836
0.040324
0.042753
0.040843
0.062554
0.062673
0.042178
0.062395
0.063958
0.063513
0.061326
0.074428
0.060431
0.067273
0.063409
0.064271
0.061368
0.062854
0.062729
0.062744
0.063759
0.063888
0.061441
0.063234
0.062972
0.061018
0.063130
0.063821
0.061340
0.063283
0.063013
0.072462
0.063232
0.064157
0.063590
0.062795
0.062954
0.061335
0.061675
0.063100
0.061376
0.063074
0.063211
0.061251
0.062409
0.063209
0.064191
0.061830
0.063918
0.063214
0.062138
0.075274
0.060643
0.062210
0.062762
0.060817
0.062533
0.042844
0.063849
0.065277
0.063416
0.062259
0.066850
0.061575
0.064328
0.061684
0.063703
0.063698
0.067364
0.066567
0.063392
0.075652
0.065095
0.064162
0.065644
0.064168
0.064088
0.064285
0.064157
0.063994
0.064435
0.064662
0.062193
0.063966
0.063458
0.065935
0.063857
0.062071
0.063706
0.062961
0.060713
0.073907
0.063084
0.062766
0.060610
0.062633
0.062403
0.062408
0.063268
0.064152
0.060363
0.062389
0.062353
0.042119
0.062166
0.060120
0.062665
0.062870
0.060650
0.060327
0.062407
0.072699
0.062789
0.062363
0.060469
0.062113
0.060643
0.060666
0.063661
0.062465
0.061585
0.061453
0.062503
0.061786
0.061841
0.062910
0.060282
0.062140
0.062349
0.062374
0.063139
0.073680
0.062117
0.060110
0.063152
0.062047
0.061968
0.061174
0.062750
0.060744
0.062666
0.062942
0.062759
0.064282
0.062905
0.060872
0.062554
0.062428
0.062367
0.062886
0.063818
0.072486
0.062047
0.062834
0.061985
0.062055
0.060237
0.062105
0.061979
0.059668
0.062276
0.062073
0.061154
0.063032
0.062867
0.060111
0.062342
0.061934
0.062776
0.060314
0.062023
0.073535
0.062208
0.061864
0.060188
0.062634
0.062448
0.063679
0.061833
0.062503
0.061903
0.062629
0.061971
0.061677
0.061927
0.061818
0.059683
0.062881
0.061692
0.062831
0.065555
0.070936
0.061775
0.062874
0.060483
0.060511
0.062451
0.062492
0.059924
0.062652
0.062639
0.062478
0.063597
0.062911
0.062318
0.061678
0.062727
0.062173
0.062280
0.062009
0.062566
0.074039
0.060688
0.062144
0.062115
0.062593
0.062923
0.060293
0.060672
0.062888
0.065806
0.065833
0.062564
0.065810
0.066521
0.062690
0.062711
0.060236
0.067912
0.066008
0.061910
0.067823
0.062696
0.065601
0.065969
0.064893
0.063678
0.065103
0.065964
0.065553
0.066286
0.061817
0.063616
0.062662
0.062366
0.060504
0.060196
0.063017
0.062523
0.062110
0.062736
0.073614
0.061949
0.062550
0.063762
0.063715
0.063465
0.064072
0.061449
0.063388
0.063056
0.063619
0.061061
0.062649
0.063607
0.061101
0.042107
0.043522
0.042614
0.041829
0.041806
0.045726
0.042094
0.040076
0.041941
0.062965
0.061517
0.063508
0.063444
0.061514
0.063319
0.064051
0.064981
0.063455
0.061275
0.063910
0.063789
0.063306
0.064271
0.061006
0.060438
0.073608
0.060617
0.042067
0.040305
0.064249
0.062079
0.066326
0.067146
0.067477
0.065538
0.068002
0.067333
0.064200
0.062357
0.061994
0.063551
0.064682
0.068192
0.063715
0.061935
0.074948
0.061266
0.064895
0.061377
0.061306
0.063305
0.061051
0.064417
0.065440
0.064634
0.061458
0.063310
0.063013
0.061005
0.064185
0.063092
0.062913
0.063137
0.061456
0.063089
0.075309
0.063154
0.064963
0.063214
0.040741
0.042379
0.061010
0.065401
0.064955
0.062055
0.063524
0.061697
0.063053
0.064342
0.063625
0.067794
0.063142
0.062097
0.062730
0.061332
0.071996
0.063100
0.060804
0.061725
0.062433
0.061450
0.061096
0.062816
0.064251
0.061435
0.063544
0.063874
0.063620
0.063142
0.063037
0.060941
0.063189
0.042190
0.041187
0.042230
0.047790
0.041946
0.041611
0.042544
0.042260
0.042321
0.062191
0.040548
0.062727
0.060475
0.060591
0.062424
0.041988
0.042582
0.040101
0.060282
0.042055
0.064158
0.060698
0.060428
0.048380
0.060823
0.060535
0.062341
0.061002
0.062802
0.063170
0.062572
0.060473
0.063313
0.063065
0.060847
0.065248
0.064584
0.064471
0.062243
0.065495
0.064161
0.064511
0.064696
0.073532
0.066547
0.066998
0.068793
0.064482
0.062844
0.063782
0.063554
0.062978
0.061285
0.062590
0.062977
0.066117
0.062768
0.062663
0.060998
0.063704
0.061558
0.063570
0.066707
0.072084
0.060495
0.062486
0.063174
0.064076
0.060730
0.065760
