0.093715
0.059521
0.061443
0.064333
0.062824
0.062888
0.062476
0.060032
0.062329
0.062293
0.062451
0.062319
0.062087
0.061599
0.061844
0.062208
0.063269
0.062164
0.062209
0.062691
0.071195
0.062695
0.063390
0.063110
0.063004
0.063023
0.061872
0.062085
0.063622
0.062677
0.062908
0.062631
0.062733
0.062563
0.062431
0.062092
0.062921
0.062951
0.062502
0.063090
0.073854
0.063245
0.062937
0.063008
0.063074
0.063458
0.062914
0.061788
0.063801
0.063217
0.063480
0.063615
0.065348
0.066188
0.064425
0.062330
0.064269
0.063956
0.064126
0.064576
0.075793
0.064153
0.062881
0.063646
0.063700
0.066079
0.064102
0.063972
0.063469
0.063795
0.063272
0.064601
0.063639
0.063263
0.063176
0.063763
0.063746
0.064078
0.064589
0.063767
0.074975
0.063177
0.063570
0.062990
0.063105
0.063051
0.062893
0.062929
0.063330
0.062863
0.063871
0.063743
0.063065
0.063014
0.062701
0.062607
0.063969
0.064233
0.063285
0.062943
0.074295
0.063038
0.063994
0.063618
0.063358
0.063057
0.063510
0.063689
0.064424
0.063280
0.063655
0.063429
0.063079
0.062486
0.063981
0.062903
0.064038
0.063059
0.062839
0.063488
0.075159
0.063226
0.063331
0.063462
0.063111
0.063750
0.063439
0.063982
0.063733
0.065553
0.063403
0.063529
0.062977
0.062190
0.061039
0.062115
0.062711
0.062769
0.063052
0.063688
0.074531
0.063113
0.064609
0.063383
0.063452
0.063822
0.063274
0.063002
0.062706
0.063031
0.063281
0.064084
0.064657
0.064474
0.064722
0.064889
0.064070
0.064090
0.064445
0.064206
0.075588
0.064610
0.064631
0.064624
0.064970
0.064904
0.064684
0.066238
0.064903
0.064457
0.064704
0.064272
0.064142
0.063818
0.064327
0.062292
0.064437
0.063955
0.064013
0.064389
0.076778
0.063060
0.064206
0.063671
0.063815
0.063562
0.063715
0.064575
0.065368
0.063667
0.063748
0.063663
0.064372
0.064323
0.064435
0.063634
0.061907
0.064374
0.063967
0.063527
0.075989
0.064266
0.064193
0.064263
0.064208
0.065220
0.064700
0.063874
0.063489
0.063576
0.063361
0.063592
0.064289
0.063741
0.062287
0.062862
0.062395
0.062757
0.063943
0.063068
0.073871
0.062773
0.062482
0.062391
0.062508
0.063003
0.062766
0.062851
0.062176
0.062918
0.062784
0.067835
0.064783
0.062740
0.062740
0.065061
0.065766
0.065806
0.064473
0.064627
0.075997
0.064150
0.064337
0.065658
0.065153
0.064323
0.064342
0.064310
0.064470
0.065576
0.064431
0.064213
0.064775
0.064741
0.064818
0.065486
0.063866
0.062714
0.062436
0.064269
0.075788
0.065508
0.064501
0.064543
0.064795
0.064550
0.065156
0.066144
0.065154
0.042305
0.043426
0.043212
0.043525
0.042894
0.043090
0.043476
0.043076
0.042622
0.042846
0.042718
0.048635
0.043103
0.043250
0.043732
0.043239
0.043524
0.043471
0.043484
0.043453
0.043205
0.043532
0.041623
0.042851
0.043095
0.043032
0.042996
0.042981
0.043127
0.065320
0.064516
0.076129
0.063933
0.065103
0.064738
0.065149
0.064683
0.064452
0.062333
0.064464
0.064626
0.065166
0.064409
0.064075
0.065941
0.064949
0.064415
0.065106
0.064958
0.065086
0.064899
0.076174
0.064260
0.043889
0.064540
0.064278
0.064444
0.063763
0.064436
0.065494
0.062644
0.064254
0.062400
0.064309
0.064099
0.062711
0.064390
0.063905
0.041333
0.064357
0.063322
0.076282
0.065108
0.064780
0.064864
0.064897
0.064666
0.064932
0.065183
0.064884
0.064802
0.065152
0.065933
0.065425
0.065176
0.064861
0.064667
0.064799
0.062724
0.064860
0.064943
0.075945
0.062396
0.064490
0.065674
0.065202
0.064628
0.064323
0.064468
0.064881
0.064847
0.062907
0.064593
0.064283
0.043011
0.042986
0.043100
0.042850
0.045021
0.043628
0.043133
0.048862
0.041223
0.043153
0.043250
0.043123
0.043023
0.043865
0.041306
0.042301
0.042944
0.043196
0.043364
0.043585
0.041755
0.046956
0.043731
0.043484
0.043348
0.043497
0.043765
0.048977
0.043516
0.041550
0.022967
0.042923
0.042771
0.041044
0.043105
0.043025
0.042926
0.043532
0.045022
0.043222
0.043002
0.042694
0.043110
0.043079
0.043253
0.043174
0.043260
0.048913
0.043065
0.043273
0.043134
0.043126
0.043102
0.043757
0.043005
0.063038
0.064196
0.063856
0.064478
0.064134
0.065777
0.067094
0.063708
0.063508
0.064353
0.064224
0.065482
0.077178
0.064512
0.064121
0.067184
0.067388
0.067869
0.064417
0.064404
0.062318
0.063988
0.064278
0.062618
0.064500
0.065334
0.064182
0.064336
0.064147
0.065162
0.063968
0.063838
0.073189
0.063967
0.063950
0.064282
0.064001
0.065785
0.064713
0.064801
0.064209
0.043671
0.043343
0.041101
0.042969
0.043003
0.042857
0.042357
0.042925
0.042365
0.042908
0.042857
0.048708
0.042042
0.043069
0.043118
0.042707
0.044837
0.043087
0.041362
0.042831
0.042687
0.042938
0.042922
0.043020
0.041278
0.041941
0.041770
0.042556
0.042827
0.041975
0.043057
0.048579
0.043191
0.064152
0.042894
0.042573
0.042654
0.064019
0.063058
0.042147
0.063681
0.062255
0.062582
0.063283
0.061611
0.061773
0.064226
0.066266
0.065559
0.065449
0.066687
0.074143
0.064152
0.062804
0.061152
0.062931
0.064313
0.066846
0.066967
0.062978
0.062737
0.062776
0.066124
0.066188
0.063310
0.063033
0.062428
0.062875
0.062449
