0.094376
0.062471
0.064911
0.062072
0.061854
0.063959
0.062424
0.062693
0.065596
0.065661
0.043755
0.063598
0.066771
0.062966
0.063257
0.065132
0.062845
0.064458
0.065091
0.065392
0.071823
0.065142
0.063346
0.062591
0.064540
0.064927
0.062557
0.065408
0.063679
0.063169
0.063497
0.071366
0.072690
0.069915
0.065094
0.086154
0.065340
0.066553
0.065969
0.063653
0.083982
0.085776
0.084804
0.086576
0.084691
0.079038
0.082213
0.074579
0.064754
0.062958
0.060462
0.062597
0.066906
0.067742
0.064921
0.064531
0.062467
0.064224
0.062435
0.062021
0.074641
0.068660
0.048408
0.052318
0.084023
0.083180
0.084486
0.078499
0.080201
0.076604
0.069755
0.061631
0.074822
0.075917
0.068034
0.064877
0.065946
0.061816
0.063338
0.067189
0.076557
0.067683
0.063170
0.065345
0.062417
0.062507
0.060977
0.062030
0.064756
0.062562
0.059101
0.059859
0.060454
0.065144
0.066308
0.064067
0.062991
0.062881
0.064131
0.063408
0.074802
0.062963
0.065561
0.065408
0.062176
0.060319
0.061535
0.042286
0.066154
0.063485
0.063055
0.064351
0.063086
0.066136
0.067461
0.066054
0.066517
0.064072
0.066885
0.067297
0.066031
0.062600
0.063382
0.066937
0.063621
0.064123
0.063899
0.065699
0.061300
0.065493
0.060993
0.064275
0.062699
0.069839
0.067044
0.063980
0.064516
0.066464
0.061331
0.066339
0.072054
0.061430
0.063356
0.063703
0.064164
0.061069
0.063885
0.063553
0.063969
0.061396
0.061556
0.063406
0.062838
0.061194
0.040869
0.042574
0.063323
0.065492
0.060988
0.062575
0.074217
0.060566
0.062664
0.062771
0.062529
0.061491
0.063272
0.063048
0.040484
0.042253
0.040808
0.040969
0.042490
0.040202
0.040114
0.042237
0.039832
0.040268
0.042566
0.040602
0.045991
0.042047
0.040284
0.040289
0.042163
0.040304
0.040344
0.040148
0.043628
0.040346
0.042070
0.042075
0.039522
0.042380
0.045193
0.040613
0.042296
0.042315
0.042584
0.040347
0.046360
0.042399
0.042504
0.042536
0.042512
0.043354
0.040588
0.040457
0.042308
0.040615
0.040659
0.042732
0.042638
0.040538
0.040186
0.042095
0.042947
0.042501
0.042539
0.042171
0.048083
0.042438
0.044104
0.040616
0.040826
0.040739
0.042738
0.042776
0.042814
0.040666
0.040371
0.043327
0.042830
0.040815
0.040703
0.042720
0.042550
0.040616
0.040799
0.041941
0.047099
0.040501
0.041721
0.042107
0.041735
0.040352
0.040275
0.041693
0.040205
0.042092
0.040369
0.019784
0.042178
0.041825
0.041778
0.042187
0.042026
0.040856
0.041115
0.042399
0.045919
0.045410
0.042694
0.040613
0.041059
0.042331
0.043072
0.042458
0.042380
0.042485
0.040982
0.042548
0.042598
0.042399
0.040676
0.043693
0.042630
0.042008
0.041872
0.040464
0.044672
0.038908
0.039742
0.041483
0.040330
0.042325
0.040407
0.041954
0.040088
0.042262
0.040221
0.041929
0.040741
0.040625
0.040664
0.042856
0.040939
0.040844
0.043083
0.041118
0.048419
0.042428
0.041341
0.042551
0.040591
0.040769
0.040988
0.045885
0.040774
0.043587
0.044043
0.041561
0.043276
0.041591
0.064475
0.062474
0.064969
0.064555
0.062425
0.064458
0.076072
0.062575
0.064775
0.064402
0.064597
0.063997
0.063747
0.063818
0.063993
0.061826
0.061840
0.063181
0.066107
0.062297
0.062330
0.062580
0.061950
0.062745
0.063143
0.060687
0.074574
0.061005
0.061252
0.066372
0.045475
0.060627
0.066361
0.064336
0.060712
0.046565
0.045718
0.042306
0.042341
0.039824
0.042178
0.042103
0.042289
0.042088
0.063733
0.063940
0.074781
0.066553
0.061195
0.061255
0.066886
0.064585
0.063932
0.066472
0.067265
0.063049
0.060692
0.063261
0.064402
0.063317
0.060885
0.061378
0.063619
0.061939
0.063105
0.066403
0.072094
0.061144
0.063056
0.060749
0.060980
0.063027
0.063103
0.062827
0.062778
0.063375
0.061565
0.063174
0.062320
0.062544
0.065402
0.065156
0.066783
0.063070
0.060610
0.062846
0.074440
0.061632
0.064057
0.061193
0.061553
0.061280
0.061413
0.060896
0.062861
0.062821
0.063262
0.062935
0.062383
0.062981
0.061599
0.063440
0.062354
0.062648
0.061999
0.060554
0.073930
0.060796
0.062698
0.060443
0.062141
0.062639
0.062338
0.062100
0.061306
0.061295
0.063130
0.061010
0.060497
0.061175
0.060812
0.060910
0.063170
0.062810
0.063187
0.075589
0.093096
0.068189
0.066187
0.064310
0.063545
0.064930
0.064588
0.063226
0.064160
0.073725
0.061350
0.063932
0.068492
0.063212
0.060229
0.062851
0.062236
0.060563
0.062992
0.062865
0.070811
0.063759
0.062381
0.083646
0.067580
0.065493
0.064161
0.063118
0.062959
0.086122
0.087775
0.086002
0.078086
0.081270
0.080898
0.080231
0.084264
0.061777
0.060756
0.064708
0.073400
0.065027
0.063632
0.060733
0.062499
0.062934
0.063621
0.064562
0.061527
0.063877
0.063038
0.061220
0.063843
0.062267
