0.101331
0.062201
0.062902
0.062165
0.062173
0.062838
0.063080
0.060336
0.062242
0.061857
0.063075
0.063353
0.063538
0.062923
0.063535
0.063662
0.063452
0.062914
0.060874
0.061531
0.071458
0.065095
0.065478
0.064549
0.064250
0.067979
0.060930
0.063192
0.060868
0.062899
0.062760
0.062647
0.061285
0.063091
0.060593
0.061749
0.063706
0.069052
0.065478
0.067108
0.048316
0.063843
0.063946
0.042652
0.042965
0.043400
0.042931
0.042902
0.042926
0.042865
0.042993
0.043264
0.063873
0.066460
0.064093
0.063779
0.064229
0.064054
0.064108
0.064061
0.074180
0.063764
0.064212
0.063996
0.063906
0.064773
0.065270
0.064410
0.062160
0.064647
0.064371
0.064444
0.064569
0.062176
0.061838
0.063115
0.063423
0.063691
0.063801
0.064560
0.073956
0.067782
0.067787
0.066484
0.067209
0.064984
0.067420
0.066949
0.063914
0.064197
0.067404
0.064616
0.062350
0.065264
0.062258
0.064955
0.064064
0.064478
0.066348
0.064367
0.075164
0.066956
0.063384
0.064167
0.064646
0.063569
0.065871
0.061907
0.063753
0.063722
0.065113
0.067424
0.061975
0.063942
0.064367
0.064225
0.063946
0.065130
0.067038
0.064552
0.075618
0.063752
0.064941
0.067841
0.063670
0.063724
0.063625
0.064039
0.063746
0.067279
0.063900
0.063639
0.064400
0.062826
0.065072
0.070754
0.067677
0.068587
0.065125
0.064212
0.075759
0.064618
0.066368
0.063138
0.065201
0.065943
0.063796
0.064925
0.064824
0.062869
0.065209
0.064889
0.064927
0.064968
0.062916
0.066002
0.064508
0.064263
0.062313
0.068748
0.075833
0.068597
0.070962
0.067759
0.067541
0.064276
0.067646
0.068399
0.067872
0.065567
0.064421
0.067794
0.065913
0.063433
0.068582
0.064835
0.062791
0.064756
0.062470
0.063871
0.074334
0.064192
0.064103
0.064085
0.063996
0.065582
0.065195
0.065049
0.062732
0.064611
0.068056
0.065849
0.065357
0.064528
0.070606
0.067710
0.067262
0.062001
0.065524
0.065122
0.075921
0.064148
0.064212
0.062512
0.064760
0.065281
0.064447
0.062178
0.064375
0.064338
0.064758
0.066361
0.064653
0.064723
0.064126
0.064931
0.065110
0.064137
0.063468
0.064657
0.073770
0.067192
0.064426
0.067489
0.063934
0.068253
0.064432
0.064288
0.064498
0.064573
0.065056
0.064949
0.064585
0.065304
0.065028
0.064947
0.062813
0.066594
0.068880
0.065769
0.076156
0.067406
0.064432
0.065694
0.064351
0.062479
0.064538
0.064245
0.043397
0.063910
0.064440
0.065963
0.065464
0.064866
0.063122
0.064579
0.065621
0.062560
0.063058
0.065331
0.076500
0.067867
0.065075
0.064530
0.066036
0.064595
0.062976
0.064966
0.065552
0.065139
0.064734
0.063028
0.064867
0.064759
0.062743
0.065753
0.064865
0.065233
0.064878
0.065042
0.073885
0.064002
0.064646
0.063812
0.064205
0.067603
0.064378
0.068048
0.068232
0.064198
0.064792
0.067791
0.064248
0.063931
0.063055
0.064449
0.064572
0.064457
0.063952
0.064634
0.076935
0.065024
0.062403
0.064692
0.066029
0.064692
0.065478
0.065385
0.064407
0.064646
0.064209
0.064109
0.063680
0.064590
0.063982
0.064156
0.064192
0.065407
0.063825
0.065383
0.075496
0.064574
0.063948
0.064593
0.064320
0.064596
0.069191
0.067358
0.064978
0.063447
0.063517
0.066312
0.062390
0.064291
0.064689
0.067902
0.064450
0.064294
0.063299
0.064364
0.075647
0.063774
0.064040
0.066141
0.066697
0.064111
0.063594
0.064439
0.064362
0.064370
0.064425
0.064781
0.064679
0.064739
0.064792
0.064203
0.065905
0.065890
0.064409
0.062326
0.075680
0.063764
0.062232
0.065078
0.063933
0.063764
0.064083
0.062057
0.062003
0.065009
0.063275
0.064477
0.064798
0.064284
0.064089
0.064241
0.068619
0.062806
0.063591
0.064054
0.075259
0.064359
0.065016
0.064940
0.064638
0.064695
0.064280
0.062201
0.064035
0.065313
0.064583
0.064345
0.064344
0.064178
0.064922
0.065319
0.065837
0.064572
0.064350
0.064205
0.075818
0.065189
0.064937
0.062668
0.064607
0.064678
0.064605
0.064378
0.065542
0.065840
0.064948
0.064784
0.064914
0.041248
0.064539
0.064431
0.065542
0.064543
0.067318
0.065367
0.076305
0.067839
0.063446
0.063684
0.063829
0.063929
0.064018
0.065211
0.061501
0.062882
0.062387
0.062351
0.062708
0.041639
0.061282
0.042408
0.063839
0.063431
0.063366
0.063362
0.072192
0.062961
0.062542
0.063119
0.063066
0.062839
0.060693
0.066487
0.061952
0.062581
0.061021
0.063282
0.062417
0.062820
0.062828
0.061066
0.062847
0.062616
0.060755
0.062898
0.075261
0.063521
0.063074
0.064355
0.062528
0.062290
0.063059
0.062548
0.062514
0.062299
0.062332
0.062337
0.062118
0.063735
0.063135
0.062692
0.060588
0.064040
0.062923
0.063027
0.073998
0.061893
0.061981
0.062327
0.061859
0.059956
0.063496
0.040510
0.042720
0.063434
0.066529
0.062225
0.062899
0.063745
0.062854
0.062148
0.062256
0.062732
0.062791
0.063077
0.074158
0.063206
0.063326
0.060742
0.064553
0.061168
0.063743
0.063263
0.062873
0.062747
0.062992
0.060498
0.064595
0.062556
0.062569
0.063151
0.062914
0.062997
0.064026
0.063869
0.074386
0.042203
0.062647
0.061046
0.062556
0.063783
0.062793
0.062210
0.065272
0.060350
0.062334
0.064637
0.061379
0.061288
0.062961
