889.000000	346.000000	32.000000	21.000000
889.256531	345.878662	29.666418	20.556936
890.531006	345.807343	27.488935	20.869743
888.649353	345.620880	28.750700	20.962769
886.745483	345.245544	30.392002	21.561338
886.229309	345.513916	30.367723	21.407787
886.454834	344.974884	30.700476	21.501415
885.079224	344.757782	30.536421	21.280350
884.923279	345.024994	29.129782	20.951315
882.906006	345.706116	30.238384	20.751348
884.294434	345.135590	29.064276	20.838455
881.572937	345.647308	20.781504	20.054625
881.148193	347.636383	17.752468	18.797754
881.921936	347.249023	15.852550	19.220667
880.940186	346.525085	17.436895	19.224361
879.340576	347.107300	16.638327	19.410791
878.636108	347.193146	17.785984	18.641773
878.106262	347.457733	16.961143	18.542749
878.059814	347.363983	16.394526	18.511354
877.923340	347.247498	16.029774	18.458282
877.428894	345.235779	16.179039	19.516333
876.496521	345.807953	15.876139	20.508352
877.229797	345.476654	15.232624	20.522383
875.327087	346.892853	15.872968	19.741451
873.919312	345.961365	16.865580	19.984989
874.448486	347.983673	15.503109	18.320616
873.500610	346.940125	16.072025	19.102793
872.708496	346.750549	16.700829	19.340672
871.485901	347.021790	16.973610	18.974400
870.891968	346.678253	16.896151	19.523565
871.482910	346.891541	15.505151	19.066433
869.931519	346.756897	16.216055	19.281073
870.376160	347.817352	15.268809	17.989101
868.491028	346.796387	16.579376	19.366844
868.513184	345.772186	19.650963	19.235815
866.955994	346.722076	16.087265	19.534805
865.306274	346.952393	16.642014	19.088263
867.581177	346.533203	15.514436	19.145374
866.213257	343.883850	19.787180	20.943691
864.051025	346.678314	16.214163	19.195889
864.477905	346.734680	15.936783	19.482702
863.768860	346.449890	15.968681	19.683439
864.041809	343.252136	18.913263	21.057930
862.299011	346.584229	15.957280	19.486294
861.243103	346.821960	15.617108	19.132338
860.462830	346.805328	15.961969	18.563595
859.367615	344.037689	20.395279	19.737719
857.731079	343.514069	29.010706	20.947830
856.091187	345.131592	31.291021	19.459873
854.841797	345.061737	31.874569	19.164495
855.029724	344.207977	31.511084	19.332016
856.379517	344.835449	30.731331	18.982506
857.189270	343.838989	30.822914	19.526934
858.402771	344.306580	30.664288	19.204802
858.221558	342.301300	30.864897	21.256468
859.055237	343.415741	31.058161	20.308830
860.980591	344.356201	29.484152	19.693930
861.644409	343.902802	29.467459	20.232729
860.324341	344.343323	29.760586	20.014114
859.731262	344.277161	31.066244	20.064245
858.576294	344.284119	30.879719	20.113747
858.113342	344.101868	30.555668	19.774584
857.591858	344.161499	30.179111	19.337154
857.609924	344.253845	29.705437	19.318050
857.576416	343.611969	29.099382	20.236128
856.242126	343.836426	30.530676	19.512524
857.637329	342.757141	29.120453	19.939507
857.058716	342.682770	29.593479	19.529030
856.381897	342.262665	30.835085	20.152065
856.262512	342.655823	30.582928	19.419838
857.519958	342.415161	30.654902	20.205706
855.928528	342.002350	31.340656	20.354057
858.317383	342.238831	30.166574	20.611532
856.800537	344.772156	18.783945	18.747343
859.890564	345.172699	15.092707	18.338669
858.081177	343.811279	16.237381	19.086571
857.042908	344.748444	16.496197	18.439047
854.410767	344.243866	17.657480	18.555983
855.305786	344.702820	16.912958	18.522396
854.540771	344.487915	16.512781	18.713154
854.469116	344.743103	15.998161	18.149172
853.483337	344.519653	16.223980	18.365664
851.725891	344.853577	17.110100	18.170155
851.311829	343.761658	17.320173	19.040009
850.016602	344.787964	16.936258	17.612539
849.289185	344.832489	17.547750	17.594545
847.204834	344.829437	18.401960	17.901573
848.248291	344.892212	18.254038	17.448753
847.043091	344.316833	18.126099	18.096329
846.082520	344.523743	17.504583	17.867115
848.441284	339.701477	18.035744	21.571226
845.991699	340.619751	20.040720	20.900511
845.450500	339.640533	20.994774	21.824366
844.358826	342.811279	18.131407	19.350597
844.213257	340.751190	20.908636	20.306345
842.085876	341.194305	21.583887	19.991348
840.242615	343.377258	19.132103	18.174150
841.731201	341.201569	20.476421	19.693413
841.746521	339.296783	20.597189	21.141325
838.060425	340.175354	22.008717	20.384937
839.727356	340.323853	28.680447	20.047657
840.646423	340.816071	27.339317	19.709974
835.232788	341.611176	28.504076	19.541636
833.744873	340.480194	29.540194	20.247860
835.006836	340.296631	29.617455	20.100708
831.810364	340.359558	29.803185	19.821882
834.191101	339.876984	28.926281	20.142321
831.046204	342.305450	21.750299	18.985714
832.683960	343.631836	16.927563	17.715027
830.846191	343.020355	17.680140	18.870720
833.055481	342.994965	15.652095	18.475010
831.800232	342.916626	16.605898	18.034603
831.883057	342.975677	16.714529	18.367382
831.766479	342.898926	16.342293	18.111061
833.409973	342.058167	16.087234	18.761566
835.259155	342.528015	14.902219	17.817656
833.881653	341.909210	17.146395	18.741442
836.471008	339.857269	17.879486	20.361252
837.638245	342.640472	16.237980	17.766159
837.474304	341.825470	16.914890	18.152973
836.546997	342.882721	18.749197	17.810360
838.008545	341.290863	18.185001	18.536570
840.457581	341.012177	18.156713	18.895735
839.904663	342.611481	18.833303	17.029640
843.458008	341.960052	18.306438	17.917902
844.090759	342.422119	18.338921	17.272116
846.462219	339.919037	20.145947	19.226757
845.690063	343.027313	18.046032	16.673693
847.010986	343.028900	17.152273	17.258028
845.625977	342.146637	17.851768	18.541468
847.112366	342.451935	16.961128	18.254410
847.134949	343.095337	15.909818	17.907331
847.229187	342.526611	16.298006	18.229904
846.005737	343.031036	16.342031	17.447525
844.584778	341.206329	18.118793	19.132614
844.026917	342.704071	16.424820	17.713030
842.894409	342.103119	16.733545	17.908287
842.927551	341.669983	16.951982	18.163433
842.633606	343.229248	15.501334	17.019125
841.502502	342.538910	15.799365	17.798708
840.323608	342.226501	17.363483	17.834610
839.313232	342.869049	16.105801	17.390703
837.354614	343.133881	16.850700	16.762426
836.646301	343.242889	16.124962	17.350594
836.221497	342.325378	17.492861	18.163177
835.592224	342.608765	16.429386	17.636511
835.137451	343.343445	16.215691	16.760540
834.535522	342.927856	16.324100	17.619892
834.933655	342.335968	16.455734	18.425732
836.105225	342.391388	16.057392	17.720257
836.302979	341.640991	16.640665	18.507454
836.555603	341.960144	16.424240	18.243755
835.234497	342.343933	17.597467	18.019440
836.206177	342.643585	15.709671	17.466553
835.885071	342.233490	15.958454	17.766493
834.722107	342.131317	16.107012	17.827011
833.594666	341.892487	16.607424	17.917515
833.665344	342.155121	15.816702	17.500143
832.540039	341.177460	16.789703	18.942516
830.188721	342.135132	18.050520	17.868124
828.085327	341.975800	18.958235	18.201809
830.124634	341.362396	16.091909	18.811331
829.311096	342.899017	16.454298	17.418806
828.341980	342.378052	15.806691	19.054893
826.676025	342.038544	16.338440	18.945518
826.303833	342.297760	16.081934	18.694569
825.003845	341.824036	17.727194	19.572565
824.937378	341.918762	16.115311	18.637293
823.202454	342.278595	15.777838	18.694197
821.515686	342.508759	16.888054	18.196674
822.456726	341.380829	16.785898	18.906149
820.627258	341.124054	17.862925	18.800276
819.382935	341.725403	17.868614	18.547346
818.595215	342.311035	17.205294	17.882652
817.786499	340.663147	17.174644	18.760439
817.767212	341.047272	17.507105	18.574282
818.506042	342.178223	15.915689	17.577829
817.064697	342.477448	16.032619	17.340137
815.600586	341.394226	15.661485	18.609213
813.589172	340.697388	17.274342	19.426634
813.707214	341.729889	16.664841	18.651695
811.831177	341.695007	16.437197	18.557791
811.840393	341.153687	17.172178	18.857285
810.327454	341.123230	17.138939	19.158934
809.426575	342.136078	16.148666	17.719334
809.867004	341.271423	16.873154	18.459040
809.986511	343.420837	14.710208	16.300438
807.648315	341.067200	16.215738	18.557137
808.268860	341.370178	15.154866	18.288322
806.544861	340.536987	16.911196	19.339672
806.577820	341.316895	16.024202	17.939917
805.242920	340.905609	17.203976	18.082752
804.825195	339.923767	16.650120	19.248816
802.722046	339.905853	18.597811	19.202047
800.980225	340.914520	19.746658	18.595818
800.943298	340.885498	18.417559	18.257566
802.187988	340.713257	17.438919	18.305767
799.936157	339.367340	17.044605	19.951012
799.425537	340.315125	16.799301	19.217937
799.794983	340.400787	16.779856	19.577402
799.748108	341.830688	14.290083	17.697554
797.363464	341.068695	16.831617	19.036901
796.211060	337.778778	18.942940	21.442003
796.222107	337.880859	16.551273	20.735340
795.288513	340.721649	15.533207	18.975388
793.657898	341.540955	15.925004	18.268843
792.483337	340.973114	16.329000	18.248909
792.451172	340.613159	15.839494	18.592520
790.701965	340.770355	16.881805	18.231710
789.385742	340.427521	16.863361	18.904732
790.773254	341.294006	15.961963	18.076019
788.836243	341.190338	16.468807	17.900537
790.114014	341.652832	13.949933	17.215225
788.329041	341.201355	14.586285	17.363312
787.618713	340.839050	14.967938	18.007244
785.603394	340.900269	15.007145	17.615021
784.374451	341.471863	16.367043	17.288465
784.073120	341.540741	17.590130	17.345812
783.208679	341.685364	16.999027	17.086964
783.413452	340.301117	16.423010	18.564646
781.998047	341.096832	16.421560	17.976316
780.487549	340.003998	16.245340	18.777157
780.588745	339.894226	17.202343	18.318470
780.028564	340.347351	17.302933	17.929857
779.762878	341.865631	16.060160	16.449333
778.697327	340.827454	16.638636	17.838589
777.361023	340.504639	17.936241	17.591761
778.455200	340.476044	15.791659	17.763901
777.262756	340.042755	16.189709	18.024473
775.354858	340.280853	17.051996	17.535362
775.931885	340.211884	15.350505	17.650103
775.256042	340.861115	14.609602	17.011770
774.539185	340.795135	15.513112	17.182962
773.387817	339.057465	16.064508	18.396009
771.706238	340.208649	15.936872	18.003210
772.342224	340.308899	15.599913	17.862434
771.053223	339.314789	16.193586	18.929367
770.629639	340.403198	15.297890	17.850645
769.867859	339.735962	16.352108	18.612747
768.550171	339.932526	16.624638	17.876530
768.098328	340.066376	16.359322	18.077705
768.283752	339.669891	15.902343	18.174170
767.367004	339.382446	15.635568	18.457333
767.032837	339.366455	15.416100	18.191681
765.828857	339.949005	16.523230	17.112869
765.623962	340.084229	15.853476	17.528936
763.946960	339.821320	17.153193	17.587881
763.602051	339.584961	16.128756	17.890787
762.707336	339.518158	15.625678	17.615316
762.160400	339.455261	15.962483	17.784805
761.679626	340.334015	15.287880	16.883873
761.034851	339.522858	14.484249	17.660084
760.571960	340.053375	14.900802	17.430296
760.253784	339.722687	14.117989	17.612921
757.809570	339.053467	15.765363	18.226416
758.336670	338.958954	15.864289	18.015862
757.586731	339.277771	15.392498	17.745804
757.146179	338.860077	15.004642	17.963123
756.095520	338.959045	15.872598	18.077688
755.493652	339.112335	15.286991	17.936047
755.104797	338.543152	14.943722	17.953646
754.402588	338.667603	15.372254	17.818619
753.539185	338.411255	15.785996	18.037836
752.876526	338.273560	15.691531	17.593121
752.177429	338.742737	15.127381	17.335602
751.229858	337.859009	14.624383	17.797878
749.952271	338.409576	15.592152	17.326754
749.611267	338.153931	14.777092	17.705963
748.616455	338.076141	14.489338	17.741589
748.227783	338.801422	14.141983	17.195620
747.129211	337.905243	16.137100	17.849136
746.099670	337.806671	15.618608	18.323851
745.306274	336.924591	15.363256	18.868710
743.999817	337.340851	16.018524	17.550198
743.718262	336.730286	14.954787	17.773052
741.503235	337.381622	16.179066	18.003872
742.848328	337.034607	15.473231	17.954155
743.002991	337.184753	15.224339	17.498558
743.121826	337.160797	15.137085	17.657717
743.222290	337.387512	15.267419	17.390606
743.965393	337.131531	16.692307	17.803814
746.063599	337.425537	16.229624	17.307438
747.960327	337.190491	16.588976	17.323277
750.772156	337.699799	15.746409	16.573771
751.923645	337.683258	15.643470	17.344130
753.866150	337.468384	14.668176	17.370806
754.927185	338.480896	15.376593	16.638062
755.530945	337.823395	14.500170	17.590078
755.679749	338.329895	14.362716	17.193518
754.932068	337.897003	15.152261	17.987024
754.197937	337.631622	16.500488	18.517641
754.637024	337.840363	15.444178	17.792311
753.592834	337.159943	15.109919	18.659369
753.664368	337.892792	14.646390	17.578989
753.177734	337.515717	15.118949	17.806015
752.343933	337.198608	15.338635	17.482758
751.958923	337.554382	14.478592	17.449640
750.572083	337.423004	14.983737	17.886030
750.016357	338.290497	13.757746	16.609619
749.368164	337.976929	13.163013	17.187311
747.965393	338.516144	14.012150	16.768131
746.864685	337.961670	15.245670	17.188536
746.902405	338.054169	14.830507	17.208412
745.555298	337.689514	15.279239	17.850029
745.538635	337.343079	14.736869	18.085705
744.687927	337.559662	14.120679	18.012838
743.737427	337.024750	14.067163	18.743641
741.873718	337.170715	16.243309	18.487738
741.302490	337.905457	15.568644	17.812103
740.979919	337.388611	14.541168	18.545059
741.269043	337.850952	13.580930	17.373627
739.693176	337.035614	15.031831	17.782185
738.720276	337.571320	15.215087	17.212154
738.236572	337.839081	15.083191	17.011940
737.766479	337.967255	14.778802	16.535444
736.832825	337.834503	14.599079	16.645041
735.856812	337.739197	15.662979	17.215206
734.836487	336.705536	16.182856	17.864584
734.304016	336.651337	15.368954	17.980068
734.007874	337.632782	14.420211	17.333792
733.239319	338.042267	14.344792	16.527510
732.656555	337.234741	14.130095	17.795654
731.601257	336.180481	14.818515	18.273127
730.362732	336.068390	14.533075	18.140440
729.277100	335.696167	15.138381	18.702793
728.184021	335.852386	15.463547	18.329796
726.972168	335.553162	16.223696	18.578787
726.125427	335.699554	15.679176	18.468958
726.305359	335.708893	15.472656	18.413778
725.281250	335.337280	15.955728	18.291271
722.926636	335.059326	16.861185	18.211096
723.784180	335.226837	15.943093	18.475407
722.648804	335.215179	15.684566	18.220896
722.244141	335.262451	15.659114	18.192497
720.931152	335.106262	15.976959	18.287962
719.764832	335.052246	16.109673	18.367861
719.305420	334.888702	16.087492	18.995251
718.506714	334.913849	15.554589	18.641554
718.268860	335.184418	15.175463	18.592670
718.512146	335.244324	14.872221	18.790802
717.360046	334.680634	15.216607	19.166964
716.164124	335.041779	15.668128	18.683105
714.976379	334.708954	17.027269	19.021254
713.665161	334.845764	17.458385	18.752977
714.327209	334.741882	16.693668	19.022543
713.503479	335.012787	15.872267	18.589128
713.032593	334.695190	15.766304	18.351036
711.489563	334.807098	16.651661	18.165035
712.704346	335.061188	15.948287	17.622360
711.607056	334.718689	16.056366	17.822231
710.648193	334.575470	16.147556	18.132496
709.331726	334.163971	17.109501	18.116358
709.837341	334.362152	16.375860	17.685291
709.028503	333.964661	16.080688	18.056444
707.651855	333.571472	16.494890	17.760553
707.197144	333.423615	15.494446	17.916588
706.531860	333.312012	14.952790	18.349913
704.429810	332.924805	16.282785	18.040674
706.067932	333.239899	14.312395	17.665197
704.356567	333.140015	14.935879	17.772432
705.346741	333.602081	13.682555	17.196363
706.062500	334.214325	13.188828	16.502165
707.030029	333.330292	13.857352	16.360422
708.053711	333.011749	15.238533	16.650820
710.146179	333.484985	14.068460	16.442547
711.702515	334.432831	14.386921	15.568490
712.727234	334.381500	15.256285	15.594938
710.892395	333.066132	17.191109	16.612068
714.254211	333.723358	14.970305	16.045206
712.203918	333.267670	17.262190	16.403183
712.898071	333.338318	16.626907	16.939865
712.424622	333.323669	17.112741	16.319206
711.038391	332.960480	17.548050	16.716040
710.563538	332.638855	17.334406	16.278414
710.802063	332.673584	17.881060	15.914001
711.099609	332.435852	17.168255	16.113245
710.539307	332.103943	17.160349	15.880753
708.347839	331.616211	18.626951	16.091505
706.774597	331.164276	19.391523	16.238758
705.879333	331.215332	19.378887	15.575272
705.141479	330.581970	19.637407	16.182817
706.442139	330.123718	19.919142	16.618895
705.711792	329.089783	20.142891	17.347075
705.805786	329.493835	20.117918	16.990282
707.071716	329.576477	19.220510	16.767500
707.310669	329.103485	18.403332	17.093027
706.922302	329.618073	18.322203	16.443525
707.292358	329.175018	18.182737	16.688778
707.745239	329.082733	17.934187	17.019663
705.828796	329.285126	19.116348	16.550785
705.049866	329.581268	19.303219	16.063917
705.655579	329.347961	18.526945	16.472212
704.122375	329.547882	19.532722	16.113028
706.979553	328.891724	17.267317	16.504217
706.042480	328.580231	17.674078	17.252993
706.257629	328.506042	16.738411	17.073093
706.542603	329.149445	16.755140	16.312271
706.181152	329.249268	16.443127	16.197289
705.575928	328.245117	16.666286	17.132717
704.985229	328.679291	16.976753	16.271744
704.057007	328.354767	17.129238	16.991222
703.899475	328.419952	16.964064	16.324898
703.894165	328.758667	16.812885	16.109865
703.399719	328.589142	16.991817	16.262774
703.760254	327.821411	15.886331	17.043180
703.493286	328.221344	15.987644	16.373747
702.451721	327.562256	17.058468	17.265179
702.143921	328.117188	17.385712	16.273716
702.510559	327.491943	16.204679	17.012894
702.544434	327.253052	15.737980	17.157877
701.060425	327.739471	17.372753	16.640978
700.023743	327.560730	17.478260	17.173000
698.203613	327.647003	19.023872	16.557184
698.311462	327.485138	18.775194	16.430628
699.220825	328.456543	16.993225	15.815179
699.349915	327.770844	16.366827	16.483610
699.177246	327.498932	15.237989	15.976183
696.390320	326.764832	16.078979	17.221148
696.648254	326.179749	16.318815	17.535349
696.055603	326.148468	16.827833	17.702274
695.042419	326.604462	16.827736	16.920940
692.131042	326.560364	18.912497	16.291891
693.238342	326.859192	16.188221	15.844045
692.678772	326.762634	16.389864	15.447038
690.840088	326.060333	18.092478	16.252581
689.165344	325.886780	18.841787	16.289284
688.738403	325.055542	18.856478	16.364206
688.139221	324.738892	19.350306	16.986378
689.581787	324.651703	18.802538	16.344412
690.494080	324.636230	17.715279	15.953992
692.816528	324.382721	16.387842	15.690014
689.559021	323.602905	20.349905	16.933020
693.726379	323.296082	18.502409	16.484474
693.017761	323.324005	21.431717	16.693645
698.572205	323.088989	18.965477	16.383614
702.197327	322.388763	18.284256	16.798702
700.466064	322.462341	21.714470	16.447323
702.830261	322.313324	23.102222	16.163111
705.025208	322.663300	21.571657	15.877389
705.106689	321.786835	22.494125	16.312378
707.208679	321.853882	21.443653	16.020327
708.624146	321.654633	20.225170	16.312578
709.174622	321.534851	19.221752	15.977552
708.161255	321.387482	19.983435	15.946194
707.760437	321.327240	20.837250	16.087421
710.789429	321.114777	17.895887	15.973040
710.848145	320.732971	16.471359	16.624229
705.952942	320.981323	19.460838	16.967127
705.034424	321.254303	19.801044	16.018143
702.439514	321.286407	20.369198	15.372176
703.521973	320.534454	19.239946	16.500536
702.809937	320.356415	19.249529	16.947998
702.715393	320.378296	18.889380	16.738947
702.663757	320.090027	18.439365	17.084858
703.398987	320.206085	17.870003	16.738058
703.596924	320.277832	17.684475	16.968229
703.486450	320.338013	17.598852	17.027788
703.470581	320.588440	17.532677	16.618835
703.369812	320.456055	17.387503	16.652735
703.441223	320.523895	16.631542	16.538218
701.626038	320.396912	17.234118	16.862020
701.335083	320.807922	16.551544	16.430916
695.702881	320.868378	20.207310	16.260586
694.654602	320.874329	20.598795	15.876376
692.868225	321.292847	20.480886	15.424437
691.263367	321.180573	21.147392	15.670321
690.118591	321.735291	20.818693	15.089331
688.637329	321.533447	21.393034	15.569794
686.604309	321.824738	21.798048	14.904761
686.003235	321.893219	20.130625	15.471023
683.942322	321.588928	20.649593	15.640442
682.137390	322.034332	20.796526	15.515956
680.868774	321.586365	20.839752	15.546620
680.781860	321.756531	19.353790	15.718037
678.622925	322.104370	18.971361	14.950599
675.108948	321.860260	20.884035	15.947187
672.854553	321.371765	21.521116	16.065073
673.784241	321.424957	19.092718	16.070112
673.775330	321.156677	17.777760	16.622305
673.754333	321.279633	16.976229	16.317183
671.179260	321.777863	19.345631	15.979744
667.413879	321.205841	21.450790	15.894099
668.093994	321.439850	19.570198	16.617167
667.977844	321.467255	18.282644	15.532036
663.585205	321.434845	21.056368	16.453205
662.702515	321.169037	20.645914	17.937868
662.281616	320.300995	19.487772	18.674641
660.370361	320.912384	19.812010	17.359640
657.476624	321.185089	20.801151	17.686504
657.607971	320.422455	19.930676	18.420065
654.481140	319.740417	21.761921	19.143473
652.552002	319.510040	20.886503	19.882370
650.382202	319.889801	20.798681	19.463264
648.676208	320.246613	20.655275	18.504429
646.639404	320.597565	20.077261	18.888985
644.425842	319.530121	21.063314	18.484983
643.307678	319.617401	20.212082	17.744612
642.092102	320.150513	19.382835	16.823734
639.874451	319.649414	19.780380	17.339521
639.042419	319.303467	18.886862	17.098728
637.799805	319.166534	19.662403	16.828407
636.198364	317.687164	20.011787	16.979805
636.761719	316.843628	19.153498	18.053606
635.426697	317.405518	20.081175	16.243347
636.388367	317.175079	19.876972	16.374626
635.563965	317.266113	20.370058	15.028224
635.244934	315.651245	22.859903	15.454868
636.641846	315.231110	22.428932	15.802155
638.147766	314.067047	22.898380	16.746237
638.586609	314.266083	24.038509	17.291883
641.862305	314.551178	21.641693	16.844334
645.388916	313.841431	19.810997	17.759218
648.027649	313.945770	19.063322	17.085588
650.315063	313.034607	19.511341	17.297626
653.929016	312.976898	19.722326	17.435888
657.343689	312.532379	20.967171	18.480404
662.359985	313.163116	23.258478	18.597378
662.866882	313.020050	23.126158	18.423391
664.853333	312.698425	25.014149	19.203823
664.561707	312.502350	28.229582	19.277027
666.084351	311.941101	29.337332	20.126181
668.666809	311.555115	27.114553	20.056780
671.039185	311.566345	25.433018	19.496429
672.445984	311.171509	25.776449	20.375177
672.957275	310.540100	24.409437	19.615801
673.955261	310.414001	24.457161	19.958933
674.490479	310.492950	24.167734	19.559210
672.820435	310.054626	24.930655	18.965353
673.674072	309.738251	22.878599	17.679728
673.721863	309.991028	22.578739	17.881197
672.770691	309.855377	22.604210	18.097807
670.861023	309.496643	23.657089	18.452805
668.067871	309.967834	24.835402	16.635540
665.417664	310.130188	27.635118	16.425325
664.019226	310.450775	25.949570	16.234602
664.643555	310.771820	24.601297	16.783484
660.409851	311.022339	26.566895	16.148949
659.188416	310.548462	26.991381	16.666950
657.325928	310.649384	26.522894	17.002275
657.013977	310.332825	26.484421	17.378069
654.963928	310.759186	26.665390	17.576191
654.760864	309.857330	26.583338	18.968754
654.734070	310.056915	24.208111	18.168579
653.767456	310.132111	25.460278	18.837307
650.136230	310.355377	26.889805	18.343992
648.728699	310.400146	28.425159	18.353287
647.297119	309.394012	28.765753	19.694393
646.067566	309.112488	28.069210	18.885241
645.350891	309.298065	27.937391	19.156237
644.124695	308.878632	28.533850	18.872452
644.519592	308.756531	28.061859	18.617035
643.496948	308.599030	29.062077	18.964493
645.100891	308.590729	27.860884	18.439915
646.079712	307.794037	37.432247	20.328772
647.501892	307.339233	42.846096	20.527918
650.002075	306.396515	43.407856	21.247662
645.429688	332.712738	29.680567	24.194052
654.537781	306.640045	40.668308	20.831594
632.845459	244.219650	22.784697	18.789555
638.366943	246.096786	20.538210	16.054453
640.889526	246.026749	20.415577	14.781236
641.539551	245.704849	20.332031	16.978636
644.013855	245.848312	20.273811	15.578331
644.926086	245.525986	19.910141	15.806109
646.605835	246.677307	20.470600	15.004890
646.268127	245.884735	20.275229	15.635756
646.688782	246.060684	19.912838	15.256157
646.376282	245.956345	20.501337	15.617768
647.386719	246.357513	20.714033	15.170443
647.929504	246.158249	20.749815	14.902146
649.174377	246.513336	20.593626	14.988759
649.919067	246.958786	20.735561	14.874952
649.196289	246.068893	21.137867	15.698454
650.463867	246.610825	20.526814	15.268611
651.070374	246.442398	20.385744	15.642619
651.051636	246.387466	20.703476	15.475372
651.246216	246.181229	20.827225	15.436475
653.703186	246.824524	20.572929	15.040468
654.710266	246.949722	20.830248	15.034639
656.581543	246.562256	20.879622	15.152041
657.818665	246.058273	20.960186	15.662625
661.073303	246.398026	20.492632	14.687696
663.220337	245.659546	20.492472	15.497686
667.800049	247.200729	20.546579	14.515151
669.628113	245.393478	20.944117	16.184963
675.049438	246.947067	20.831596	14.657861
676.388855	245.649811	20.670305	15.087479
680.861206	246.241867	20.603714	15.705743
684.931946	245.226608	21.356358	15.146588
688.162231	245.610168	21.232677	16.184925
692.099121	245.261948	21.639296	17.089115
697.236572	245.811859	21.905283	15.130736
702.280640	245.207016	21.841160	15.568725
706.719482	245.615234	21.918571	15.434244
713.282837	245.927567	22.605452	13.853832
717.679077	245.930588	22.557825	14.557117
721.537415	244.791840	23.083723	15.157033
726.010559	242.612900	22.547283	15.656927
728.232056	239.825363	21.995102	15.347756
730.422546	235.723969	22.603540	16.014786
732.655273	231.471817	23.823479	16.211248
736.879944	226.519409	22.586922	15.952800
737.871216	223.118423	23.237221	18.668789
744.406677	218.585236	19.349007	17.766842
741.266724	213.559021	22.044741	17.758101
741.321594	209.871384	21.886175	17.011436
740.879761	205.676910	22.717276	19.064304
742.229248	200.198425	21.821613	19.896790
740.945190	196.331818	22.657635	19.021694
740.792603	191.414566	22.604538	19.518154
738.481567	188.164429	23.417383	18.337009
737.028442	183.856827	24.140039	18.644529
734.777527	179.244385	24.919535	19.314865
733.097290	174.994019	24.831072	19.480240
734.586548	171.831146	22.889578	19.566500
734.599731	168.630707	21.014246	20.013863
734.124268	165.044022	20.087925	20.621340
733.938171	162.600510	19.484327	20.759464
734.179626	161.069138	19.947485	22.053200
736.881104	160.919540	18.860271	21.544569
739.679810	161.855316	17.536039	21.921022
740.982544	162.444504	17.970108	22.269724
741.862793	163.696198	18.879885	21.546593
742.648071	165.229492	19.677067	22.069498
744.404602	167.474670	19.590792	21.986593
745.875671	169.717438	20.013525	21.865505
747.135437	172.127640	20.184805	21.729086
748.347534	174.772308	20.422413	22.120119
749.794373	177.609406	19.966648	22.245361
750.784241	180.945206	20.425318	21.344547
752.075623	184.540390	20.116089	21.679241
753.693726	188.074265	20.192701	22.102383
754.889404	192.006241	20.160931	21.564503
756.180969	196.420609	20.520437	21.112532
757.500183	200.452942	20.118765	21.067152
758.915283	204.158798	20.418343	21.451620
759.461975	207.543228	20.392159	21.115105
759.313477	210.488495	19.909845	21.630852
759.352661	213.827225	18.947918	22.068851
758.552734	217.563492	18.586555	20.746580
756.534546	218.892670	19.238230	21.366898
754.884155	220.357422	19.049089	21.584784
754.298401	221.384674	18.638336	21.515930
752.934021	221.290390	18.474285	21.122612
751.115295	221.356766	19.070419	21.581764
750.561157	220.852371	18.382423	21.880033
750.531433	219.569077	16.300602	22.103981
747.516235	218.623856	17.807611	22.379274
746.678833	217.264603	16.476360	22.602871
743.744934	216.319580	17.580563	22.138000
740.968079	214.170807	18.603403	23.582230
741.262939	213.631775	15.779753	22.625999
737.271851	213.072952	17.962788	23.046833
734.612549	211.993896	18.176071	23.062914
733.196106	211.008499	17.011202	23.157978
730.596436	209.813217	17.859522	23.549128
728.728027	209.000153	17.891562	23.226433
726.900330	208.171997	18.082937	23.148531
726.024658	206.854294	16.532648	23.663786
723.147766	206.534363	16.915764	22.387917
721.659058	205.519455	16.353813	23.168085
719.227905	203.825928	17.206350	23.511124
717.832397	203.642593	16.296055	23.396460
715.170471	202.490509	17.023468	23.583508
712.852783	201.529724	16.700775	24.082394
710.171570	200.836197	16.733267	23.367785
707.783508	199.754898	17.083664	24.385010
706.325928	199.026642	16.869019	23.587358
705.118530	197.683075	15.849648	24.262882
704.015259	196.504288	16.955097	24.841490
702.984009	195.779633	17.335850	23.734150
702.980408	194.548950	16.619394	24.205624
703.559082	193.951431	16.834122	23.844240
705.296082	192.987335	17.131407	24.350641
707.363770	192.053970	17.298899	24.576490
709.932800	191.194839	17.691685	24.571817
712.662476	191.748825	17.884237	23.870342
715.477600	190.380173	17.681185	23.843445
718.867004	189.043320	17.245378	24.353739
722.141907	189.292404	17.828983	23.185953
725.668945	187.945038	18.037357	23.847229
729.397705	187.779236	17.837305	24.044895
733.902649	187.028351	17.943302	23.701948
737.343140	186.481827	18.024092	24.217630
741.717590	185.607574	18.024151	23.910162
745.702881	184.796234	18.321079	24.129173
748.940857	183.511414	18.945538	24.241631
754.600830	182.721893	19.613850	23.985521
760.414612	181.772522	18.425930	23.841061
764.227905	180.290344	18.163902	24.194101
768.208740	178.307983	19.358852	24.677301
771.107117	177.252869	19.716702	24.270456
773.906616	175.749664	20.058876	23.809965
776.796997	174.195709	20.065184	24.404179
780.221130	172.999069	19.771917	24.181555
782.215881	171.041336	20.269985	24.590834
784.939819	169.907928	19.580406	24.949778
788.158691	168.099426	17.517267	25.190762
788.112122	167.278534	18.295521	23.903582
790.509949	165.615417	17.303204	24.528303
791.831360	163.347885	16.447632	24.500923
792.787354	161.222183	16.139307	24.768324
792.757446	160.408875	16.903753	24.751610
792.701599	157.646072	16.529112	25.239782
792.380066	156.707657	16.467567	24.767794
790.998169	155.348953	17.556208	25.203951
789.832092	154.495728	17.491257	24.319492
789.692993	152.894638	17.606989	24.275543
787.174255	151.332520	18.515068	24.239674
786.174438	149.218933	18.989220	25.066862
785.077209	148.128159	19.813009	25.047398
784.520874	146.351456	18.853909	25.471195
783.419128	145.061295	19.644444	25.032522
782.468811	143.648254	19.397955	25.425451
782.157532	142.752975	18.974632	25.719177
781.469788	141.357773	17.071054	25.174313
781.134766	140.451797	15.641623	24.967318
780.600281	139.739990	14.259046	25.598127
779.221985	137.374786	15.442476	25.418903
778.124146	136.352570	14.598489	25.752131
776.729370	135.489578	14.744796	25.578756
773.693359	135.228653	15.650527	25.072021
769.840271	133.557526	15.929054	24.247482
767.630859	132.186661	14.540023	24.353235
766.590027	131.976959	14.418369	24.195501
765.197266	131.600372	14.808090	24.152905
765.022583	132.190811	14.763420	23.955626
766.074890	132.334137	13.912662	23.985744
766.843445	131.920898	14.390968	24.421127
768.011780	132.056763	14.518729	24.252493
769.840576	131.997406	14.159759	23.932783
771.739929	131.464676	14.106604	24.413710
773.597595	131.105362	14.829986	24.791971
776.171326	130.076385	15.966097	24.412041
778.525024	130.093842	17.177708	24.426153
781.600952	129.761871	16.097029	24.589899
784.802429	128.699829	16.794155	25.426590
788.892029	128.301208	16.402557	25.382545
791.769836	127.990211	16.397938	25.488913
795.378601	127.912796	16.224298	25.050354
799.276123	127.366287	15.493824	24.549442
802.650085	127.084526	15.825732	24.916698
806.559631	126.969231	15.729291	24.655569
811.632874	126.367691	16.429457	23.861113
816.696167	124.969437	17.168547	24.553986
821.023743	124.009209	16.304876	24.367325
824.939026	123.221077	16.405882	24.259325
828.080078	122.641373	16.839794	23.215946
830.981384	121.017365	16.217451	24.498777
833.948181	119.602623	16.280758	24.992718
836.732300	119.013100	15.926098	24.042980
839.826965	118.152634	16.322285	24.353786
842.719482	118.610306	16.829271	24.960213
844.894653	117.733772	16.633074	24.618574
846.736328	117.686951	17.696932	24.810518
849.573364	117.594711	16.415159	24.419340
850.183777	117.245552	17.394268	24.740862
851.339417	118.151131	17.018970	24.488810
852.398499	117.177864	17.412321	25.186445
852.695068	117.077087	16.814650	25.026701
852.920227	117.365234	16.574488	24.740906
853.450012	116.533035	16.229485	25.532597
854.308960	116.338005	16.532068	24.923052
854.159729	115.606895	17.361439	25.475769
855.207825	114.517365	17.399118	25.426971
855.331116	113.428261	17.047752	25.452007
855.986938	112.256851	17.243948	24.783039
856.885315	111.560387	17.923666	25.702238
860.614563	110.145447	17.594963	25.659119
863.069824	109.694122	18.329962	25.875511
865.871704	108.898132	18.509878	25.415579
869.218323	108.554619	18.696814	25.487921
872.838318	108.682877	18.722340	24.839790
876.886536	107.164749	18.303759	25.768707
881.289307	107.437309	18.051729	24.479389
886.341003	105.921257	19.031643	25.702747
891.299866	106.451683	18.076466	24.452465
897.089600	105.151009	18.988863	25.244314
900.514221	105.417038	19.940075	25.175941
904.207275	103.820808	19.896067	25.930899
905.980530	102.858147	20.838329	25.126934
908.814514	101.006927	20.771271	25.393543
911.554016	100.025002	20.957041	25.629541
912.902100	98.594620	21.149221	25.745317
919.542847	98.960365	17.483908	23.740648
921.143799	98.992279	19.457226	24.008310
924.947815	99.232018	17.012131	24.344568
927.350830	98.677010	15.240148	24.569334
929.971802	98.437218	13.879436	24.986589
932.282104	97.747604	14.005836	25.938713
933.191711	97.540375	15.772153	26.771959
932.364380	97.801651	18.200254	31.024397
933.062988	96.881256	19.855173	34.351768
933.563782	97.314545	21.349688	32.966438
935.832947	93.821953	22.769205	34.456665
938.748291	93.806046	24.302523	33.929626
943.185791	90.584976	25.217281	34.014275
947.415100	90.988220	26.158489	34.083225
953.612122	88.884605	25.518044	33.537731
958.923523	89.048309	24.839128	34.474369
962.892090	88.818176	24.124409	33.306328
971.793579	89.505966	19.874699	25.691381
975.927734	90.101097	19.594582	23.894119
980.067627	90.353584	17.716261	24.774065
981.202576	90.553627	18.788431	25.355677
984.169434	91.624550	18.583046	24.610828
985.691467	91.038498	19.009970	26.451063
988.345337	92.198456	18.313063	24.686281
991.563354	91.296394	17.679012	25.704123
992.232056	90.469948	18.553925	26.030436
996.489685	88.606529	16.284754	26.609835
1000.482788	86.825386	16.262327	24.404255
1002.626343	85.410309	17.477892	25.390224
1008.239807	80.913757	16.144314	26.200315
1011.258240	80.417206	16.532087	26.562996
1016.095581	78.784836	16.385925	26.265469
1019.682190	77.666031	17.333567	27.008133
1022.168091	78.938713	17.951687	25.248127
1024.545654	78.295113	18.049274	25.182407
1025.321533	79.096306	19.973755	23.877928
1023.720276	77.705978	23.833828	25.622108
1021.965576	77.481628	25.200403	26.070665
1033.230225	76.278412	19.984167	29.832687
1038.615234	76.809616	16.302717	29.929380
1042.889526	76.577728	14.328243	29.027565
1046.644531	75.953545	14.146198	29.512924
1049.319092	74.697487	16.360134	30.152155
1052.790039	75.026108	16.119385	29.285618
1050.533936	72.298012	20.880089	29.545010
1057.055298	67.372185	17.842823	31.286285
1059.456787	64.361328	19.082909	29.383926
1063.866089	63.028690	18.213581	22.680567
1068.260620	62.429119	20.321510	21.167852
1073.998535	59.778942	20.371462	23.527353
1079.097534	59.930779	20.721245	22.137836
1087.208618	58.232254	19.711475	22.764544
1097.317383	57.781982	17.241547	23.677723
1101.569702	57.171638	19.588778	22.205458
1105.063232	54.318695	22.526964	23.608629
1117.589355	52.381336	16.712053	20.713343
1123.819946	56.568146	14.295924	18.490618
1129.706543	54.703922	14.508958	22.122583
1133.527710	53.925194	15.386339	22.251537
1138.499878	52.203835	14.064599	17.454969
1140.707397	49.928898	12.433543	16.942673
1143.083252	48.109692	13.555390	15.730104
1146.995117	46.820896	14.633927	15.624986
1150.702881	45.960728	14.397887	17.536268
1153.417114	44.568466	15.318811	19.260376
1156.840088	43.783871	15.032626	19.192093
1159.767212	43.344639	14.921170	16.131721
1162.742676	42.539722	14.312511	15.427866
1165.852417	42.188332	15.238314	18.315233
1168.151123	40.807426	15.918776	22.260487
1170.683960	40.574272	15.909572	22.615038
1172.687744	38.845757	16.053219	23.972122
1175.745972	38.319145	14.765546	23.191294
1178.773560	37.714836	15.050932	26.023172
1180.718018	38.441231	13.817780	24.413239
1183.304688	37.979355	13.640577	22.326786
1184.398682	37.204281	13.003349	22.227875
1185.863525	38.104198	14.054363	19.679834
1187.806274	37.131962	13.092233	20.763054
1188.335327	35.724331	14.719104	23.339600
1189.249634	33.938251	16.533989	23.389282
1191.216309	35.254383	16.216253	19.800474
1190.876953	35.333294	15.773020	19.373850
1194.080811	34.337902	15.129869	19.170906
1196.946045	33.290047	11.774374	20.356647
1199.686157	33.467278	15.257771	20.480770
1200.898682	33.633587	15.848048	19.032675
1201.850464	33.845913	16.341682	16.256302
1204.003540	33.679073	15.674000	16.349457
1206.290527	31.933094	14.635818	18.775118
1207.373169	32.909428	15.523783	16.365522
1209.719604	32.539127	15.677022	16.173889
1211.102661	31.522768	14.556610	16.056797
1213.646973	31.519814	14.800024	19.615824
1214.755249	31.606762	14.170202	18.423334
1215.544067	31.192848	15.290563	18.581154
1216.576660	30.385843	15.747684	18.374249
1218.560913	31.096500	14.904001	17.267736
1221.296875	30.134916	14.533505	18.474216
1220.562622	27.924189	15.069666	17.333126
1222.667725	26.910028	14.814477	16.920116
1223.345825	28.230742	13.244516	15.733632
1223.424683	28.291965	14.609715	16.953379
1220.348511	26.646427	17.863153	18.596994
1223.106079	26.943346	15.031812	19.014271
1224.350586	27.896889	12.978689	16.685057
1225.947876	27.940378	13.224516	15.685697
1228.534912	27.973610	13.309517	17.269289
1230.431763	27.462072	14.200186	17.723003
1232.487915	26.546576	14.158432	15.582049
1234.893677	25.112637	14.749947	18.502131
1237.673706	23.818314	15.309021	18.922739
1241.263428	25.008759	14.615906	18.410500
1244.558228	23.792942	13.600929	19.123919
1247.686401	22.909618	13.609445	18.108263
1251.384033	22.356491	13.588722	19.710150
1255.943726	21.736782	14.362237	18.556749
1260.432495	21.160595	14.305700	19.120508
1264.243042	19.292812	14.427417	16.666220
1268.417603	19.886295	11.896166	15.665497
1268.417603	19.886295	11.896166	15.665497
1268.417603	19.886295	11.896166	15.665497
1268.417603	19.886295	11.896166	15.665497
1268.417603	19.886295	11.896166	15.665497
1268.417603	19.886295	11.896166	15.665497
1268.417603	19.886295	11.896166	15.665497
1268.417603	19.886295	11.896166	15.665497
1268.417603	19.886295	11.896166	15.665497
1268.417603	19.886295	11.896166	15.665497
1268.417603	19.886295	11.896166	15.665497
1268.417603	19.886295	11.896166	15.665497
1268.417603	19.886295	11.896166	15.665497
1268.417603	19.886295	11.896166	15.665497
1268.417603	19.886295	11.896166	15.665497
1268.417603	19.886295	11.896166	15.665497
1268.417603	19.886295	11.896166	15.665497
1268.417603	19.886295	11.896166	15.665497
1268.417603	19.886295	11.896166	15.665497
1268.417603	19.886295	11.896166	15.665497
1268.417603	19.886295	11.896166	15.665497
1268.417603	19.886295	11.896166	15.665497
1268.417603	19.886295	11.896166	15.665497
1268.417603	19.886295	11.896166	15.665497
1268.417603	19.886295	11.896166	15.665497
1268.417603	19.886295	11.896166	15.665497
1268.417603	19.886295	11.896166	15.665497
1268.417603	19.886295	11.896166	15.665497
1268.417603	19.886295	11.896166	15.665497
1268.417603	19.886295	11.896166	15.665497
1268.417603	19.886295	11.896166	15.665497
1268.417603	19.886295	11.896166	15.665497
1268.417603	19.886295	11.896166	15.665497
1268.417603	19.886295	11.896166	15.665497
1268.417603	19.886295	11.896166	15.665497
1268.417603	19.886295	11.896166	15.665497
1268.417603	19.886295	11.896166	15.665497
1268.417603	19.886295	11.896166	15.665497
1268.417603	19.886295	11.896166	15.665497
1268.417603	19.886295	11.896166	15.665497
1268.417603	19.886295	11.896166	15.665497
1268.417603	19.886295	11.896166	15.665497
1268.417603	19.886295	11.896166	15.665497
1268.417603	19.886295	11.896166	15.665497
1268.417603	19.886295	11.896166	15.665497
1268.417603	19.886295	11.896166	15.665497
1268.417603	19.886295	11.896166	15.665497
1268.417603	19.886295	11.896166	15.665497
1268.417603	19.886295	11.896166	15.665497
