0.097902
0.063424
0.060482
0.060407
0.062666
0.064106
0.062820
0.063051
0.063262
0.062676
0.062501
0.062149
0.062173
0.062356
0.061558
0.062690
0.060537
0.060844
0.063145
0.061291
0.071517
0.063130
0.060447
0.062571
0.062514
0.060632
0.060448
0.063307
0.062076
0.059781
0.062183
0.059952
0.063471
0.062558
0.063222
0.060256
0.060298
0.062523
0.062175
0.062916
0.072789
0.062085
0.060212
0.062090
0.060665
0.064155
0.061447
0.063488
0.060635
0.062751
0.062523
0.063548
0.060909
0.062853
0.062948
0.062823
0.060736
0.062628
0.062686
0.063689
0.075882
0.062402
0.060109
0.062387
0.062751
0.062802
0.062925
0.060192
0.063202
0.060160
0.062512
0.060233
0.062304
0.064614
0.062429
0.062748
0.060655
0.062487
0.060713
0.060589
0.071908
0.060493
0.060567
0.062530
0.062447
0.060208
0.064152
0.062705
0.065254
0.063027
0.060630
0.063155
0.060665
0.063224
0.062371
0.061804
0.060258
0.060010
0.060038
0.060504
0.074782
0.061996
0.059894
0.059909
0.061903
0.062096
0.062292
0.060102
0.062382
0.062950
0.062715
0.062694
0.063717
0.061059
0.061785
0.062544
0.062607
0.059962
0.062043
0.062596
0.071454
0.062095
0.062474
0.062613
0.060615
0.063503
0.062495
0.063947
0.060627
0.060463
0.062131
0.062166
0.060507
0.062625
0.062248
0.062288
0.062618
0.062573
0.062496
0.062810
0.073480
0.063723
0.060871
0.062816
0.062745
0.063367
0.062591
0.062569
0.062649
0.062077
0.061988
0.061324
0.064000
0.062838
0.064320
0.063926
0.063255
0.062886
0.063900
0.062695
0.073869
0.062419
0.062473
0.060484
0.062193
0.062593
0.060754
0.060910
0.062450
0.060854
0.064031
0.064433
0.062817
0.062762
0.062751
0.062819
0.062618
0.061355
0.060699
0.065945
0.073984
0.064254
0.066553
0.063069
0.061631
0.063035
0.060810
0.062884
0.060635
0.061921
0.066030
0.066122
0.060622
0.065743
0.064302
0.065170
0.062860
0.060801
0.062584
0.062877
0.071710
0.062196
0.060145
0.061484
0.063034
0.060963
0.060887
0.060369
0.063262
0.061310
0.064656
0.060966
0.060864
0.062614
0.060905
0.062500
0.062387
0.062030
0.060357
0.062528
0.072246
0.062916
0.062057
0.064196
0.063596
0.060984
0.060786
0.062880
0.062862
0.062995
0.061178
0.062583
0.063495
0.062067
0.062700
0.063246
0.064779
0.061122
0.061030
0.063063
0.072259
0.060881
0.063241
0.064271
0.061371
0.062927
0.060762
0.063768
0.064218
0.065181
0.061417
0.063201
0.061386
0.063047
0.060786
0.063032
0.061625
0.063167
0.060943
0.063005
0.074177
0.061059
0.063929
0.061952
0.062477
0.064343
0.062853
0.062691
0.060075
0.060902
0.060282
0.060331
0.062192
0.062069
0.062406
0.063903
0.063059
0.061522
0.061083
0.061568
0.071694
0.062914
0.066618
0.062850
0.063766
0.064486
0.063113
0.061180
0.063248
0.066281
0.064884
0.065970
0.062539
0.060829
0.062436
0.061966
0.062817
0.062855
0.062862
0.062892
0.073963
0.063051
0.061019
0.064834
0.061249
0.062383
0.062341
0.060285
0.062330
0.062714
0.060715
0.062892
0.062475
0.061942
0.063331
0.060755
0.062610
0.062278
0.061468
0.063113
0.072148
0.064020
0.066919
0.061625
0.063752
0.061663
0.061752
0.062014
0.064065
0.062319
0.063999
0.063347
0.064448
0.062042
0.062567
0.064349
0.063954
0.062025
0.063894
0.062014
0.073825
0.064708
0.062573
0.062467
0.066099
0.062433
0.062284
0.064948
0.063977
0.063864
0.063775
0.061279
0.063814
0.063860
0.061512
0.061445
0.063449
0.064059
0.064881
0.063586
0.075919
0.063381
0.063199
0.061371
0.061366
0.064803
0.064338
0.062229
0.061900
0.063741
0.064511
0.063452
0.062556
0.063331
0.062473
0.064390
0.063961
0.063722
0.063904
0.061621
0.073545
0.061858
0.063706
0.063747
0.061625
0.065010
0.065217
0.063503
0.061408
0.063453
0.063569
0.061540
0.063791
0.061732
0.064317
0.064050
0.062097
0.062066
0.065246
0.063769
0.073417
0.063832
0.063808
0.061649
0.063629
0.064274
0.063343
0.061664
0.062054
0.062073
0.062317
0.062009
0.066840
0.061604
0.061817
0.061546
0.061748
0.061668
0.061753
0.064255
0.075392
0.062121
0.064384
0.061939
0.064081
0.064216
0.062063
0.062095
0.063604
0.061662
0.064064
0.062335
0.064050
0.063860
0.064089
0.062516
0.062474
0.062511
0.064312
0.063958
0.075653
0.064279
0.068780
0.067504
0.064932
0.065676
0.064321
0.062304
0.062126
0.062066
0.064167
0.062498
0.063516
0.064229
0.063724
0.063410
0.063415
0.064901
0.062054
0.064390
0.073859
0.062296
0.063869
0.065242
0.062456
0.063402
0.062404
0.061640
0.062071
0.064303
0.063225
0.062302
0.061922
0.064009
0.062181
0.064118
0.064494
0.062496
0.064098
0.065474
0.075085
0.063448
0.063679
0.061889
0.061597
0.062073
0.061808
0.061664
0.061815
0.065752
0.064160
0.067114
0.064122
0.062303
0.063820
0.063560
0.064419
0.061756
0.063536
0.063502
0.075036
0.061968
0.065147
0.064049
0.061925
0.065662
0.064816
0.064364
0.064616
0.067374
0.067865
0.065152
0.061996
0.061957
0.065214
0.065871
0.065177
0.063883
0.065005
0.066694
0.068899
0.068096
0.063746
0.062060
0.061498
0.061915
0.067015
0.067332
0.067337
0.065162
0.066983
0.067210
0.068308
0.063976
0.062519
0.061914
0.061757
0.061877
0.065140
0.067118
0.073430
0.067716
0.064337
0.067520
0.065574
0.067405
0.062525
0.061193
0.061129
0.066162
0.062954
0.062692
0.066091
0.064487
0.063712
0.065225
0.066078
0.065763
0.066640
0.065140
0.071305
0.062155
0.065506
0.064895
0.067836
0.065063
0.066137
0.063568
0.064976
0.065907
0.060359
0.060732
0.064610
0.060507
0.062346
0.062143
0.060178
0.061856
0.061838
0.063061
0.073653
0.062340
0.062598
0.060378
0.060581
0.062981
0.060564
0.062152
0.060152
0.061701
0.061478
0.061475
0.064207
0.065549
0.062206
0.062144
0.062195
0.062850
0.063056
0.062261
0.073872
0.062342
0.062321
0.061976
0.062283
0.062264
0.060778
0.060979
0.064036
0.062914
0.062942
0.063939
0.061541
0.064536
0.061747
0.061912
0.063797
0.061973
0.063293
0.063952
0.075257
0.063872
0.063744
0.061752
0.064165
0.061734
0.062870
0.062433
0.061955
0.062020
0.061892
0.065188
0.063874
0.063890
0.063837
0.061991
0.063764
0.063730
0.063966
0.063737
0.076455
0.063910
0.063799
0.063782
0.062503
0.061863
0.061766
0.061981
0.061785
0.061663
0.062023
0.062123
0.061910
0.063560
0.064212
0.061708
0.061672
0.063188
0.064264
0.062272
0.073750
0.064256
0.065009
0.064781
0.062807
0.064524
0.064617
0.066069
0.064654
0.064534
0.063086
0.062524
0.062463
0.062912
0.064379
0.064025
0.062173
0.064109
0.062056
0.061982
0.076693
0.064420
0.064277
0.065458
0.062378
0.064171
0.062405
0.062215
0.063975
0.064640
0.062279
0.063752
0.063693
0.062120
0.062774
0.064211
0.063660
0.064858
0.065064
0.064771
0.075313
0.064663
0.063092
0.062209
0.065557
0.064199
0.062124
0.065122
0.062152
0.062144
0.063558
0.063589
0.063629
0.063661
0.063804
0.064263
0.064992
0.061917
0.063913
0.061793
0.074187
0.063191
0.062046
0.061829
0.063972
0.063652
0.062002
0.063817
0.065130
0.063974
0.063918
0.063852
0.063664
0.063613
0.063560
0.063736
0.063188
0.061291
0.063183
0.063414
0.074632
0.064781
0.063130
0.061108
0.063579
0.063622
0.061159
0.065133
0.063226
0.061641
0.062424
0.062640
0.063273
0.060700
0.063557
0.062436
0.062433
0.062422
0.060185
0.062102
0.074145
0.062758
0.042689
0.042304
0.042278
0.042181
0.042386
0.042077
0.042036
0.041202
0.042539
0.042212
0.042353
0.042268
0.042155
0.042227
0.042235
0.040704
0.043044
0.042225
0.048422
0.042301
0.042626
0.040951
0.063256
0.066340
0.065100
0.064848
0.061022
0.069704
0.061480
0.061449
0.063068
0.064629
0.067384
0.063377
0.063468
0.063428
0.066351
0.066964
0.074558
0.061008
0.062872
0.062948
0.063032
0.065321
0.063816
0.065174
0.063506
0.066838
0.063494
0.062494
0.063533
0.061050
0.066660
0.061619
0.063188
0.063615
0.064401
0.064905
0.077140
0.063659
0.063150
0.063619
0.067049
0.063244
0.063228
0.062948
0.063062
0.063655
0.062132
0.068905
0.060251
0.066310
0.064749
0.069400
0.063022
0.061184
0.066313
0.063757
0.072711
0.064415
0.062755
0.061562
0.063484
0.066132
0.061123
0.064701
0.060735
0.060617
0.063701
0.064074
0.063848
0.066330
0.064159
0.062542
0.064180
0.061400
0.062902
0.060723
0.074112
0.063280
0.061052
0.066755
0.060224
0.063113
0.065269
0.063628
0.061973
0.060975
0.061520
0.061724
0.061861
0.063404
0.068693
0.063674
0.067576
0.061717
0.063615
0.063529
0.072850
0.061778
0.062305
0.062931
0.062385
0.062304
0.039935
0.041749
0.040854
0.065106
0.063973
0.062794
0.061141
0.063179
0.062761
0.060703
0.063381
0.061890
0.061183
0.062824
0.074521
0.063152
0.062904
0.065303
0.064722
0.066402
0.060794
0.062896
0.066122
0.066611
0.066297
0.066238
0.063123
0.062993
0.062963
0.064514
0.061947
0.063201
0.060800
0.060661
0.073969
0.065856
0.061812
0.062857
0.063216
0.061113
0.063081
0.063116
0.063038
0.065571
0.063105
0.062851
0.062667
0.060418
0.062224
0.063012
0.062458
0.062629
0.063886
0.060968
0.074231
0.063218
0.065891
0.061295
0.063078
0.062854
0.062750
0.062435
0.063168
0.060845
0.062462
0.062266
0.060250
0.062463
0.065611
0.063948
0.064341
0.063538
0.063165
0.063083
0.074304
0.063797
0.063230
0.063054
0.060863
0.063216
0.062928
0.063091
0.063973
0.061582
0.062142
0.061054
0.062742
0.062431
0.063040
0.061329
0.063051
0.060810
0.065632
0.064705
0.074614
0.065516
0.062967
0.063819
0.064594
0.064391
0.062307
0.063540
0.063063
0.062711
0.062810
0.063183
0.063635
0.063395
0.065083
0.061497
0.064384
0.063951
0.062619
0.062585
0.074701
0.062948
0.061017
0.063177
0.063373
0.061618
0.063361
0.064831
0.063559
0.061009
0.064466
0.063365
0.063262
0.063790
0.063337
0.063157
0.063196
0.062586
0.060576
0.062677
0.075170
0.061184
0.062291
0.063239
0.061447
0.062564
0.064093
0.063004
0.060673
0.063163
0.063344
0.063815
0.063589
0.062613
0.063534
0.063541
0.063566
0.062632
0.061239
0.062649
0.072721
0.062959
0.062943
0.062858
0.063250
0.061244
0.063753
0.062436
0.063284
0.063198
0.061309
0.063897
0.060831
0.062064
0.062850
0.060673
0.062516
0.062469
0.060755
0.061056
0.074263
0.062678
0.063549
0.063296
0.063781
0.064024
0.061962
0.063212
0.063452
0.063520
0.061532
0.063410
0.061519
0.063609
0.063201
0.063482
0.061347
0.062889
0.064786
0.061700
0.072403
0.062833
0.062929
0.062423
0.063025
0.062262
0.061890
0.063571
0.061529
0.061070
0.061209
0.063563
0.063215
0.063741
0.061116
0.061576
0.061603
0.061037
0.061985
0.065112
0.074532
0.061453
0.063479
0.061630
0.061087
0.064818
0.061440
0.061250
0.063587
0.061329
0.061340
0.063492
0.062304
0.061533
0.063604
0.061546
0.061097
0.063124
0.061337
0.063224
0.072879
0.061342
0.061142
0.061151
0.061029
0.061876
0.063665
0.062957
0.063192
0.062369
0.061310
0.063797
0.064240
0.064377
0.065596
0.064335
0.062163
0.064363
0.062955
0.062315
0.075431
0.062276
0.063840
0.063757
0.062195
0.062047
0.064568
0.062476
0.063424
0.067115
0.063617
0.065514
0.066557
0.070361
0.061635
0.063777
0.062933
0.065369
0.064146
0.061618
0.074764
0.062068
0.061766
0.068361
0.064046
0.063883
0.067047
0.063769
0.067062
0.061848
0.065109
0.064599
0.065370
0.065381
0.062572
0.064447
0.064903
0.062894
0.064552
0.062485
0.072968
0.064036
0.062032
0.065873
0.067069
0.061929
0.064082
0.062634
0.064049
0.061977
0.062544
0.064252
0.061677
0.063469
0.062318
0.064099
0.065662
0.062402
0.062074
0.063919
0.076441
0.064095
0.062302
0.064445
0.061991
0.062037
0.063827
0.063641
0.063759
0.064170
0.063345
0.061478
0.063321
0.063900
0.062530
0.064191
0.062268
0.063191
0.062054
0.064115
0.075092
0.061931
0.064429
0.064657
0.064442
0.062471
0.064321
0.065496
0.063947
0.062367
0.063805
0.063835
0.061859
0.061913
0.064048
0.065297
0.062382
0.064791
0.064786
0.062391
0.074640
0.063996
0.061470
0.062732
0.061117
0.062646
0.060889
0.060804
0.061761
0.062584
0.061933
0.062784
0.062279
0.060635
0.064106
0.064303
0.061221
0.061245
0.062872
0.060944
0.073951
0.061292
0.062854
0.060988
0.063422
0.062665
0.060765
0.060572
0.062231
0.062724
0.061869
0.062137
0.063879
0.064168
0.061880
0.062116
0.063659
0.061379
0.061338
0.063142
0.072717
0.062235
0.063011
0.063428
0.063885
