0.110158
0.061917
0.060901
0.061010
0.061279
0.062536
0.062131
0.062515
0.063619
0.062833
0.062514
0.062646
0.061980
0.062270
0.060106
0.062265
0.062474
0.062947
0.062647
0.060294
0.070677
0.064946
0.063420
0.061637
0.062589
0.060593
0.060613
0.062930
0.060666
0.063378
0.062509
0.062598
0.062150
0.062070
0.061887
0.063303
0.061985
0.062744
0.062865
0.060864
0.074032
0.063720
0.062125
0.060841
0.061084
0.060683
0.061016
0.061950
0.061590
0.060835
0.062608
0.062887
0.063004
0.062677
0.060644
0.061684
0.061834
0.061990
0.061978
0.061881
0.073146
0.061820
0.060497
0.063004
0.062361
0.062521
0.062709
0.062076
0.062339
0.062886
0.060692
0.063053
0.061668
0.063350
0.042598
0.060405
0.043085
0.042943
0.040154
0.041861
0.046995
0.040071
0.040123
0.062437
0.059832
0.060188
0.062107
0.064839
0.063234
0.062529
0.062407
0.062803
0.061993
0.065439
0.062591
0.064660
0.064294
0.064193
0.064145
0.064711
0.076943
0.064095
0.064701
0.065639
0.063068
0.063914
0.064463
0.065336
0.065043
0.064596
0.064706
0.065451
0.065046
0.063610
0.062694
0.062506
0.064518
0.063397
0.064400
0.063935
0.075473
0.063803
0.063795
0.063906
0.061752
0.065083
0.063420
0.064126
0.061881
0.066666
0.063656
0.063645
0.063003
0.063759
0.065850
0.063111
0.063533
0.062869
0.064819
0.061089
0.074303
0.063241
0.062928
0.065669
0.063385
0.065414
0.062364
0.061345
0.062875
0.062842
0.063209
0.063337
0.062410
0.060918
0.062926
0.061979
0.062033
0.062215
0.060962
0.064311
0.075969
0.063498
0.063419
0.064978
0.063143
0.062613
0.063720
0.062978
0.063003
0.062522
0.065827
0.062733
0.063833
0.066143
0.065737
0.062699
0.066702
0.062722
0.062205
0.062324
0.073978
0.062555
0.060364
0.061136
0.063547
0.060492
0.060947
0.062490
0.062829
0.063937
0.060890
0.060757
0.061017
0.062427
0.062056
0.061857
0.061962
0.060573
0.062066
0.062115
0.071786
0.062879
0.064065
0.063439
0.062286
0.062412
0.061722
0.061968
0.062458
0.060917
0.061763
0.062065
0.062022
0.059863
0.061824
0.063319
0.062113
0.061462
0.061818
0.061968
0.073980
0.060812
0.061910
0.062680
0.062282
0.060418
0.062370
0.064541
0.063002
0.062383
0.062360
0.062618
0.062578
0.062980
0.063480
0.063058
0.060645
0.062558
0.062311
0.062675
0.076425
0.062781
0.060845
0.060600
0.061018
0.062895
0.063398
0.060850
0.062560
0.063154
0.063057
0.060703
0.063699
0.062737
0.062934
0.062683
0.062304
0.062567
0.063092
0.062657
0.074527
0.062571
0.062582
0.060732
0.060781
0.062877
0.063960
0.062850
0.062600
0.062690
0.060824
0.063202
0.062949
0.063411
0.060651
0.062424
0.062555
0.061370
0.060587
0.061555
0.074226
0.060989
0.063417
0.064429
0.061165
0.061127
0.063502
0.066546
0.066555
0.069170
0.067972
0.069028
0.071136
0.071413
0.064884
0.065076
0.065809
0.064982
0.064759
0.064227
0.073775
0.065092
0.064667
0.065423
0.062918
0.061083
0.063631
0.063287
0.062860
0.060952
0.062847
0.063159
0.063114
0.061934
0.063033
0.063020
0.064488
0.062836
0.063435
0.062619
0.072021
0.063328
0.063138
0.063309
0.063116
0.061883
0.062844
0.061791
0.062816
0.063890
0.063555
0.063906
0.062808
0.062903
0.060948
0.064033
0.062948
0.063562
0.062817
0.062694
0.074272
0.064418
0.063793
0.064601
0.063547
0.061442
0.063650
0.064194
0.061821
0.064698
0.064328
0.063386
0.063460
0.063354
0.062624
0.063960
0.063713
0.063731
0.061158
0.063068
0.074823
0.064284
0.063468
0.063430
0.061257
0.063907
0.062991
0.062749
0.063607
0.064506
0.064054
0.063825
0.064437
0.064801
0.062459
0.064075
0.062120
0.043716
0.041377
0.043715
0.048824
0.041679
0.043706
0.043579
0.022317
0.042961
0.022359
0.043382
0.022427
0.022599
0.022797
0.022555
0.022431
0.022115
0.020365
0.022286
0.020963
0.020810
0.041463
0.064299
0.076741
0.062088
0.064286
0.062877
0.063299
0.064421
0.065040
0.062009
0.061948
0.063829
0.062171
0.063621
0.065001
0.064383
0.064219
0.064192
0.067175
0.064004
0.064495
0.063841
0.072491
0.061057
0.062687
0.062647
0.061524
0.067445
0.062061
0.066469
0.066742
0.060800
0.067047
0.066287
0.066218
0.064476
0.066267
0.062622
0.061607
0.070707
0.066788
0.066602
0.068868
0.063204
0.066936
0.066427
0.066161
0.064267
0.062724
0.060992
0.061441
0.062799
0.063417
0.066868
0.063563
0.066311
0.064098
0.062829
0.066240
0.063145
0.066069
0.064700
0.075739
0.065900
0.064484
0.061212
0.064272
0.060826
0.061782
0.062741
0.060883
0.063130
0.060805
0.062995
0.064263
0.063213
0.063391
0.068244
0.062560
0.062865
0.063076
0.062924
0.074296
0.062661
0.062741
0.062939
0.063328
0.062057
0.063697
0.066175
0.063313
0.063455
0.066550
0.063673
0.063669
0.063260
0.063933
0.063792
0.064283
0.063556
0.063302
0.063407
0.073914
0.063331
0.063461
0.040608
0.042565
0.042468
0.042181
0.042272
0.022089
0.021899
0.021495
0.023527
0.020142
0.019676
0.019660
0.020077
0.021758
0.021682
0.019897
0.040416
0.047745
0.042608
0.043269
0.042369
0.022999
0.042851
0.021447
0.020202
0.021774
0.042360
0.040181
0.042195
0.043070
0.019930
0.040501
0.019798
0.021494
0.042121
0.042047
0.043056
0.022032
0.046134
0.042529
0.019897
0.042548
0.042516
0.045591
0.045282
0.041597
0.042936
0.045511
0.042532
0.041965
0.042152
0.065683
0.045650
0.063556
0.062721
0.066174
0.062380
0.073920
0.061253
0.062860
0.061634
0.062878
0.063224
0.063346
0.062807
0.063669
0.067763
0.060290
0.060272
0.062730
0.066044
0.062696
0.066945
0.063085
0.062416
0.060419
0.063133
0.073929
0.064617
0.060699
0.062633
0.062539
0.065507
0.062613
0.063689
0.063320
0.062895
0.063131
0.063053
0.062757
0.063129
0.063868
0.063001
0.062043
0.062852
0.066214
0.063138
