0.096177
0.060646
0.060742
0.062905
0.060876
0.060887
0.062594
0.063354
0.061034
0.061184
0.063702
0.060891
0.063837
0.061887
0.062741
0.063205
0.062857
0.063191
0.063226
0.062813
0.071442
0.063103
0.063770
0.064143
0.063917
0.065786
0.063723
0.066867
0.068776
0.066438
0.065840
0.065584
0.068767
0.065924
0.063388
0.063017
0.066401
0.070573
0.063256
0.066902
0.073860
0.059799
0.062567
0.063979
0.063789
0.063492
0.064148
0.063664
0.067080
0.064075
0.064338
0.061742
0.067601
0.063584
0.063252
0.063555
0.063055
0.066472
0.063846
0.063221
0.074038
0.062996
0.064644
0.063230
0.064419
0.064193
0.064070
0.064301
0.063992
0.062336
0.066415
0.067364
0.064146
0.064465
0.064414
0.064272
0.064527
0.063807
0.063991
0.063518
0.075275
0.064278
0.064632
0.063497
0.063389
0.063596
0.063470
0.044382
0.043906
0.043460
0.041707
0.043378
0.043444
0.043361
0.042669
0.042802
0.044207
0.042873
0.042982
0.042844
0.048442
0.042472
0.043153
0.044071
0.042255
0.040832
0.043135
0.042856
0.042965
0.042979
0.022168
0.043444
0.042857
0.043242
0.042593
0.043121
0.042658
0.042651
0.043282
0.042925
0.051396
0.042980
0.043109
0.042570
0.042654
0.042969
0.042869
0.042725
0.043764
0.041554
0.042935
0.042212
0.042716
0.042617
0.042860
0.043219
0.044608
0.042358
0.041322
0.043329
0.048827
0.041732
0.043404
0.043329
0.044894
0.043477
0.043456
0.043558
0.043470
0.043326
0.043620
0.064523
0.067031
0.064024
0.067236
0.064235
0.063832
0.064613
0.066154
0.064439
0.073709
0.064336
0.067654
0.064991
0.065888
0.065067
0.062576
0.064777
0.064643
0.062808
0.064759
0.064979
0.064817
0.064430
0.064919
0.064227
0.064291
0.066237
0.064004
0.064092
0.075460
0.065571
0.063717
0.062130
0.064085
0.063896
0.064045
0.065479
0.064218
0.065393
0.062281
0.064164
0.064281
0.066218
0.064769
0.064671
0.064710
0.065065
0.064803
0.065078
0.075739
0.061694
0.063529
0.061184
0.062683
0.064343
0.063808
0.061972
0.062158
0.063291
0.064024
0.063519
0.064802
0.064763
0.066456
0.064929
0.064646
0.065476
0.064710
0.062643
0.076112
0.062927
0.064366
0.065857
0.064866
0.062717
0.065153
0.065484
0.064721
0.065719
0.064739
0.064721
0.062362
0.064453
0.064537
0.065364
0.062916
0.062683
0.065034
0.066671
0.075863
0.066153
0.065542
0.064404
0.064496
0.064599
0.062541
0.065465
0.064497
0.064377
0.064785
0.065883
0.064425
0.065796
0.064312
0.062310
0.064317
0.064639
0.064495
0.065662
0.076264
0.064884
0.064855
0.063252
0.063630
0.065679
0.066025
0.065550
0.065727
0.065159
0.065401
0.065691
0.066327
0.065165
0.064988
0.064741
0.066813
0.064785
0.062617
0.066199
0.075823
0.064632
0.064955
0.065171
0.064860
0.064397
0.064708
0.064789
0.066701
0.063103
0.064359
0.065405
0.062616
0.064789
0.064991
0.064675
0.064740
0.064873
0.065207
0.065070
0.076926
0.065814
0.064320
0.064282
0.064582
0.064326
0.065463
0.064552
0.064823
0.064551
0.064713
0.064935
0.066647
0.067336
0.064796
0.064873
0.064775
0.064834
0.065918
0.064608
0.073620
0.064651
0.064499
0.064408
0.065523
0.065776
0.064611
0.064774
0.065177
0.064591
0.065661
0.064453
0.064284
0.064443
0.064513
0.064753
0.065616
0.064549
0.065500
0.064936
0.073959
0.065193
0.065906
0.064462
0.064761
0.064759
0.063061
0.065102
0.066300
0.064682
0.065960
0.064688
0.064755
0.064464
0.065353
0.064417
0.062400
0.064392
0.064430
0.064362
0.077244
0.064593
0.064610
0.064930
0.064467
0.064219
0.064852
0.064205
0.064261
0.064955
0.065348
0.065584
0.065429
0.065149
0.062898
0.065763
0.064918
0.063064
0.065269
0.064820
0.076179
0.064540
0.064522
0.064980
0.065192
0.065106
0.064687
0.066300
0.065131
0.063632
0.063352
0.065219
0.065111
0.062993
0.063085
0.064766
0.064477
0.064285
0.064375
0.064956
0.076778
0.065230
0.064991
0.065049
0.065061
0.064957
0.064695
0.065517
0.065182
0.064914
0.065170
0.065065
0.066049
0.062359
0.064102
0.064629
0.064762
0.064823
0.064941
0.063503
0.076331
0.064554
0.064605
0.063182
0.067663
0.067281
0.065643
0.065279
0.065484
0.065547
0.063185
0.065781
0.065856
0.065183
0.065188
0.065270
0.065524
0.067027
0.065180
0.064661
0.077658
0.064733
0.064627
0.064009
0.065048
0.062474
0.065131
0.065129
0.064742
0.065034
0.065097
0.062806
0.065006
0.064685
0.064896
0.065829
0.064765
0.064998
0.064927
0.064845
0.076137
0.066294
0.062651
0.064659
0.062557
0.062664
0.065053
0.065341
0.065064
0.064830
0.063155
0.065400
0.065063
0.065391
0.066756
0.065298
0.063127
0.065259
0.063151
0.063581
0.076815
0.065206
0.064873
0.065049
0.065030
0.063517
0.064703
0.061945
0.063311
0.063166
0.061257
0.063840
0.064128
0.061837
0.063771
0.063941
0.063748
0.062697
0.063987
0.062790
0.074639
0.063117
0.063050
0.063602
0.063225
0.062922
0.063275
0.062009
0.064187
0.062331
0.063202
0.063553
0.063680
0.061364
0.063545
0.062130
0.063258
0.063333
0.063097
0.063514
0.074518
0.062243
0.061223
0.061307
0.064458
0.063757
0.063591
0.062103
0.061828
0.063560
0.062993
0.063139
0.063061
0.062977
0.063399
0.063292
0.063488
0.064477
0.063346
0.063740
0.074748
0.063542
0.061192
0.063567
0.063362
0.063871
0.063426
0.063499
0.061397
0.063967
0.063495
0.061208
0.063236
0.063430
0.063384
0.063472
0.063311
0.063848
0.064566
0.063864
0.075136
0.064031
0.064927
0.063807
0.063885
0.063956
0.063879
0.063769
0.063566
0.061659
0.067401
0.064299
0.062156
0.063712
0.064348
0.065519
0.063900
0.064319
0.064827
0.064819
0.076196
0.062946
0.064974
0.064244
0.064377
0.062366
0.064142
0.066074
0.064248
0.061865
0.064172
0.063578
0.062298
0.064296
0.064139
0.064830
0.064252
0.063812
0.063879
0.064769
0.076159
0.062525
0.064760
0.064760
0.062931
0.065106
0.063485
0.061942
0.063788
0.063614
0.063669
0.063640
0.064730
0.063297
0.063258
0.062943
0.061055
0.062530
0.061402
0.062686
0.074190
0.063087
0.062742
0.062537
0.062892
0.063191
0.062944
0.061071
0.063614
0.063416
0.063989
0.061245
0.063390
0.063465
0.063315
0.063599
0.064472
0.064919
0.063305
0.062750
0.072035
0.062898
0.063668
0.061636
0.063567
0.063116
0.062777
0.062629
0.061288
0.062668
0.063197
0.062715
0.060745
0.062682
0.064444
0.062986
0.062977
0.063231
0.063599
0.062906
0.076418
0.062958
0.063197
0.063768
0.062214
0.062986
0.063614
0.063382
0.063001
0.063060
0.063018
0.062862
0.063739
0.063070
0.062950
0.064377
0.063249
0.063194
0.063957
0.065109
0.076187
0.065465
0.065926
0.069796
0.063544
0.065358
0.065513
0.065299
0.064635
0.063875
0.067408
0.066962
0.063896
0.064095
0.067963
0.067230
0.066748
0.070033
0.066653
0.067272
0.047785
0.042953
0.040985
0.042673
0.042696
0.041287
0.042906
0.042698
0.044349
0.042832
0.042570
0.042766
0.042606
0.042597
0.042625
0.042580
0.043273
0.043433
0.043260
0.045756
0.045307
0.040322
0.042263
0.042138
0.045063
0.045531
0.042181
0.040190
0.066215
0.042141
0.040675
0.042400
0.042322
0.042424
0.043060
0.064130
0.063970
0.064407
0.064045
0.062936
0.075058
0.063961
0.063099
0.063002
0.063827
0.065082
0.062769
0.064315
0.063689
0.064538
0.063475
0.065965
0.063283
0.061127
0.063261
0.063369
0.062108
0.064582
0.064306
0.064311
0.074803
0.063485
0.063932
0.063794
0.063826
0.063200
0.063854
0.061334
0.063809
0.063703
0.063925
0.063100
0.061871
0.063737
0.063923
0.063928
0.063704
0.063324
0.063714
0.063360
0.075414
0.063548
0.063624
0.064060
0.063628
0.063525
0.064108
0.063588
0.063891
0.061728
0.063891
0.063744
0.064219
0.063916
0.064790
0.064764
0.066190
0.065573
0.065948
0.065391
0.076587
0.064924
0.065265
0.063355
0.066287
0.065251
0.065138
0.065022
0.066115
0.063004
0.065583
0.063443
0.064618
0.063066
0.063166
0.062960
0.065421
0.065259
0.063112
0.064979
0.074287
0.066017
0.065354
0.065259
0.062388
0.064854
0.064561
0.064639
0.065917
