0.093415
0.060999
0.060214
0.060269
0.060106
0.060638
0.061971
0.063235
0.064121
0.062722
0.062548
0.062494
0.063507
0.060179
0.063231
0.062177
0.062019
0.061705
0.060064
0.062490
0.071440
0.063059
0.062208
0.061999
0.062084
0.062219
0.062441
0.062544
0.061966
0.061861
0.061518
0.059970
0.062190
0.063076
0.060195
0.042204
0.061501
0.061810
0.061684
0.061781
0.073874
0.060465
0.062217
0.062418
0.062513
0.061937
0.062409
0.062454
0.062205
0.062594
0.062726
0.062528
0.063762
0.062472
0.062133
0.061697
0.062696
0.061914
0.062360
0.062006
0.073064
0.061786
0.062712
0.062479
0.063168
0.062879
0.062523
0.062413
0.062524
0.062433
0.062322
0.063116
0.062412
0.060697
0.063970
0.062780
0.062822
0.062968
0.062510
0.062238
0.073823
0.062590
0.062348
0.064832
0.062537
0.060306
0.062494
0.061568
0.062424
0.063120
0.062696
0.062235
0.062260
0.062230
0.062297
0.062275
0.060580
0.062576
0.062551
0.062356
0.072910
0.062504
0.063435
0.063306
0.063063
0.062757
0.063033
0.063095
0.063592
0.062369
0.062360
0.062487
0.060387
0.062029
0.063451
0.063641
0.063121
0.063122
0.062989
0.063129
0.074124
0.060633
0.062647
0.062839
0.062420
0.062715
0.062007
0.063530
0.062548
0.062423
0.061373
0.062626
0.040357
0.042087
0.041187
0.042335
0.039774
0.062346
0.062757
0.063210
0.076716
0.063788
0.063037
0.062831
0.062461
0.062433
0.060493
0.063530
0.062653
0.062805
0.062552
0.062585
0.063122
0.064489
0.063233
0.062905
0.062928
0.063085
0.062904
0.063649
0.074815
0.062539
0.062555
0.060611
0.062296
0.062982
0.062463
0.063114
0.062660
0.063032
0.062969
0.062945
0.061463
0.063155
0.062938
0.062852
0.062940
0.062446
0.063494
0.062052
0.074253
0.060945
0.062749
0.062646
0.063509
0.062551
0.062152
0.062335
0.062338
0.062521
0.060905
0.062810
0.063771
0.062499
0.062483
0.062518
0.062395
0.061247
0.062679
0.062627
0.074022
0.062413
0.062305
0.063164
0.062564
0.061891
0.062605
0.062396
0.062201
0.062936
0.062664
0.062433
0.062442
0.062020
0.060100
0.062946
0.062570
0.041657
0.040963
0.042017
0.046775
0.041401
0.041211
0.041331
0.040120
0.041197
0.039450
0.041512
0.041204
0.039295
0.041310
0.041174
0.042032
0.041331
0.041086
0.040109
0.042928
0.041942
0.041639
0.044923
0.044987
0.045121
0.041604
0.041335
0.044958
0.041568
0.041625
0.041556
0.041765
0.042752
0.039687
0.062428
0.062393
0.063811
0.063143
0.062945
0.062923
0.062814
0.062575
0.062578
0.073956
0.062661
0.063141
0.062687
0.062708
0.062759
0.061489
0.061996
