0.095338
0.063220
0.064807
0.064734
0.065215
0.062885
0.062605
0.064912
0.064525
0.064630
0.063280
0.065030
0.064841
0.063126
0.064734
0.062472
0.064844
0.065964
0.065774
0.065051
0.073581
0.065117
0.064960
0.065138
0.065005
0.065410
0.065076
0.064871
0.064791
0.064824
0.065704
0.064926
0.064592
0.062653
0.064265
0.064718
0.065015
0.065287
0.064795
0.064372
0.076155
0.064111
0.065150
0.064316
0.064117
0.064308
0.064278
0.064333
0.063883
0.064187
0.064188
0.062267
0.062698
0.064590
0.062854
0.064086
0.064914
0.062582
0.064652
0.064639
0.076189
0.064521
0.064412
0.062450
0.064708
0.064195
0.064563
0.065013
0.064725
0.064598
0.062389
0.064851
0.064467
0.064596
0.064366
0.043503
0.043053
0.043462
0.044867
0.043755
0.049279
0.043643
0.045271
0.044122
0.041678
0.043188
0.043130
0.041851
0.043649
0.043642
0.041981
0.043744
0.043633
0.043842
0.043764
0.043735
0.041868
0.042053
0.043916
0.020872
0.050181
0.043698
0.041797
0.043178
0.043859
0.043736
0.062959
0.063611
0.061577
0.063637
0.063750
0.067194
0.064366
0.064482
0.063712
0.064493
0.063874
0.061553
0.064149
0.064066
0.075391
0.063941
0.063817
0.061802
0.065163
0.064125
0.062047
0.060122
0.061712
0.062910
0.063043
0.062669
0.062867
0.061800
0.062862
0.063791
0.063128
0.063148
0.063617
0.063412
0.075607
0.062925
0.062819
0.062829
0.062562
0.063182
0.063013
0.063599
0.063105
0.062998
0.063068
0.063752
0.063226
0.064715
0.063199
0.062999
0.062917
0.063242
0.063180
0.063775
0.074888
0.063141
0.064485
0.064788
0.064825
0.062636
0.063835
0.064449
0.064442
0.064692
0.064327
0.063910
0.064588
0.065135
0.064919
0.062548
0.064536
0.065073
0.065030
0.066166
0.074055
0.064703
0.064829
0.065435
0.065353
0.065091
0.066698
0.065405
0.066863
0.063219
0.065318
0.064341
0.063381
0.065320
0.065212
0.062780
0.065241
0.065198
0.065261
0.065117
0.076588
0.065471
0.064627
0.065693
0.066162
0.064713
0.065015
0.064698
0.065400
0.065012
0.064997
0.063127
0.064729
0.065097
0.064835
0.064645
0.065131
0.065585
0.065074
0.062712
0.075952
0.064493
0.064464
0.064425
0.064465
0.064421
0.064438
0.064472
0.062911
0.066187
0.065032
0.064866
0.064640
0.064871
0.064706
0.064387
0.064635
0.063126
0.062948
0.065281
0.077170
0.065260
0.064310
0.065500
0.064098
0.064915
0.062845
0.064668
0.060831
0.062412
0.062707
0.065746
0.063099
0.063335
0.063156
0.062543
0.063177
0.062807
0.063148
0.063002
0.074312
0.062944
0.063138
0.062894
0.062744
0.062658
0.062629
0.060409
0.063378
0.063007
0.063409
0.062968
0.063018
0.063307
0.063040
0.063116
0.062713
0.062799
0.063233
0.061536
0.075110
0.064965
0.062890
0.063625
0.063443
0.063233
0.063310
0.063221
0.063536
0.063277
0.063040
0.064356
0.063478
0.063240
0.064327
0.063444
0.062955
0.062247
0.062505
0.062992
0.074921
0.063608
0.063497
0.063414
0.063509
0.063473
0.063690
0.064423
0.063546
0.063227
0.063349
0.062963
0.062671
0.062746
0.062900
0.062799
0.062875
0.062965
0.062915
0.063193
0.075696
0.063784
0.061483
0.063010
0.060927
0.063166
0.063499
0.063931
0.061552
0.066180
0.060924
0.063000
0.062922
0.062422
0.062971
0.062975
0.062653
0.062649
0.062695
0.062854
0.073415
0.063669
0.063476
0.063474
0.063869
0.061858
0.064614
0.063503
0.064151
0.063055
0.062801
0.062390
0.060681
0.063088
0.060939
0.063075
0.063138
0.063558
0.063614
0.064692
0.074818
0.063020
0.062494
0.062776
0.062542
0.062670
0.060802
0.063632
0.063096
0.063513
0.062983
0.063368
0.064545
0.063485
0.063829
0.061375
0.064385
0.063173
0.063834
0.063430
0.074404
0.060978
0.063109
0.063218
0.061099
0.065511
0.062966
0.062830
0.063189
0.063403
0.063396
0.063423
0.063246
0.064225
0.063517
0.063579
0.063142
0.062893
0.063873
0.064067
0.075500
0.064653
0.064240
0.062198
0.064244
0.064133
0.064045
0.063978
0.062076
0.061703
0.063668
0.065241
0.064233
0.064551
0.063979
0.064514
0.064560
0.064304
0.064456
0.064179
0.076837
0.064827
0.064800
0.063186
0.065023
0.065254
0.065071
0.065167
0.065099
0.065014
0.065158
0.064910
0.063106
0.064883
0.064371
0.064744
0.066028
0.064538
0.064879
0.064356
0.076214
0.065164
0.065162
0.064886
0.062764
0.065046
0.064808
0.064944
0.064699
0.064341
0.065121
0.062991
0.065074
0.064485
0.064408
0.064600
0.064878
0.064863
0.064408
0.064801
0.076544
0.065561
0.065160
0.065204
0.065006
0.064629
0.064638
0.064739
0.065521
0.065403
0.065058
0.064649
0.065340
0.064970
0.064204
0.064960
0.064757
0.064563
0.064454
0.064708
0.075819
0.064898
0.065149
0.064866
0.065155
0.064676
0.065059
0.063607
0.065159
0.065226
0.064882
0.064770
0.062535
0.064768
0.064612
0.064221
0.063406
0.064598
0.064681
0.065130
0.077334
0.065845
0.065122
0.065256
0.065078
0.064988
0.065232
0.065002
0.064921
0.065400
0.065101
0.065351
0.066130
0.063189
0.065062
0.064228
0.062719
0.065158
0.064808
0.062563
0.075749
0.064871
0.064636
0.063720
0.064371
0.063890
0.063062
0.064457
0.062384
0.064025
0.063916
0.064164
0.064431
0.062286
0.064008
0.064152
0.064512
0.064664
0.063321
0.064079
0.075161
0.063735
0.062100
0.064618
0.062546
0.064340
0.064115
0.063518
0.064275
0.063462
0.064072
0.064638
0.063674
0.063890
0.063757
0.061543
0.063644
0.063176
0.063114
0.078478
0.079129
0.071049
0.076649
0.064569
0.061010
0.062784
0.063273
0.063601
0.063841
0.063884
0.064499
0.063472
0.063299
0.061752
0.061437
0.063413
0.064354
0.062808
0.062640
0.063223
0.074444
0.062297
0.066740
0.066340
0.064290
0.062433
0.069134
0.062833
0.065660
0.065206
0.065470
0.068775
0.064273
0.064099
0.062994
0.064610
0.065190
0.064506
0.065120
0.065041
0.076913
0.065953
0.064543
0.069436
0.062772
0.063969
0.070000
0.064598
0.064016
0.064976
0.065073
0.064473
0.062578
0.062778
0.065526
0.064325
0.063049
0.064354
0.062106
0.064334
0.076308
0.066488
0.064332
0.064497
0.062112
0.064552
0.064741
0.064619
0.063182
0.065098
0.063715
0.065101
0.064618
0.064606
0.064827
0.065095
0.064949
0.065783
0.064388
