635.000000	303.000000	19.000000	44.000000
635.071045	306.679901	17.830496	41.146622
634.091187	309.098022	17.450008	37.227261
633.270935	309.918457	16.674788	41.764229
633.200134	309.767365	16.997831	38.796162
633.481873	313.638611	17.785482	40.851929
632.002869	317.178589	17.946461	39.210114
633.294128	321.122192	18.068705	40.780327
634.683105	325.180054	18.750860	41.628628
635.701599	327.725525	20.031069	39.682659
636.894348	331.323975	19.960201	42.431911
637.637939	334.237305	21.127203	39.060486
636.737244	338.616425	21.406010	42.056789
635.875610	340.991058	20.698545	38.855675
633.324829	343.978851	19.823633	41.083195
632.277405	348.215179	20.580547	38.786465
633.576782	350.462555	22.573320	40.140266
637.127869	353.576050	21.615688	40.228569
637.229858	354.601959	20.663754	40.052685
635.512817	356.608307	20.259733	42.551975
634.706848	358.462585	21.526176	40.673691
636.384644	360.763000	22.305904	44.000877
641.653381	362.984039	21.856775	38.552750
645.531555	365.139404	20.417398	41.543144
644.105347	366.012329	21.000477	39.836346
645.432251	364.613983	21.631437	42.581181
649.403992	369.030212	21.794853	39.629490
651.799194	369.983765	20.624147	39.333675
653.607361	372.533905	20.457808	41.090439
653.471069	374.133087	21.194548	38.580364
655.832703	378.279266	20.574417	41.435005
657.626587	380.086029	21.474707	37.937801
659.857727	383.421448	20.858316	41.260593
657.372864	384.681671	21.533596	39.309708
653.067566	386.714111	20.489784	39.667809
650.898132	387.790039	20.900139	39.192928
651.392639	385.529297	21.727213	39.094120
651.991333	383.831604	21.581982	40.003021
654.014038	382.032715	20.285276	37.911934
655.229919	383.030609	21.269083	41.088493
658.212463	384.086700	21.101194	36.873055
660.010742	384.431580	20.503799	37.725739
659.963562	357.211334	21.025761	37.650261
662.362793	329.765442	20.448030	37.791286
665.559753	334.757843	19.432346	37.133751
666.893311	340.169983	20.095163	33.433357
667.285278	345.621460	19.817179	34.904469
670.099915	347.756439	19.991840	37.246407
672.497620	350.449768	18.474442	36.613121
673.869507	352.539124	19.649630	36.420410
673.918274	355.029053	21.581593	33.519012
669.293213	354.238739	21.607899	36.975986
663.825256	352.467224	20.332054	36.435455
656.299438	349.442841	19.940416	37.452774
649.277771	346.948944	21.827572	36.845398
641.405518	344.844788	20.196491	34.868675
636.016479	342.560364	20.474665	36.658146
631.248413	339.390381	20.459894	35.061897
625.215332	338.836731	19.222107	37.380970
622.923950	337.999878	19.886463	36.083935
617.686584	336.466339	20.280581	36.563675
612.891235	336.363708	19.770882	36.455902
608.612061	335.107910	19.587561	37.007938
604.385742	334.505371	19.592617	38.708645
600.736633	335.439026	20.927807	35.260235
595.037170	334.607452	19.470140	36.711784
588.934509	332.670776	20.766331	35.954613
584.358948	332.912048	21.527681	36.301064
582.064331	333.551941	21.011925	37.265163
578.747864	334.230255	22.387959	33.376274
576.317566	334.533081	21.919376	36.468815
574.214417	332.000458	20.656525	37.690105
571.609253	328.855499	20.893984	38.077625
569.620667	326.515076	21.439280	38.589279
570.228455	324.157288	20.075420	35.843426
570.516602	321.933228	21.487280	37.727253
571.289551	316.357513	18.264019	35.822491
572.725647	314.398468	21.796616	35.739742
576.790466	310.872498	17.272371	34.420437
578.044739	309.209076	21.902548	36.103275
579.983459	303.890472	18.360865	37.248463
579.116577	301.379395	20.971249	34.857601
579.895142	298.510376	17.653723	33.843033
579.262329	294.622772	20.509403	36.233894
575.445312	290.494781	21.107628	38.927402
574.350098	286.046021	17.921207	34.096924
568.355286	284.575897	19.516830	32.282223
567.517090	281.495392	17.036562	34.099937
560.965698	279.386993	21.637842	34.898743
557.894836	274.211090	17.433683	36.411697
551.067871	275.803406	20.235523	32.585606
543.187927	273.517487	18.155846	35.386059
542.427002	271.622528	19.126459	36.004593
539.239197	268.750916	16.538902	37.809113
531.838013	267.888794	19.767345	33.101990
519.424072	268.174866	21.627665	35.803143
516.626160	268.757751	16.495726	34.428104
512.899109	268.422791	18.828218	35.043579
514.559265	266.480225	17.581867	34.899220
516.591248	268.503387	21.311445	32.134449
524.083923	265.888367	16.765518	34.250305
529.309448	264.157806	20.507927	35.853531
535.845459	259.190369	18.118240	37.649406
540.158325	259.031219	21.088364	34.863056
545.978516	257.582794	17.359596	35.777161
552.852539	253.961929	19.977186	36.858982
558.494385	249.650833	17.835203	37.828819
565.031982	247.085953	18.401388	34.886749
567.607056	245.933472	20.224203	33.911755
567.679810	244.160461	16.054609	35.260544
556.222900	244.973343	18.023283	35.647179
549.373779	244.391418	17.580582	35.218800
534.221558	246.703430	20.135826	32.116707
526.216370	246.688583	16.682842	33.621731
526.486511	247.058517	20.449493	34.534996
527.351562	245.455704	17.088322	36.055386
529.148376	246.799210	20.324881	33.814228
527.905151	246.023788	18.054432	37.098598
529.535095	245.219025	19.695076	37.340023
528.687439	245.263611	19.236036	39.613937
527.327942	241.536133	19.201572	36.254646
525.031372	242.747711	17.835081	34.328568
525.720520	242.663910	17.093370	34.546768
523.956055	241.626205	19.634178	36.891815
522.657349	239.390625	18.443424	35.709415
521.219299	239.191605	20.468512	34.480984
520.665588	237.267395	17.752478	36.361004
519.830872	241.133026	22.071848	34.492115
518.351440	239.416306	16.399294	37.654743
516.883118	245.691254	21.095459	34.083004
516.238098	249.159424	17.793755	35.344067
515.552551	252.961884	21.233639	34.241024
515.526733	256.998718	19.622561	34.000916
515.874878	261.519165	17.420525	34.776142
512.228210	267.066040	21.216444	34.524799
516.875610	269.377747	16.948252	35.368168
516.764404	272.747375	21.845724	36.453407
520.927307	272.722260	17.927944	35.767723
523.554504	275.527313	21.106863	32.238289
530.161072	274.997528	17.209553	34.491665
532.328613	275.415710	22.273640	34.360554
537.455322	274.249390	16.683041	33.647682
540.963135	274.473724	18.519152	33.802971
542.955750	275.369171	16.815426	34.739086
547.135498	275.129364	18.784079	33.792088
547.029663	274.431000	18.799238	34.150356
549.489685	273.540924	15.894675	35.663879
549.754150	275.573303	19.179298	34.289074
553.394226	275.312653	16.073837	34.620544
552.599243	274.414703	21.512527	35.817616
557.445923	272.964264	16.258692	37.197720
556.607849	272.233917	20.431919	33.692188
562.313782	269.420990	16.487722	37.201870
564.730286	271.522156	21.969759	34.355816
568.029358	269.473694	18.074389	38.988144
568.808228	267.362213	21.024256	35.109623
571.014954	270.038300	18.371492	36.341702
574.639771	270.616943	19.053535	35.585304
573.549927	270.955353	20.172096	36.785206
578.786316	275.296356	17.689024	35.508804
576.894165	278.127960	20.431187	33.579971
582.415955	280.099915	15.932694	34.361553
579.650757	284.077789	21.597351	34.405544
583.942749	284.178070	16.976460	35.780357
582.270508	288.713013	20.784172	32.799870
585.593506	291.295349	17.927994	33.641560
585.748108	293.015045	23.633158	34.674049
586.796997	294.432495	19.442923	34.795998
587.762146	298.694855	24.461449	33.701530
586.460632	301.468201	23.095467	36.384956
590.469421	302.570526	22.109081	35.572712
589.892151	305.626068	21.990810	37.070034
593.466309	306.536865	19.565767	35.176605
590.634521	310.298248	25.707432	33.836216
596.856995	309.962097	18.095295	34.440731
594.717041	309.019073	23.593029	36.223110
597.913818	304.519653	17.617682	37.461479
595.604919	300.168884	25.258631	34.376076
593.731384	292.318085	22.324787	36.722202
594.977539	284.822479	25.006952	36.830009
593.021545	279.491577	22.730541	38.955414
594.818726	279.725067	22.337250	36.906918
589.244385	281.940399	27.148148	36.292435
594.294861	281.636841	19.601675	36.591496
589.589783	282.261932	23.294329	35.850296
591.570862	281.314148	18.378738	37.459278
586.493896	282.833740	25.538950	35.057758
591.348389	282.093201	17.750460	37.078297
586.293640	282.389771	26.188486	36.015465
591.561401	282.289246	18.116266	37.682945
591.908936	284.160919	27.263874	35.225060
593.582214	284.589203	20.915365	36.940712
593.601624	285.384125	25.198114	35.717148
591.616638	285.579193	22.758955	37.012005
591.533447	286.617310	22.060722	36.082787
585.546082	290.276123	25.625168	36.619537
587.737854	292.005463	20.358351	35.376492
581.983765	292.605072	25.094706	35.474106
584.777283	291.947327	18.574028	38.068657
580.868164	293.801819	24.775097	35.878422
581.524719	295.921722	19.081295	36.142418
578.989807	295.826416	23.237146	36.584171
579.690491	296.637268	18.610582	36.914837
577.395691	297.950867	24.491219	34.912354
575.043884	299.237244	23.094948	36.666119
576.546021	300.132599	22.501577	35.670528
573.757690	299.924255	23.328884	37.350563
576.012573	299.832428	19.006323	37.081844
571.506042	302.443604	26.174231	35.448917
575.289185	303.513977	17.680559	36.262970
572.993713	302.755798	23.578125	38.844803
572.795532	302.301117	19.282053	39.582863
569.700989	302.673920	26.209063	36.477715
569.239197	302.614502	20.690729	38.397369
568.695312	299.767059	21.563536	39.433395
566.142883	297.399719	20.841574	41.920334
565.759399	295.573914	23.982361	38.213482
562.439331	295.825439	24.929735	38.229797
563.999390	290.210266	19.715168	39.856796
561.349121	288.420593	21.760561	41.692852
559.354980	281.283539	20.190393	38.392269
553.140747	276.423218	22.099510	42.197678
549.250061	271.614319	22.794313	38.696831
546.411682	267.602966	22.067095	41.930557
540.963196	261.400360	20.552353	37.765308
534.191956	258.014709	24.069851	41.142647
529.606201	256.403931	20.156834	40.968925
520.973450	254.996063	19.712904	42.068100
512.878723	254.818192	18.358551	40.490448
501.365540	257.549591	21.534754	41.814579
491.310577	259.315399	19.792288	40.910397
477.805847	263.167023	19.823639	41.078915
468.049377	266.415771	20.996490	40.636150
474.146820	289.086823	23.226498	40.823769
486.909149	291.378418	21.461155	39.934765
496.028564	291.545044	19.862951	39.329521
501.334137	291.365723	21.649893	40.797955
509.100281	292.426117	20.695202	38.479252
520.148315	293.837463	18.724070	41.025974
528.822083	293.443695	21.544941	38.693016
530.826111	294.342133	20.338131	43.473808
529.268127	294.400665	19.398115	37.936455
527.895142	294.844269	19.684288	42.794773
529.993774	293.377686	19.766426	37.732052
533.495911	290.339661	19.914579	42.280041
537.138123	287.380371	21.794413	37.229824
541.659546	284.590027	18.741217	41.300087
545.432678	281.188690	20.976454	36.956253
548.024719	277.386078	20.322847	41.182537
549.343933	271.718933	20.006210	37.474514
551.239136	267.932556	18.749632	42.636017
548.400757	264.730103	21.665749	38.064262
547.824951	260.632355	19.265198	40.501999
538.430481	256.787384	21.565304	39.101887
530.380066	255.179199	20.800776	41.746460
522.862976	252.066849	23.148540	36.880695
517.781921	247.243576	19.887629	41.630886
511.615570	243.397964	19.457108	39.852497
511.167297	238.781067	20.632946	41.320118
517.316162	231.222473	18.832214	39.463375
511.711823	228.131424	20.160711	42.693226
502.042969	226.059097	19.415808	40.577629
492.098755	225.731125	19.093246	41.938221
482.861176	226.627747	18.723143	39.404762
474.251465	228.385284	19.565861	41.090305
467.132202	229.311203	19.100571	41.413502
461.186646	233.757156	20.929722	40.991535
459.942017	236.168945	20.299355	43.316032
456.525757	312.072205	21.973766	41.454487
456.525757	312.072205	21.973766	41.454487
456.525757	312.072205	21.973766	41.454487
456.525757	312.072205	21.973766	41.454487
456.525757	312.072205	21.973766	41.454487
456.525757	312.072205	21.973766	41.454487
456.525757	312.072205	21.973766	41.454487
456.525757	312.072205	21.973766	41.454487
456.525757	312.072205	21.973766	41.454487
456.525757	312.072205	21.973766	41.454487
456.525757	312.072205	21.973766	41.454487
456.525757	312.072205	21.973766	41.454487
456.525757	312.072205	21.973766	41.454487
456.525757	312.072205	21.973766	41.454487
456.525757	312.072205	21.973766	41.454487
456.525757	312.072205	21.973766	41.454487
456.525757	312.072205	21.973766	41.454487
456.525757	312.072205	21.973766	41.454487
456.525757	312.072205	21.973766	41.454487
456.525757	312.072205	21.973766	41.454487
456.525757	312.072205	21.973766	41.454487
456.525757	312.072205	21.973766	41.454487
456.525757	312.072205	21.973766	41.454487
456.525757	312.072205	21.973766	41.454487
456.525757	312.072205	21.973766	41.454487
456.525757	312.072205	21.973766	41.454487
456.525757	312.072205	21.973766	41.454487
456.525757	312.072205	21.973766	41.454487
456.525757	312.072205	21.973766	41.454487
456.525757	312.072205	21.973766	41.454487
412.126648	404.525360	20.256096	27.790472
425.881836	394.281860	19.088196	37.210724
441.166321	387.910583	18.457638	40.918064
455.461914	381.698151	17.978893	35.864662
468.584076	374.260406	19.156345	41.757339
469.409943	372.239319	19.710524	36.790764
468.704926	368.012970	20.520815	42.435505
470.275970	365.574524	19.368036	38.851044
472.570374	362.745422	19.972090	39.951275
475.236816	359.657349	19.911013	37.067932
475.526123	355.084534	25.161037	41.194935
478.811493	352.345917	21.935579	39.698330
479.856720	347.187866	23.392626	41.727413
488.588989	343.908783	20.311348	40.459286
495.472260	340.788483	21.158794	40.934532
497.168671	338.722351	20.650526	39.602692
494.667297	336.843109	20.235125	41.861832
492.671967	335.618469	20.578789	41.386234
491.396362	334.186584	21.485880	44.030529
495.002716	336.338898	20.141457	42.015846
496.305542	334.900238	20.663277	41.224312
499.290253	337.180267	19.163708	39.165535
502.340912	340.909790	23.138460	35.446503
506.979767	336.326721	21.384483	41.782795
506.979767	336.326721	21.384483	41.782795
511.931641	340.465881	22.768915	32.217365
509.668396	341.010040	21.686403	35.823723
503.554718	339.812836	23.689398	42.663277
499.478485	339.082520	20.430222	41.299866
489.239746	343.806213	22.122890	37.877785
479.681488	347.982361	20.698160	35.255524
470.548065	351.768951	20.773125	41.290771
460.511719	356.466736	21.398748	35.585411
448.609650	360.235565	22.050451	41.231792
441.980042	361.508545	22.305155	37.763889
443.139374	361.889221	21.266296	41.251160
445.616119	359.715057	21.338856	40.581532
450.229828	374.477722	22.207020	40.961430
448.343170	397.133026	23.402931	35.141903
439.310913	404.363312	24.132706	35.430992
434.113831	412.648254	21.085608	39.572926
437.297760	424.623077	21.263313	40.955238
449.474091	434.287170	22.381863	36.300953
465.974579	441.438141	23.847977	34.830936
479.019897	439.904175	21.235964	36.917835
489.237579	392.234344	20.989542	37.356407
499.273682	345.188324	26.523691	37.049515
515.337646	336.415192	20.618937	33.793949
533.545776	346.785126	27.107418	32.325272
555.377197	354.063141	19.974277	34.018917
579.200317	365.552551	22.214825	34.217304
601.892944	377.606110	19.022213	32.362720
622.676819	393.080536	22.285835	30.866568
638.709656	406.799347	21.472752	30.669334
651.433716	422.768066	24.917757	33.805729
669.103760	440.008972	18.493835	31.747272
682.101135	456.010559	15.742065	28.748487
684.318115	469.121765	19.969141	28.155270
685.372498	484.431427	23.571417	30.110744
680.738281	498.687103	24.099161	29.383606
674.180298	513.973877	18.466791	24.429501
660.143616	522.388245	21.712482	27.537132
648.321716	535.790649	18.130665	27.927731
634.581482	546.532471	21.939295	29.339621
627.235779	556.244385	20.055061	35.034912
611.904663	564.106689	25.563986	29.965000
602.158630	571.233643	22.154957	28.734015
588.640198	579.864746	34.950871	25.735350
586.069580	587.864258	25.076109	24.796703
577.656494	584.625366	31.003811	26.483717
579.375549	563.804260	25.082535	25.730280
576.278625	540.312134	27.730980	26.036724
583.145264	516.610229	23.338158	25.867327
583.656250	512.922607	30.250929	25.556833
592.524719	510.105072	24.806170	26.028738
592.524719	510.105072	24.806170	26.028738
592.524719	510.105072	24.806170	26.028738
592.524719	510.105072	24.806170	26.028738
592.524719	510.105072	24.806170	26.028738
592.524719	510.105072	24.806170	26.028738
592.524719	510.105072	24.806170	26.028738
592.524719	510.105072	24.806170	26.028738
592.524719	510.105072	24.806170	26.028738
592.524719	510.105072	24.806170	26.028738
592.524719	510.105072	24.806170	26.028738
592.524719	510.105072	24.806170	26.028738
592.524719	510.105072	24.806170	26.028738
592.524719	510.105072	24.806170	26.028738
592.524719	510.105072	24.806170	26.028738
592.524719	510.105072	24.806170	26.028738
592.524719	510.105072	24.806170	26.028738
592.524719	510.105072	24.806170	26.028738
592.524719	510.105072	24.806170	26.028738
592.524719	510.105072	24.806170	26.028738
592.524719	510.105072	24.806170	26.028738
592.524719	510.105072	24.806170	26.028738
592.524719	510.105072	24.806170	26.028738
592.524719	510.105072	24.806170	26.028738
592.524719	510.105072	24.806170	26.028738
592.524719	510.105072	24.806170	26.028738
592.524719	510.105072	24.806170	26.028738
592.524719	510.105072	24.806170	26.028738
592.524719	510.105072	24.806170	26.028738
592.524719	510.105072	24.806170	26.028738
592.524719	510.105072	24.806170	26.028738
592.524719	510.105072	24.806170	26.028738
592.524719	510.105072	24.806170	26.028738
592.524719	510.105072	24.806170	26.028738
592.524719	510.105072	24.806170	26.028738
592.524719	510.105072	24.806170	26.028738
592.524719	510.105072	24.806170	26.028738
592.524719	510.105072	24.806170	26.028738
592.524719	510.105072	24.806170	26.028738
592.524719	510.105072	24.806170	26.028738
592.524719	510.105072	24.806170	26.028738
592.524719	510.105072	24.806170	26.028738
592.524719	510.105072	24.806170	26.028738
592.524719	510.105072	24.806170	26.028738
592.524719	510.105072	24.806170	26.028738
592.524719	510.105072	24.806170	26.028738
592.524719	510.105072	24.806170	26.028738
592.524719	510.105072	24.806170	26.028738
592.524719	510.105072	24.806170	26.028738
592.524719	510.105072	24.806170	26.028738
592.524719	510.105072	24.806170	26.028738
592.524719	510.105072	24.806170	26.028738
592.524719	510.105072	24.806170	26.028738
592.524719	510.105072	24.806170	26.028738
592.524719	510.105072	24.806170	26.028738
592.524719	510.105072	24.806170	26.028738
646.393250	509.691467	25.743170	26.680784
653.582275	506.973053	22.144035	30.580980
642.759521	496.980927	32.539570	32.766281
647.851379	496.724945	29.368269	28.672026
645.730774	495.875702	24.721952	28.403517
640.958252	499.812836	34.018261	30.625080
648.567200	511.804718	20.993502	31.256029
644.983398	528.247070	27.395891	28.222057
654.057007	549.275879	24.747282	26.956018
658.591064	571.526489	24.815544	27.968019
663.613586	595.187134	30.408756	27.173943
676.815979	615.396057	27.437124	29.203037
689.053284	631.951599	24.876537	30.276991
703.453979	646.779480	27.085218	31.629047
716.578186	655.737122	29.728708	34.951935
730.957214	656.530823	30.478998	28.844635
745.037598	645.382141	29.101780	34.323910
759.455872	633.763794	29.005655	37.249313
777.759094	620.008545	28.289171	29.781639
791.260559	611.218567	33.098515	29.041965
807.008057	600.108643	37.172077	25.466290
828.708252	586.493774	32.261391	28.472179
846.750183	572.967407	37.049206	29.877825
867.680664	561.048584	37.204590	26.279356
881.050354	551.281433	46.825027	27.250797
915.002808	547.593140	37.895824	26.258141
930.938843	542.651611	45.233177	26.533783
960.263062	536.745056	40.475391	28.098152
980.283325	532.170349	45.922390	29.058128
1002.572083	528.469849	48.826992	29.144026
1030.772949	525.502197	44.460941	30.840235
1049.502075	518.633911	48.796810	31.207685
1074.003296	511.845062	47.357174	29.078312
1091.891113	506.844574	54.152210	28.364342
1121.900635	502.204712	46.782787	27.844461
1135.736328	494.378754	52.671978	29.748524
1160.475830	481.626892	46.882000	30.874464
1175.228882	474.518097	54.998585	29.833069
1196.492432	472.171600	57.389156	27.750870
1221.844482	471.988281	55.336033	28.622643
1244.566895	472.064270	42.451550	35.781731
1244.566895	472.064270	42.451550	35.781731
1244.566895	472.064270	42.451550	35.781731
1244.566895	472.064270	42.451550	35.781731
1244.566895	472.064270	42.451550	35.781731
1244.566895	472.064270	42.451550	35.781731
1244.566895	472.064270	42.451550	35.781731
1244.566895	472.064270	42.451550	35.781731
1244.566895	472.064270	42.451550	35.781731
1244.566895	472.064270	42.451550	35.781731
1244.566895	472.064270	42.451550	35.781731
1244.566895	472.064270	42.451550	35.781731
1244.566895	472.064270	42.451550	35.781731
1244.566895	472.064270	42.451550	35.781731
1244.566895	472.064270	42.451550	35.781731
1244.566895	472.064270	42.451550	35.781731
1244.566895	472.064270	42.451550	35.781731
1244.566895	472.064270	42.451550	35.781731
1244.566895	472.064270	42.451550	35.781731
1244.566895	472.064270	42.451550	35.781731
1244.566895	472.064270	42.451550	35.781731
1244.566895	472.064270	42.451550	35.781731
1244.566895	472.064270	42.451550	35.781731
1244.566895	472.064270	42.451550	35.781731
1244.566895	472.064270	42.451550	35.781731
1244.566895	472.064270	42.451550	35.781731
1244.566895	472.064270	42.451550	35.781731
1244.566895	472.064270	42.451550	35.781731
1244.566895	472.064270	42.451550	35.781731
1244.566895	472.064270	42.451550	35.781731
1244.566895	472.064270	42.451550	35.781731
1244.566895	472.064270	42.451550	35.781731
1244.566895	472.064270	42.451550	35.781731
1244.566895	472.064270	42.451550	35.781731
1137.546509	461.828247	32.301083	27.187269
1137.546509	461.828247	32.301083	27.187269
1137.546509	461.828247	32.301083	27.187269
1137.546509	461.828247	32.301083	27.187269
1069.792358	392.041077	36.943512	35.278141
1084.727905	397.112457	35.244335	35.345287
1084.727905	397.112457	35.244335	35.345287
1113.957153	404.362549	35.116531	35.857601
1066.036743	327.084595	35.184166	46.657242
1142.390869	412.802216	37.086952	35.109818
1156.893433	415.644440	35.836193	34.975811
1106.129761	340.665527	30.304678	43.917999
1184.654419	421.098572	38.173149	36.214504
1199.500366	421.003662	37.201645	36.323135
1209.326294	421.187805	38.394878	35.632103
1216.998779	415.591370	37.820339	35.135761
1224.135986	406.524933	38.499447	35.300457
1231.290649	396.022339	37.465202	34.664970
1234.661377	384.057678	39.338200	35.039143
1239.860840	372.243958	38.011475	35.232891
1243.381470	361.193756	36.905159	33.360447
1240.951050	344.127197	39.491779	32.940807
1228.360229	318.547180	38.936523	31.660904
1210.057495	286.844055	38.856781	30.313101
1182.551270	250.408508	38.166412	29.951546
1144.463013	209.406830	37.845257	28.684105
1100.508179	168.789917	37.814999	27.708235
1053.890381	131.641357	35.948250	26.286453
1002.203064	96.084587	36.095509	26.359730
952.276001	67.581108	36.068714	24.636583
905.716614	42.350525	34.186890	25.241520
862.084839	21.735672	34.298031	25.187071
838.298523	8.973723	34.350220	25.610521
833.845947	2.216694	33.857334	25.558525
832.362915	-3.020972	33.159142	26.192945
830.169067	-5.212704	33.148861	23.018883
