0.107976
0.065032
0.063078
0.063737
0.063624
0.063724
0.063803
0.064291
0.061709
0.062016
0.063853
0.063583
0.061917
0.063900
0.063415
0.063472
0.063035
0.062990
0.063205
0.061584
0.069464
0.062951
0.061000
0.060871
0.063022
0.064591
0.061054
0.065016
0.063279
0.062596
0.061028
0.062953
0.063016
0.062720
0.062398
0.062957
0.063415
0.063378
0.063152
0.063072
0.073627
0.062966
0.063082
0.061147
0.063172
0.063011
0.062934
0.062690
0.062829
0.063139
0.064391
0.064522
0.064710
0.064516
0.065029
0.064434
0.064613
0.064133
0.063855
0.062357
0.076226
0.063159
0.064271
0.064698
0.062550
0.063766
0.064038
0.063425
0.063620
0.063733
0.063601
0.063538
0.063632
0.064195
0.062227
0.064162
0.063985
0.065575
0.062209
0.064448
0.075803
0.064604
0.064262
0.063751
0.061683
0.063637
0.063927
0.061866
0.063558
0.063747
0.064862
0.062160
0.063814
0.063621
0.063467
0.063655
0.063445
0.063964
0.063909
0.061919
0.075580
0.063441
0.065122
0.064038
0.062128
0.061823
0.063725
0.063678
0.065081
0.064674
0.065339
0.065140
0.066830
0.061695
0.067229
0.065048
0.065550
0.064503
0.064672
0.064502
0.074085
0.065500
0.064723
0.062722
0.064022
0.067720
0.064484
0.064697
0.062457
0.064363
0.064166
0.063596
0.064634
0.064950
0.062149
0.064253
0.062197
0.066667
0.063468
0.066915
0.076431
0.062686
0.064996
0.064711
0.068276
0.068396
0.062829
0.064790
0.064636
0.062679
0.064586
0.063898
0.064679
0.065201
0.064383
0.064317
0.064961
0.064891
0.064156
0.064233
0.075650
0.062609
0.063986
0.065384
0.063334
0.062873
0.064529
0.062593
0.063244
0.064910
0.064184
0.065391
0.064549
0.064846
0.064746
0.064991
0.065816
0.062868
0.062868
0.062772
0.074431
0.062739
0.064321
0.064719
0.062629
0.064767
0.065171
0.064700
0.065750
0.064667
0.062283
0.064324
0.064857
0.062453
0.064051
0.062566
0.064248
0.062970
0.065434
0.063112
0.076210
0.065661
0.062895
0.063040
0.063834
0.064632
0.062653
0.063903
0.064133
0.064468
0.065148
0.064525
0.064264
0.065606
0.064419
0.062406
0.065271
0.062538
0.064918
0.064311
0.075591
0.064524
0.065028
0.062271
0.064207
0.062926
0.063004
0.064415
0.063931
0.062930
0.063029
0.060879
0.062479
0.062821
0.061579
0.062858
0.062638
0.062542
0.064349
0.060977
0.073389
0.062653
0.060483
0.060627
0.062716
0.061003
0.062889
0.064615
0.064823
0.063122
0.064840
0.063573
0.065309
0.065891
0.064907
0.064417
0.064032
0.064533
0.064861
0.064255
0.073595
0.062671
0.064259
0.063424
0.065274
0.064296
0.062264
0.062402
0.064112
0.062838
0.063777
0.063927
0.062299
0.064217
0.063936
0.064345
0.065039
0.064149
0.062385
0.065214
0.076232
0.064979
0.065876
0.064652
0.062739
0.064894
0.064426
0.064695
0.066615
0.064867
0.061977
0.061106
0.061085
0.063233
0.064481
0.060985
0.063612
0.061718
0.063482
0.063534
0.076724
0.063752
0.063062
0.061514
0.063243
0.063488
0.064568
0.061153
0.063859
0.066217
0.043199
0.042362
0.040694
0.043044
0.062134
0.061014
0.042753
0.042722
0.040982
0.063023
0.046057
0.040729
0.042323
0.040955
0.040939
0.042625
0.041013
0.042423
0.064136
0.063487
0.063484
0.043754
0.043244
0.043623
0.043498
0.043477
0.042024
0.064471
0.064819
0.064181
0.049449
0.062224
0.043447
0.063936
0.043461
0.043482
0.062623
0.043238
0.041808
0.043376
0.042139
0.041242
0.042668
0.042747
0.042876
0.042874
0.040900
0.041059
0.043707
0.042178
0.047894
0.043824
0.042179
0.042256
0.043256
0.040169
0.043169
0.041876
0.042575
0.042925
0.040492
0.039984
0.040461
0.062831
0.064263
0.066376
0.066789
0.067346
0.065449
0.067583
0.071243
0.067330
0.066954
0.063446
0.061381
0.063883
0.063888
0.062593
0.061549
0.062492
0.062874
0.062443
0.060977
0.042127
0.042202
0.043723
0.042078
0.042093
0.043701
0.043615
0.049081
0.042957
0.022225
0.022948
0.020846
0.020862
0.023119
0.020790
0.022408
0.022191
0.020488
0.021002
0.022011
0.021993
0.022213
0.022263
0.022228
0.020490
0.042799
0.046327
0.048308
0.043866
0.043137
0.042969
0.046021
0.043055
0.042808
0.045151
0.046357
0.043650
0.063479
0.067065
0.062054
0.064170
0.064131
0.065260
0.064395
0.064202
0.067672
0.064735
0.074656
0.065760
0.064526
0.064728
0.062864
0.064150
0.062866
0.066165
0.062819
0.064722
0.064767
0.064424
0.066006
0.044244
0.064236
0.043292
0.064456
0.064621
0.065958
0.069785
0.073892
0.041935
0.062957
0.064507
0.043980
0.066070
0.064677
0.041635
0.064422
0.043691
0.041733
0.043598
0.043551
0.042781
0.062689
0.043504
0.064315
0.064260
0.043338
0.043795
0.051064
0.043254
0.043279
0.044386
0.043426
0.043652
0.041788
0.041626
0.043694
0.043780
0.041716
0.041858
0.043797
0.041470
0.041664
0.043866
0.043575
0.043882
0.041835
0.041847
0.049149
0.043603
0.043789
0.064601
0.043724
0.041623
0.043389
0.043710
0.043423
0.043614
0.043469
0.043522
0.065078
0.060906
0.062641
0.066380
0.066907
0.066437
0.066555
0.063598
0.073991
0.062785
0.062574
0.067852
0.066621
0.068048
0.066357
0.066177
0.061379
0.063539
