0.098144
0.063639
0.062025
0.064191
0.062328
0.062368
0.062672
0.062617
0.062295
0.061735
0.063497
0.063322
0.064674
0.064902
0.061323
0.070086
0.069357
0.061193
0.061029
0.062819
0.067208
0.066537
0.062994
0.063623
0.064004
0.064199
0.061337
0.064333
0.063356
0.062574
0.065802
0.062985
0.062935
0.060984
0.063579
0.040169
0.068549
0.061476
0.065013
0.064478
0.074111
0.061628
0.066086
0.065847
0.062011
0.065978
0.067424
0.066075
0.062136
0.063068
0.062613
0.064263
0.064803
0.065839
0.065525
0.064334
0.062385
0.064527
0.068945
0.065663
0.076095
0.065292
0.064815
0.066081
0.066779
0.069777
0.099711
0.085015
0.073173
0.063497
0.061644
0.085150
0.089692
0.065340
0.068156
0.068650
0.069036
0.068687
0.086458
0.087250
0.077357
0.073009
0.068676
0.065254
0.064327
0.063214
0.063869
0.065454
0.063156
0.065883
0.063721
0.063090
0.064626
0.064306
0.074145
0.062863
0.065775
0.062383
0.061913
0.061188
0.076336
0.063930
0.063763
0.064876
0.062084
0.064085
0.063876
0.063502
0.068551
0.068770
0.062378
0.062066
0.063450
0.069616
0.065160
0.071094
0.063921
0.064225
0.063190
0.064824
0.075250
0.063214
0.065965
0.063970
0.063490
0.063485
0.063216
0.067673
0.063667
0.063469
0.063572
0.062105
0.064244
0.064308
0.062275
0.064417
0.041954
0.041462
0.064440
0.064245
0.048120
0.041532
0.064116
0.043411
0.041448
0.064415
0.063935
0.064526
0.064295
0.062968
0.066004
0.063890
0.067706
0.066875
0.063503
0.063821
0.070517
0.063551
0.066937
0.061953
0.075597
0.062411
0.066208
0.063956
0.063500
0.068398
0.069375
0.068005
0.072335
0.066437
0.062944
0.068195
0.066450
0.064006
0.062543
0.065969
0.063900
0.065150
0.063237
0.060790
0.074333
0.066450
0.066072
0.064475
0.064551
0.064728
0.064450
0.068823
0.065010
0.064502
0.064360
0.064755
0.066199
0.065278
0.066226
0.062421
0.064259
0.064503
0.065557
0.064054
0.077555
0.064906
0.064700
0.065230
0.062604
0.063007
0.061405
0.062735
0.062855
0.062889
0.062771
0.063011
0.063725
0.063055
0.063390
0.060558
0.063047
0.060637
0.073245
0.066173
0.075676
0.064893
0.068671
0.062693
0.065377
0.064407
0.064763
0.065867
0.062318
0.066757
0.066719
0.065918
0.064526
0.063643
0.061830
0.061847
0.067363
0.062109
0.065887
0.066031
0.077558
0.066075
0.062143
0.064275
0.065971
0.063777
0.061807
0.070103
0.066077
0.062531
0.062866
0.064517
0.062305
0.062695
0.040317
0.040241
0.041918
0.040059
0.040110
0.041785
0.047791
0.041995
0.042034
0.041576
0.041527
0.043282
0.042722
0.042168
0.043637
0.042146
0.043004
0.043519
0.041959
0.060639
0.041884
0.062914
0.043147
0.044549
0.063811
0.044230
0.048496
0.051157
0.042207
0.041566
0.041584
0.048818
0.043792
0.044495
0.043356
0.044851
0.042544
0.044553
0.067825
0.065352
0.043810
0.066825
0.065660
0.063838
0.061050
0.062086
0.074986
0.067312
0.065238
0.061686
0.063560
0.065466
0.063878
0.064057
0.067237
0.065030
0.064504
0.064840
0.065117
0.064318
0.062345
0.064541
0.062454
0.043682
0.042900
0.063711
0.075206
0.063865
0.061573
0.063878
0.062045
0.068245
0.062045
0.064304
0.063201
0.063017
0.063172
0.062829
0.060815
0.063577
0.062751
0.063166
0.062464
0.062718
0.064368
0.060848
0.074224
0.063717
0.061014
0.062708
0.062642
0.060272
0.063238
0.062606
0.063072
0.062842
0.062806
0.062023
0.063247
0.063364
0.064369
0.062840
0.069937
0.065963
0.063275
0.063311
0.073969
0.062222
0.068441
0.066438
0.046852
0.065928
0.045079
0.064812
0.067272
0.066653
0.064879
0.065812
0.070773
0.062865
0.062597
0.063825
0.062128
0.063883
0.060663
0.066247
0.071877
0.062862
0.066546
0.063135
0.062699
0.064152
0.066185
0.067280
0.065963
0.065863
0.065001
0.066143
0.061360
0.062916
0.063023
0.045929
0.041950
0.044856
0.062618
0.066245
0.071756
0.065779
0.062839
0.064689
0.066874
0.060875
0.065997
0.060702
0.065985
0.063962
0.065881
0.062545
0.062154
0.062722
0.060466
0.062308
0.062703
0.064603
0.065871
0.063414
0.069153
0.062568
0.063749
0.066075
0.062830
0.060928
0.061063
0.062399
0.062369
0.062309
0.062044
0.063079
0.062497
0.042041
0.060783
0.063225
0.062526
0.062869
0.062658
0.062539
0.071283
0.060562
0.062498
0.064314
0.063105
0.062624
0.060430
0.061144
0.060952
0.061090
0.060925
0.062510
0.060681
0.060617
0.062922
0.060802
0.060872
0.061599
0.063838
0.064319
0.074352
0.063418
0.063876
0.066366
0.066820
0.063329
0.063249
0.064654
0.064019
0.065479
0.063383
0.062614
0.064207
0.064440
0.062762
0.066977
0.065615
0.065182
0.062742
0.063748
0.077625
0.065208
0.065688
0.065430
0.064970
0.063545
0.063155
0.065234
0.063318
0.064963
0.065027
0.064807
0.065888
0.064646
0.064450
0.069350
0.066264
0.066245
0.063138
0.065114
0.072034
0.064883
0.062946
0.065498
0.068014
0.064986
0.064831
0.068048
0.064849
