0.094658
0.064756
0.063659
0.065966
0.066868
0.065790
0.065666
0.065507
0.064915
0.065384
0.063721
0.065674
0.065886
0.064006
0.067546
0.073238
0.072261
0.073358
0.069189
0.069170
0.071458
0.069290
0.064426
0.064384
0.065907
0.066467
0.066447
0.067427
0.064135
0.066434
0.073425
0.065502
0.067077
0.066944
0.071699
0.065853
0.064469
0.064764
0.064520
0.064874
0.073647
0.068447
0.072985
0.070034
0.077394
0.064471
0.074809
0.065363
0.066403
0.066313
0.065933
0.062563
0.064101
0.065948
0.067330
0.062872
0.073238
0.069642
0.063462
0.061283
0.078820
0.063954
0.064420
0.063308
0.062663
0.062426
0.062495
0.063899
0.063888
0.066787
0.067435
0.064032
0.077756
0.064486
0.063479
0.068019
0.064219
0.072218
0.061705
0.063131
0.076194
0.063592
0.088078
0.066575
0.061136
0.062484
0.062527
0.084666
0.067409
0.064147
0.060996
0.064948
0.063386
0.063073
0.063355
0.062756
0.062742
0.062608
0.062892
0.062421
0.074089
0.065933
0.065793
0.065888
0.065764
0.062555
0.065637
0.065790
0.062921
0.062689
0.042394
0.064208
0.071593
0.063727
0.066539
0.063039
0.067406
0.063788
0.068065
0.067935
0.073087
0.063205
0.062819
0.063495
0.063293
0.063437
0.063095
0.062324
0.062809
0.062617
0.062506
0.063092
0.063965
0.061567
0.063241
0.063079
0.061089
0.062921
0.063730
0.063755
0.075037
0.063130
0.062639
0.062835
0.064516
0.064745
0.089583
0.063774
0.063151
0.062626
0.063396
0.062876
0.060802
0.061562
0.062810
0.062898
0.062344
0.062879
0.060646
0.061925
0.072053
0.062935
0.062440
0.062472
0.063218
0.063159
0.061161
0.062336
0.062690
0.060210
0.063359
0.061816
0.063953
0.065994
0.065863
0.062510
0.066257
0.061013
0.060935
0.062972
0.074056
0.062779
0.065791
0.063293
0.063366
0.064602
0.061543
0.064034
0.063502
0.063696
0.063310
0.063530
0.063933
0.061634
0.063307
0.061022
0.062939
0.062823
0.063250
0.061599
0.074215
0.060899
0.062849
0.062577
0.060752
0.063145
0.063475
0.061424
0.063762
0.063494
0.061249
0.061502
0.064423
0.061177
0.062969
0.063633
0.063710
0.063912
0.063192
0.063132
0.074503
0.063868
0.061557
0.063325
0.064470
0.062264
0.063048
0.063220
0.062990
0.063351
0.063624
0.063651
0.064858
0.064487
0.062510
0.062156
0.064481
0.063920
0.065435
0.063675
0.075674
0.066277
0.063155
0.063052
0.062506
0.063251
0.066839
0.064647
0.064469
0.065019
0.062159
0.069657
0.068222
0.061265
0.063625
0.063137
0.060957
0.065956
0.063870
0.063754
0.074685
0.066942
0.069976
0.059934
0.063387
0.067281
0.064025
0.064220
0.068288
0.067310
0.066699
0.074334
0.063828
0.062614
0.068859
0.063276
0.062865
0.063754
0.043154
0.062570
0.074591
0.063059
0.066259
0.065513
0.064082
0.063374
0.062861
0.063370
0.063869
0.069556
0.061690
0.064390
0.069099
0.065573
0.065806
0.065707
0.071889
0.070155
0.069402
0.069827
0.074656
0.081744
0.063573
0.068297
0.082540
0.068586
0.070259
0.083110
0.082940
0.084186
0.083785
0.083333
0.075089
0.063653
0.063939
0.062791
0.062614
0.066071
0.066609
0.063076
0.071491
0.062387
0.063458
0.065079
0.063161
0.064154
0.064839
0.064863
0.063191
0.062521
0.064326
0.063642
0.063409
0.063525
0.064261
0.064048
0.063737
0.064866
0.064139
0.064428
0.077821
0.064482
0.064438
0.064383
0.063900
0.063811
0.063658
0.063491
0.061606
0.063633
0.062794
0.062829
0.061450
0.065382
0.062016
0.061954
0.063685
0.065646
0.065971
0.062558
0.072628
0.063326
0.064789
0.061403
0.061363
0.063821
0.065319
0.062419
0.065288
0.064808
0.064630
0.066580
0.063000
0.063837
0.064203
0.064639
0.063303
0.063195
0.063029
0.062999
0.076097
0.061347
0.063207
0.062747
0.062652
0.062922
0.063048
0.064757
0.063546
0.063722
0.063800
0.063097
0.062993
0.064648
0.061544
0.063362
0.063092
0.063390
0.063033
0.062761
0.075023
0.062997
0.062661
0.062904
0.063047
0.063267
0.065829
0.063091
0.062663
0.062768
0.062434
0.062533
0.062845
0.063034
0.060472
0.065858
0.062871
0.062518
0.062531
0.066845
0.066050
0.066015
0.064373
0.065042
0.064300
0.064814
0.062778
0.064276
0.064509
0.064552
0.064398
0.064312
0.065401
0.065142
0.064453
0.064476
0.064131
0.064017
0.065065
0.064075
0.075477
0.064514
0.064100
0.062358
0.065306
0.064714
0.063352
0.064220
0.063734
0.063871
0.064656
0.063384
0.064698
0.064720
0.064928
0.065532
0.065986
0.066557
0.065401
0.072037
0.086696
0.069806
0.068799
0.081254
0.068135
0.072096
0.065558
0.063883
0.070945
0.064595
0.070562
0.068771
0.067359
0.064142
0.072454
0.070694
0.070541
0.064603
0.067914
0.065983
0.066395
0.066333
0.072211
0.067251
0.070174
0.060811
0.064544
0.063818
0.063191
0.060808
0.066582
0.067309
0.061843
0.065465
0.063616
0.066666
0.067737
0.067559
0.066763
0.066637
0.075159
0.063045
0.063102
0.063070
0.063753
0.064876
0.066145
0.067598
0.061945
0.065096
0.067380
0.063855
0.066435
0.065918
0.064879
0.064642
0.064091
0.072963
0.071040
0.065350
0.080130
0.068619
0.070684
0.087620
0.087317
0.079355
0.081416
0.080603
0.083853
0.084402
0.071820
0.063809
0.064534
0.071274
