706.000000	306.000000	11.000000	20.000000
707.884277	305.861237	10.127718	21.567709
707.647827	305.225616	10.510190	21.720869
708.065979	304.499542	10.483019	21.618975
708.513550	304.745667	9.723646	20.943415
708.346558	303.493835	10.145601	21.711031
708.617493	302.750824	10.116585	22.043081
709.028076	302.130890	9.966761	22.267092
708.846924	301.739990	10.305481	21.856003
709.788818	301.816162	9.021604	21.201752
710.132690	300.970886	8.943023	21.567780
709.457581	300.214661	9.985259	22.262068
710.015259	299.557709	9.224164	22.634150
709.702698	299.387512	9.663739	21.744703
709.800659	298.420593	9.416816	22.053740
709.577209	298.431488	9.616339	21.836428
709.623169	297.302063	9.345005	22.897440
709.317932	296.407074	9.568469	23.659594
709.163635	297.059692	9.442853	22.595476
709.337463	296.228058	10.136447	22.629616
709.466370	296.246643	9.689977	22.086945
708.900391	294.875214	10.398556	22.645464
708.680603	294.416473	9.683825	22.626549
708.777039	293.825043	10.431917	22.262228
708.054199	293.165253	10.346553	22.540424
707.695740	291.697968	11.733343	22.828802
707.233398	292.103638	11.532849	20.577232
707.614746	292.029114	10.844599	21.171652
707.280212	291.298309	11.241119	21.212650
707.322266	290.044617	10.831036	23.000544
707.068726	290.725464	10.689534	22.091583
707.090149	290.408600	11.722565	21.334524
706.907227	289.805786	11.033695	22.282467
707.172485	289.192047	11.332565	22.288101
707.197327	289.126282	10.888809	21.659407
707.357117	288.453125	10.731433	22.518570
707.241272	288.439514	10.347064	21.562023
707.219482	288.608368	10.186442	21.037539
706.880737	287.510681	10.359228	21.852415
707.404968	287.970123	9.225789	20.648993
707.348938	286.932068	9.714347	20.773773
707.229797	287.656799	9.885920	18.451303
706.771851	286.911438	10.159216	19.742159
706.921021	286.743134	9.902075	19.468039
707.230835	286.210693	9.894469	19.434614
707.485535	285.629395	9.724256	19.750359
707.131348	285.255035	9.825306	21.033182
707.947693	284.583954	8.966782	22.741909
707.127808	284.603424	10.175290	22.016727
707.414490	284.320953	9.642110	22.139488
707.045837	283.887512	9.672674	21.805496
707.157410	283.463684	9.546778	22.135231
707.049988	283.636597	10.497313	21.188728
706.624390	283.220062	9.818040	20.195728
706.710205	282.897614	10.159399	20.393009
705.475769	281.905182	10.269355	20.557617
705.486084	282.610077	11.914851	18.880600
704.729065	282.069183	10.470000	19.373549
704.295654	281.253143	11.192672	20.081652
704.341370	280.713959	11.384772	20.496319
704.327026	280.472717	11.070015	20.637081
704.424683	280.667664	10.802806	19.641586
704.982605	280.715912	11.337526	18.937119
704.904724	279.991272	10.261851	20.707855
704.503235	279.676544	10.823526	22.721718
704.650391	279.219055	10.542300	22.478201
705.051941	279.003876	10.312391	19.967999
704.364624	278.535217	9.805045	19.980972
704.345825	278.034973	10.398724	22.292429
704.931885	278.281403	9.277219	20.176897
704.471252	278.284271	9.359904	18.733992
704.510681	277.712860	9.511525	19.218403
704.251526	278.072266	10.005810	20.164797
704.619690	277.406799	9.674906	19.280914
703.734131	277.472046	9.872128	20.505146
703.713379	277.136414	10.079364	20.416475
703.647400	276.433228	9.885828	21.018721
703.678040	275.964508	9.844301	20.110306
703.177185	276.253632	9.624894	18.431152
703.291626	275.207794	10.035870	20.364882
702.866699	275.923645	10.522173	20.042624
702.336975	275.290039	10.297381	19.999132
702.749451	276.173706	9.923267	17.293047
702.396667	275.064209	10.020207	18.374769
702.083740	274.939758	9.814754	18.170429
701.718140	274.275818	10.247416	18.714785
700.984253	274.124695	10.404812	18.458998
700.862915	273.735199	9.960237	19.180239
700.698059	273.387970	9.993250	20.133429
700.390076	273.076843	10.200368	19.916105
700.757385	273.335083	9.707394	18.709606
700.548340	273.430878	9.169040	18.419703
700.265076	272.852600	9.248056	19.324734
699.828613	273.388885	9.536825	17.986206
698.998474	272.879059	10.510278	21.035828
698.866577	272.142548	10.734523	18.558737
698.950500	272.107727	10.301600	22.033001
698.142517	271.852814	10.714638	19.253149
698.576660	271.553162	9.996863	18.963030
698.313354	271.609680	10.548327	21.005007
697.615295	272.344238	11.287897	21.079449
697.574524	271.424591	10.745643	19.424097
697.146301	271.223358	9.894531	18.490841
697.197144	271.125244	9.562169	17.986099
697.339844	271.352814	8.730691	17.037682
696.908813	271.246063	9.601099	17.206118
696.218445	270.979553	9.956372	17.408875
695.677002	270.643188	9.868167	17.279493
695.504944	270.391113	9.657615	16.791540
694.940125	270.570679	10.114390	16.663666
693.705200	269.567108	11.000272	17.817766
693.591064	270.151398	10.782190	16.726852
693.783569	269.200531	10.218566	17.145874
693.333557	268.793762	10.114597	17.832861
693.858154	268.792328	9.450250	17.650007
692.922180	269.172028	9.929498	19.171078
692.179260	269.105469	10.427875	19.561220
692.422729	269.493042	10.198678	19.207350
692.180786	267.248749	9.845516	18.385784
691.799316	267.772339	9.862976	19.081636
691.564026	266.912018	10.106438	19.701223
691.418213	267.458496	10.050981	18.014559
691.268799	266.743958	9.593090	17.668060
691.073303	266.734314	9.293557	18.534149
690.825012	266.175751	9.628686	19.394316
690.598328	265.625519	10.189835	19.957935
690.319641	265.710449	9.573454	19.330154
690.009949	265.534912	9.979888	19.476646
690.225464	265.289246	9.766583	18.884264
689.693115	265.076843	9.902881	19.217993
690.257812	267.252533	8.987719	19.625671
689.613586	266.912750	9.573936	18.983969
689.195068	266.769073	9.324036	17.992935
689.158142	266.680847	9.702614	19.429461
688.686584	266.641144	9.684794	19.050875
688.300232	265.232697	10.042011	17.949032
687.673767	264.430298	9.920918	18.320196
687.985474	265.906677	9.597091	19.435614
688.104004	265.916901	9.366643	19.851669
687.357361	265.991821	9.968142	19.595245
686.936401	265.344147	10.112423	20.561670
686.647034	265.622192	10.141435	19.912867
686.765381	264.953094	10.335388	21.446941
686.227783	265.199036	10.636896	22.167685
685.901978	265.480499	10.333053	21.145849
685.852722	265.132263	10.483197	21.928141
685.767334	265.149048	10.132411	21.138445
685.223816	264.553711	10.853781	22.094973
684.708618	264.584534	10.402335	20.947130
684.684326	264.056519	10.470092	21.794395
684.036438	264.334290	10.550873	21.743717
683.613098	264.028015	10.192382	21.043243
683.134399	263.979126	10.590631	20.133312
682.393738	264.145538	10.438728	19.503548
682.261597	264.218018	10.193909	18.290009
682.111389	264.237854	10.392152	18.989740
681.910889	263.266907	9.856134	18.706535
681.612488	263.763397	10.289189	18.426062
681.540344	263.838715	10.170932	18.535637
681.675171	263.791412	10.158551	18.668705
680.991150	263.486816	10.349733	18.999556
681.331055	263.484680	10.011050	18.358700
681.061768	263.348724	10.109101	19.354576
681.091492	262.792664	9.834106	20.544327
681.033691	262.663849	9.666904	21.138620
681.221069	262.588226	9.057305	19.841730
680.881165	262.073120	9.138580	20.632757
681.552734	262.391724	8.300842	20.697712
681.376099	262.699615	8.351972	20.161009
680.351929	260.216888	9.183527	19.443899
680.616516	262.610138	9.018921	18.097485
681.216125	262.626465	8.316941	19.214279
681.353577	262.074127	8.247031	20.084890
680.713501	261.709534	8.891759	19.457874
680.794067	262.038879	8.913337	18.311159
680.569519	260.934753	8.425829	18.172304
680.354980	260.965393	8.614724	16.984446
680.166016	260.643036	8.765704	19.146986
680.809753	261.555939	8.422034	17.712791
681.150024	261.706665	8.136494	16.661718
680.469055	261.606384	8.307795	16.172291
680.456543	261.541199	8.566199	16.478264
680.292419	261.739349	8.435980	16.522535
680.398804	261.548309	8.315947	16.329481
680.212097	260.895111	8.696414	16.712528
680.192932	261.217621	8.613119	16.224367
680.394958	261.311859	8.317532	16.159086
680.465149	260.941101	8.516969	16.085964
680.602783	261.146759	8.671494	17.003662
680.821777	261.315857	8.098866	16.352173
681.141846	260.961212	8.503683	16.331133
681.119019	260.815674	8.987810	17.565231
681.441650	260.045288	8.580919	18.100685
681.613037	260.391205	8.818137	17.562120
681.897888	260.302917	8.885132	18.697998
681.632385	259.321747	9.392488	19.462032
682.048157	260.785309	11.370776	22.783104
682.288757	260.107086	11.522612	21.527855
682.261414	260.468353	9.709823	20.731083
682.443848	259.409637	9.979881	19.949661
682.859802	259.620728	9.099932	18.288906
683.346619	260.361725	11.388028	22.181185
682.751343	258.880249	10.224135	19.021555
683.210327	258.891296	10.258700	20.816580
683.547363	259.234009	9.127599	18.971159
684.008606	261.332458	10.419485	21.405441
684.020752	261.280212	11.420376	22.294956
684.543335	261.798431	10.685481	22.476208
684.972717	261.578400	10.365993	22.673092
685.236206	261.119049	10.275237	22.743078
685.388306	260.642761	10.393036	22.579519
686.182800	260.319061	10.733751	22.966879
685.917236	261.279266	9.586880	22.327852
685.714294	261.154480	11.319515	23.071516
686.437073	261.602264	8.548314	21.712593
685.751038	261.584961	9.247564	21.671593
685.719849	261.856720	8.889873	21.021572
685.298401	261.583008	9.265210	20.544519
684.973450	261.778259	9.999413	21.607548
685.020691	261.204437	9.463965	21.180458
684.538086	260.960724	9.549122	19.966816
684.345459	261.618805	10.230774	20.904402
684.431641	261.551697	9.130530	19.277597
684.029297	261.815308	8.943058	18.169991
683.930420	261.721252	9.141709	18.032087
683.838928	261.427490	9.425104	18.502468
683.774231	261.511353	8.878560	19.003143
684.547913	261.714661	8.645257	19.583189
684.766235	261.636780	8.420912	20.390640
684.844666	261.718842	9.501833	21.090216
684.952515	262.033356	8.768454	21.281887
684.844604	261.531189	10.511999	22.283319
685.429443	261.962952	8.754361	22.365782
685.047058	261.762817	8.970014	21.884516
684.664185	262.321289	9.156772	21.903301
685.275269	262.042236	8.459318	22.055321
685.455078	262.304413	8.515255	22.989122
685.016541	260.526855	9.442223	22.073217
685.017029	260.883575	10.050875	20.296394
686.331604	262.400238	8.828686	21.601789
685.634338	261.649933	9.481740	20.469482
686.023193	262.942383	8.956000	20.233088
686.733032	262.499237	8.985737	20.512886
686.118225	262.795471	8.945483	20.537704
685.639893	262.033813	9.482236	20.671923
685.958252	262.512878	9.067481	19.883331
686.385254	262.895966	8.714390	19.714426
686.209229	262.413177	8.429169	20.427059
686.014893	263.219391	9.379406	19.723270
686.538269	263.561066	9.155198	19.868835
687.075928	264.868652	8.982856	19.846573
687.725098	265.245087	8.117393	19.505749
687.868652	264.967590	9.287864	19.880545
687.515503	265.687622	9.177886	19.720570
688.090393	265.408997	9.025600	20.286619
687.923645	266.165955	8.631721	20.005150
688.130310	265.735657	9.213382	20.437561
688.708923	266.950623	8.567694	20.256208
688.799133	266.507935	9.878756	21.136532
689.057800	266.219177	9.203704	21.582958
689.100464	268.171967	8.646141	19.881081
689.116089	267.185974	9.301909	21.086960
689.399048	268.312164	10.354074	20.517984
690.088196	269.098236	9.614888	20.656176
689.695312	268.275024	10.087108	20.751785
690.124023	268.919434	9.652460	20.449800
689.881653	269.149902	10.230645	20.609158
690.443787	269.249451	10.139933	21.335201
690.448975	269.846832	9.986014	20.632900
690.939270	270.487976	9.398003	20.038040
690.564575	270.628082	9.901814	20.695553
690.801758	271.446686	10.261715	20.621811
690.991028	271.243896	10.438199	19.969767
690.768127	271.649292	10.606009	19.950346
691.016602	271.717865	10.193875	20.592615
691.329712	272.073669	10.230332	20.314529
691.877075	272.353668	9.804840	20.241777
691.424866	272.334076	9.497553	20.438457
691.761536	272.921997	9.653279	20.359463
692.562256	273.363831	9.432277	20.156660
693.132935	273.484924	8.812198	20.032526
693.138428	273.779480	8.855316	20.075142
693.103210	273.798553	9.096581	20.305559
694.055115	274.141724	8.254287	20.460934
693.904541	274.443420	9.549891	20.480570
694.157227	274.797211	9.036180	20.530090
694.354248	274.379395	8.089829	20.802225
694.017578	274.393982	8.972570	21.182966
694.745667	275.955383	9.505324	20.435959
694.914551	275.539795	8.501664	20.807644
695.074097	275.983582	9.080006	20.233574
695.365356	275.687225	9.271546	20.973635
695.217346	275.998444	9.617274	20.529600
695.639893	276.577850	9.478666	19.858290
695.718140	276.660431	9.357275	20.179958
695.933655	276.412079	9.138033	20.653776
696.106934	276.547241	9.059766	21.095131
696.586609	276.988495	9.173182	21.166965
696.733582	277.336060	9.530152	21.274622
696.095703	276.643036	9.760589	21.894773
696.296509	277.260468	9.468524	21.172367
696.717834	277.120117	9.317382	20.763594
696.579407	276.887756	10.053778	21.578302
696.841614	277.617493	9.895880	21.171282
697.234375	277.703918	9.283103	20.503529
696.813354	277.763580	9.767540	20.596788
696.839905	277.469788	10.241981	21.078667
697.047913	277.948181	10.590037	21.140215
697.163635	277.787720	10.082830	21.245554
697.183044	278.109833	9.899643	20.672716
697.699707	278.502472	9.675788	20.048367
697.623169	278.329651	10.317528	20.446213
697.861694	278.471680	9.217004	20.489702
697.893311	278.722595	9.573472	19.857025
697.708740	278.373657	11.031149	20.399395
697.790771	277.838745	10.759261	20.674191
697.755127	278.226166	11.072824	20.628969
698.253174	277.804810	10.297786	20.768476
698.145752	278.159668	10.293590	20.582155
698.737549	278.536163	9.915220	19.959814
698.745117	278.302582	9.701749	20.776968
698.774353	278.455902	10.369087	20.113428
699.008240	278.444489	9.413760	19.745752
698.564087	278.653137	9.871155	19.216970
698.674927	278.635376	10.075535	19.556759
698.566101	278.624268	10.275591	19.393538
698.689514	278.600098	10.262405	19.579102
698.624512	278.788849	10.498744	19.589876
698.749451	278.328796	10.072212	20.374935
698.310364	278.608765	11.010368	20.242805
698.034607	278.279968	10.378182	20.703239
697.579163	278.615875	10.179775	19.066547
697.318298	279.059692	10.434242	18.570269
697.207458	279.161682	10.960550	20.209030
696.540039	278.896851	10.804859	19.872208
696.532227	279.065979	11.220998	19.473782
695.604370	279.806000	10.455998	18.963257
694.675476	280.399719	10.843426	17.855869
694.778564	280.419434	11.129798	18.407860
694.727478	280.514771	11.570455	18.496582
694.424194	280.905914	10.786485	18.913960
694.299927	280.882477	12.328080	19.409061
693.498535	281.027954	12.467693	19.410833
692.799622	280.621521	13.130363	19.862228
692.482361	281.536896	12.495364	18.435846
692.975952	281.615936	12.584883	18.133467
692.494080	281.651215	12.855692	18.633953
692.567444	281.814209	13.059022	18.592936
693.192261	281.799194	12.603618	19.377913
693.481262	281.401123	11.920713	20.541689
693.491638	281.682953	11.770962	21.689365
693.555847	281.737152	10.827380	21.219732
692.859192	282.488037	11.508139	19.494656
693.628113	282.349548	11.363487	20.416887
694.641479	282.722107	9.839243	20.253693
694.026184	282.320892	9.434994	20.546982
693.628418	282.194153	11.269424	20.112461
694.382874	283.427490	10.154854	18.103235
693.492859	283.133575	10.963972	20.085598
694.228271	283.458282	9.519864	19.658426
694.392517	283.094360	9.876958	20.640850
694.794373	283.349274	9.774107	20.784163
694.973450	283.416077	9.437126	20.185631
695.808289	283.012817	8.871890	21.135012
695.225159	283.416077	9.278534	21.095972
695.435547	283.544922	9.534298	20.225405
695.819946	283.101440	9.058293	21.247845
695.492004	283.651306	9.574023	20.576559
695.603394	283.790924	9.609008	18.723244
695.922913	284.352661	9.326128	17.456182
695.686462	284.021118	10.052852	18.817326
695.962952	284.357727	9.906034	17.764572
696.394470	284.277283	9.330217	20.476780
695.684326	284.708038	9.957193	19.790791
696.118042	284.570496	9.764198	19.952068
695.866333	284.690918	9.917741	19.729050
696.103271	284.562592	10.067419	20.578726
696.227539	284.059174	9.661199	20.805624
696.427307	284.535095	9.383922	19.337416
697.004639	285.248383	9.460042	19.031876
696.793213	284.729492	10.373432	18.729383
696.311096	285.107697	10.341109	19.224121
696.261230	284.869720	11.066869	18.767529
697.121216	285.406036	9.344831	17.272715
696.596802	285.635468	9.928600	17.489864
696.599182	284.948975	11.633636	18.772142
696.870117	285.694305	10.194900	17.559782
696.701416	285.390656	10.145793	18.878996
696.496277	286.034790	10.045794	19.241970
696.583679	285.279755	9.747729	18.821796
696.434204	285.324310	10.393154	19.098957
697.291443	285.779510	10.986686	18.280102
697.867676	286.008453	11.162333	18.077614
697.552673	285.883148	12.057911	18.402479
697.775574	286.002075	12.164309	18.077446
697.857056	285.674988	11.162732	19.132603
696.695984	285.107910	12.416570	19.824310
697.461304	285.270966	10.972468	19.466997
697.778076	285.512634	10.896395	19.275955
698.329102	286.049805	10.641015	18.633083
699.094604	285.960449	10.795873	17.983192
699.168518	285.981140	10.123396	18.298500
699.567505	285.456116	10.743569	20.584261
700.514099	285.881989	9.572467	18.349255
700.773987	286.268677	10.199888	18.134176
701.108887	285.674683	9.934874	18.923023
700.901672	286.297638	11.264806	18.341311
701.362000	286.290863	11.352119	18.405132
701.776794	287.168427	10.990025	17.362398
701.801208	287.252472	11.268232	17.223839
702.343506	286.859375	11.062042	18.211332
703.438538	287.204987	9.275534	17.733109
703.227295	287.225891	9.761603	18.327850
702.342834	287.245911	10.375576	17.666595
702.015503	287.394440	9.611306	17.781118
701.586182	287.300659	9.394898	18.092884
700.406311	287.722504	9.246509	16.924311
699.490723	288.156219	9.758410	16.497446
698.505798	287.300171	9.966893	17.354046
698.440308	287.979034	9.523714	18.537741
696.986267	287.076416	10.840506	20.265766
697.800903	288.644531	8.778758	21.538891
697.195740	287.737030	8.951578	21.974718
695.342407	286.915314	10.774091	20.922815
693.391724	287.362152	11.414335	20.640387
694.385620	286.593384	9.641839	23.874985
692.638977	287.083557	11.029287	21.072182
692.892822	287.181671	10.056726	22.335726
692.058228	288.073059	10.054582	26.776037
691.596191	288.542236	9.529395	26.996017
690.852295	287.877716	9.853568	22.115761
689.690063	289.380859	9.584806	24.119448
689.644104	288.359131	9.698839	24.069813
688.754944	287.625061	10.328528	26.690617
687.249268	287.311096	10.482686	24.801010
687.643982	287.664520	9.473339	25.044950
687.176392	289.036652	9.663419	24.743332
686.325745	288.448212	9.545941	21.618488
686.962646	289.844147	9.035957	22.562088
685.726257	288.771881	9.876494	24.749214
684.606628	288.460266	9.743937	24.443710
684.376404	288.603088	10.476030	26.087523
683.652100	287.658478	10.920000	27.901159
683.055908	287.818634	10.911938	29.056824
682.502014	288.510315	10.537277	28.042931
681.915039	289.087433	13.265241	35.962345
681.987061	288.061340	12.759382	35.244755
681.034119	288.129272	14.748316	40.402817
679.802429	287.885254	12.153349	29.759073
679.390686	288.785583	11.233716	23.437298
680.274475	290.751343	9.551805	20.046783
680.067566	291.156036	9.096648	19.404902
679.480347	291.912262	9.599063	19.780388
679.495850	291.612122	10.316072	22.246058
680.067383	291.877472	8.658587	20.910627
679.493347	291.987701	9.971398	21.065632
680.025513	292.505432	10.621334	25.894970
679.161438	291.331055	13.001266	27.656693
678.851990	290.805634	11.570414	23.281689
679.901672	292.059509	12.271317	29.092184
678.769348	292.868896	13.853206	29.466572
679.094177	292.627991	12.724750	27.408405
679.677917	293.923218	13.791207	30.788910
679.622375	293.031464	14.027346	28.252720
679.904419	294.078094	14.283680	30.853226
679.348267	292.560577	13.952312	31.006081
679.549500	293.116455	13.181622	28.754196
679.270569	294.388977	14.720614	32.355602
679.063965	293.916656	13.151448	28.980055
678.842346	294.086761	14.489852	31.998056
679.330383	294.319672	12.612360	25.065420
679.971924	294.944580	14.027379	29.527164
679.501648	294.757263	12.712251	27.223259
680.102722	294.670868	14.191173	31.061510
679.600159	294.873962	13.821709	29.483358
679.748413	295.031067	12.932962	29.799355
680.386780	295.046509	13.500737	31.368631
680.216187	295.265686	13.826082	30.849861
679.716431	296.366302	10.584567	25.565151
679.765259	295.324677	12.216299	27.196251
679.854736	295.977692	14.190460	30.183964
680.086182	295.227173	11.247096	26.077612
679.916809	294.244843	12.058518	30.160456
680.510864	296.498352	13.036006	29.643747
681.220398	296.512939	13.221004	30.853302
680.220154	294.387787	11.391019	27.924000
680.909363	296.023041	13.455794	30.926754
680.928101	295.752075	13.543847	30.520655
681.232910	295.655609	14.288623	32.266029
680.941040	295.711884	12.516680	29.524298
681.732849	295.699066	12.956471	30.040030
682.276917	295.920166	11.968680	29.442408
682.742676	295.593811	12.806170	29.219114
682.671997	294.835571	12.036632	29.499609
681.723389	294.236664	13.807754	30.856987
682.549072	294.780701	12.662971	32.139572
682.903137	294.628632	12.418079	30.339607
683.198364	294.896210	11.869225	27.808138
682.434082	294.952789	11.365519	26.932386
683.477356	294.457977	11.254645	27.727217
683.435120	293.915924	12.499298	27.321630
683.555359	294.737000	11.763952	26.334553
683.238220	293.737762	12.902637	27.529806
682.706909	294.850983	12.471099	26.692469
683.116089	292.551331	14.134319	28.778711
683.377014	292.472382	12.827512	27.085388
682.794556	291.610626	11.282711	23.235727
683.223145	292.225159	13.294435	25.715168
683.064270	291.548645	13.892400	26.601030
683.010986	289.671082	14.794780	28.433428
683.692078	289.456390	14.762951	28.667643
682.826416	289.230042	15.358863	27.655743
682.702271	286.839203	16.174587	29.614798
683.445923	287.225677	15.667911	28.615246
683.314758	287.344635	15.867429	28.226730
683.478943	287.980957	16.050611	27.992575
683.336060	289.601440	17.009113	27.322908
683.714722	290.816254	16.585337	26.264097
683.166199	290.927429	16.796337	26.366125
683.901855	288.959839	17.783337	27.648085
684.057739	284.846222	16.426081	29.664801
684.272095	285.568878	15.197419	27.680574
684.517273	286.295868	15.088778	27.000032
684.488098	285.936615	13.263130	26.252169
685.302002	286.167419	10.148164	22.225620
685.522949	286.756622	12.047939	23.413763
685.238281	286.712799	11.833095	22.880489
685.189941	286.820190	12.913654	22.798155
684.190369	286.377411	14.772450	25.226135
682.774048	285.947205	13.656342	26.688555
682.069336	286.955963	10.859393	23.287148
681.438049	286.932465	9.323328	19.090803
680.911255	287.148224	8.726632	17.178623
680.097168	287.060486	9.201458	17.358601
678.996704	287.332092	9.205063	16.672510
678.902405	287.493713	8.327936	16.262659
678.228271	287.619995	7.805333	15.920405
677.851135	286.709564	8.789024	17.338762
677.252197	286.329681	8.683295	19.362148
676.689026	285.208801	9.321840	19.602406
676.074768	284.909576	8.308109	18.681902
675.998535	285.119751	9.089645	17.572414
675.890625	284.970459	9.222047	17.580343
675.540161	284.667053	9.489003	17.556604
675.878113	284.465546	9.716814	18.179729
675.839661	284.574005	10.126198	17.096367
675.784973	284.245239	9.899739	17.576183
675.878113	283.597046	10.063777	18.554182
675.879456	284.313568	10.758479	20.806194
675.799194	284.671417	10.626295	19.904718
676.150696	285.194061	11.176727	21.465435
676.552307	285.036682	11.999381	21.102142
676.441162	284.927185	11.024250	20.055035
676.269775	284.642761	11.539341	20.526966
675.827209	284.697571	11.739435	19.838406
675.630676	284.915680	11.059873	20.702568
675.825928	284.785889	11.922691	21.257570
675.037292	284.713501	11.729968	21.873857
675.234253	284.524841	12.583772	21.064661
674.656128	284.298553	12.237935	22.272921
674.048584	284.366364	12.106927	20.873920
674.040405	284.345184	12.375922	19.813240
672.875854	284.300476	12.210716	20.373787
672.879761	284.135315	11.589002	21.132545
672.437744	284.805817	11.014491	21.567686
671.997375	284.717102	9.800030	21.240297
672.105896	284.895996	9.607592	20.716400
671.463806	284.079102	11.872847	21.799667
671.363953	284.425812	8.867000	19.534006
671.017761	284.557281	10.125587	19.864380
670.625732	284.502960	12.261755	21.308971
670.534912	284.597687	12.114940	21.839672
669.951599	284.846069	11.616350	21.008736
669.786865	284.809509	10.534593	18.834122
669.409973	284.971161	12.412042	18.847923
669.143250	285.016754	13.536364	18.617449
668.219482	284.289886	13.395432	18.907515
668.594971	284.854248	9.929090	17.907932
667.993713	284.895050	13.304670	20.762810
667.225220	285.237976	11.865209	19.838543
666.698242	285.125061	10.193317	19.060186
666.578308	284.663788	9.693517	19.562241
666.177551	285.241577	10.018318	18.865179
665.407959	285.655548	11.461344	20.386303
665.141113	285.691589	9.460562	19.528170
664.754761	285.818970	9.219570	18.392157
664.887817	286.072357	8.978810	19.218441
664.023132	285.367249	10.724863	19.911566
664.496765	285.375671	9.245101	20.200480
664.101074	285.212219	9.317416	20.456949
664.297546	285.108582	9.760692	19.336367
663.968933	285.992920	10.601614	20.199924
664.570984	286.224976	10.158657	20.197458
664.209229	286.603302	10.672981	19.297569
664.184631	286.912781	10.034390	18.901192
663.517029	286.555542	9.488310	18.573641
663.813843	287.371307	9.821198	19.318321
663.499939	286.851410	10.114473	19.478054
663.149902	287.143555	10.288433	19.851164
663.773499	287.080139	9.859303	19.736736
663.715088	286.567719	9.619642	19.909830
663.706543	286.452118	9.551072	20.456888
663.730408	286.524872	10.146132	20.915655
663.475647	286.281158	9.513694	20.535315
663.261658	286.983429	9.984652	20.077089
663.998230	287.343140	9.580888	19.997784
663.792969	287.263641	10.133324	20.548891
663.759827	287.352234	9.856886	19.555861
663.792419	286.886200	10.420799	20.791655
663.015930	287.211273	10.367173	20.414326
663.794006	287.439148	10.119192	20.339546
663.691223	287.686920	9.247220	19.759268
663.262695	287.264160	10.810554	20.651718
663.674988	287.391632	9.940937	20.473886
663.923279	288.050781	9.949477	20.156979
663.507874	287.537109	9.898726	20.403152
663.163574	287.579834	9.898576	20.935440
663.109619	287.989319	10.388080	20.426374
662.868835	287.172058	8.909601	20.926838
662.733459	288.115997	10.799821	20.460079
662.521362	288.162872	10.821336	19.919271
662.573914	287.838959	9.799273	20.093494
662.149109	288.306396	11.071833	19.961893
661.751343	288.734497	10.125969	19.703436
661.605164	288.606201	11.401814	19.436619
661.931091	288.775726	11.180614	19.351355
661.967163	288.524170	9.830351	19.484348
660.568237	287.933258	11.660649	20.337236
660.306335	288.996979	12.316433	19.209904
660.583496	289.046265	10.740578	19.358950
660.200012	288.539368	10.982664	19.891600
659.678772	289.312805	10.298900	19.162247
659.424133	289.417542	11.668892	18.905785
659.255554	289.358185	11.049315	19.019314
659.801453	289.412476	10.702795	19.575403
659.446899	289.626404	10.554137	19.281511
659.173157	288.974213	10.377758	20.020525
658.529358	289.021057	10.361504	19.837450
657.907166	288.508820	11.230462	19.727762
658.104492	289.050323	9.429178	19.344223
657.691040	288.178741	11.376779	20.624844
657.326599	289.008698	9.747457	19.339668
657.026550	288.590942	10.360103	20.002657
656.633667	288.669037	11.593968	19.348265
656.350037	288.692413	11.617908	19.452387
656.224731	288.735687	9.755106	18.897243
655.833130	288.989746	11.839977	18.255516
655.610291	288.604980	12.204362	19.598047
655.780762	288.892487	10.475444	19.913490
655.008789	288.687164	12.644674	18.921391
655.043091	289.232697	11.503529	17.736549
654.883667	288.870361	12.540686	19.448256
654.833618	288.516083	10.455884	18.992729
654.955322	289.375183	11.727487	17.556040
655.527710	289.500488	11.168334	16.699373
655.642029	288.956573	9.954762	17.763285
654.372498	288.526947	10.767353	18.369694
653.760986	289.139526	11.278570	17.522993
654.074646	288.763306	10.707664	18.101336
653.779846	288.851562	9.675689	18.754585
653.889038	288.053802	10.994428	18.427879
654.063538	288.705017	10.361100	17.794567
655.001282	287.888275	10.122678	18.756248
654.623047	288.247406	10.105999	17.968727
654.441101	288.287872	10.792615	17.868757
654.269653	287.980194	9.850245	18.725561
654.205994	288.038757	10.290580	17.936493
653.106018	287.655334	10.929691	18.171219
653.042908	287.639160	11.029243	19.080460
653.538818	287.384277	10.168283	19.274443
654.255859	287.245544	10.231209	18.721676
654.048889	287.363800	10.029089	17.749880
653.689575	287.383881	10.454967	17.476566
653.680603	287.305573	9.649107	17.666616
653.755615	287.256836	9.823779	18.666630
653.273621	286.891449	9.407712	19.099188
651.740112	287.476532	9.641971	17.038479
652.511902	287.482697	10.018167	17.145332
651.406677	286.790741	9.983556	17.288946
650.756775	287.158722	9.973419	16.563110
650.845215	286.865814	9.840974	17.009533
650.558899	286.535004	11.623728	17.311861
650.497009	286.397675	10.827009	17.342369
649.999390	286.284302	12.192499	17.296358
649.638550	286.352356	10.664144	17.268398
648.479431	285.624481	12.929634	17.899309
648.645935	286.025055	10.550955	18.175528
648.389648	285.538330	10.190947	18.266666
648.451233	285.217682	11.270174	18.312315
648.487793	284.878143	10.947546	18.804033
648.539307	284.518646	10.180459	19.442734
647.642700	284.096741	10.210239	19.190092
647.218079	284.418304	9.556675	18.285625
646.415405	283.981628	11.099402	18.317486
646.280579	284.505341	10.341075	17.576628
646.830322	284.043030	10.378988	18.119650
646.222595	284.193970	9.400164	17.553427
645.641296	283.249573	11.401830	18.831924
644.939331	284.025848	9.814923	17.293198
643.692688	284.031494	11.575313	16.684114
643.264587	283.460083	11.931448	17.519749
643.044861	282.692535	12.386233	18.819429
642.523499	282.443176	12.355563	18.945747
643.311523	281.641388	10.125409	18.754780
642.799927	282.308197	10.030036	17.325132
642.450378	282.540466	10.378245	17.143955
642.126343	281.724976	11.645553	18.059021
641.475891	281.730072	10.692863	17.851452
640.849731	281.124451	12.556305	18.589687
641.094849	280.473816	11.386868	18.898125
640.873108	281.588318	10.375872	16.972630
640.346436	281.119049	11.025145	17.358704
640.256958	280.840820	10.520001	17.747271
639.938538	280.449219	10.379810	17.863447
640.102783	280.067322	12.328067	17.670519
640.447144	278.512817	11.630230	19.874073
640.057739	278.097687	11.833611	19.662861
639.504456	279.508881	10.844295	17.985275
639.609863	279.763184	9.378845	17.265497
638.801880	279.486450	11.213823	17.606274
639.024353	278.966461	11.457082	18.273842
639.536438	279.423615	10.386872	17.167229
639.551880	278.818298	9.784160	19.400761
639.096985	278.961365	10.135990	17.613216
639.189087	278.540100	10.271604	18.398514
638.799744	278.657196	9.064471	17.733021
638.579407	279.186005	9.693559	16.782774
639.438904	278.703033	9.153157	17.843910
638.805176	278.202789	9.946764	18.648571
638.330139	277.434662	9.859421	19.384111
638.075989	277.479645	10.655840	19.586878
637.738586	277.759644	10.309797	17.720207
637.702026	277.991943	10.815358	17.057487
637.245178	276.971588	11.994411	18.516165
637.631226	276.745331	10.832354	18.487206
637.058533	276.611786	11.495665	18.748701
636.611206	276.314392	11.037507	19.227032
637.155396	275.928986	11.084096	19.359135
636.851013	276.443909	9.762638	17.521017
636.041321	276.040314	11.862108	18.372978
636.291443	276.212463	9.435383	17.938780
635.875183	276.030853	11.847801	18.027542
635.409180	276.359650	10.569706	17.602943
635.195496	275.808014	10.445069	18.220886
634.750732	275.621521	12.338863	19.233198
635.431519	275.783051	9.989645	17.924446
635.709473	276.212799	9.755222	17.229359
635.582581	275.715912	9.497266	17.521336
635.031372	275.537659	10.832583	18.012587
635.571594	275.465210	9.404943	17.885273
635.004272	275.640533	9.904079	17.393103
634.448547	275.605804	11.361037	17.589087
634.545532	275.545807	10.137776	17.722963
634.421875	275.865570	10.383775	17.032787
634.292542	275.068054	11.880662	18.328873
634.052856	275.061462	10.676106	18.625031
633.768860	275.285095	10.885470	17.738949
633.866333	275.046112	10.453335	17.939585
634.423096	275.011597	10.277020	17.674080
634.491699	275.472809	9.655169	17.618418
634.514221	275.604370	10.961082	17.055365
634.929199	274.946960	10.799096	18.005619
634.863586	275.196991	10.449033	18.583729
635.851685	274.966949	9.689628	17.980303
635.257751	274.210205	10.919035	19.942455
634.302795	274.261017	13.166416	21.297709
634.679993	274.151489	11.758238	21.074446
634.914490	274.312042	11.622850	21.769390
635.721375	273.871246	11.976771	19.621981
635.296936	273.856445	11.566953	19.398149
636.300598	274.276611	10.175500	18.906599
635.457397	274.279999	10.971166	19.512775
636.601929	273.657806	12.120889	20.275072
637.236023	273.946411	9.823165	20.770096
637.159607	274.079529	9.982707	20.287485
637.455688	274.011658	11.417836	22.233572
636.842896	273.477570	12.726428	20.194906
637.369873	274.001892	11.548834	19.862022
637.049316	274.054901	12.219770	20.034710
637.294922	273.830811	12.577568	19.681324
637.786133	273.512268	11.914623	21.997452
637.979065	273.527313	10.873693	21.900307
637.603210	273.872498	10.875926	19.564360
637.908203	274.111237	11.755371	20.375633
637.749939	274.195465	10.395802	23.127464
637.530762	272.735535	11.008981	23.574503
637.371765	273.275635	11.373831	23.079615
637.458923	273.594604	12.048464	22.835800
637.663147	274.582458	11.606288	22.819569
638.065918	273.911804	11.118624	21.629875
637.325989	274.044952	11.815864	21.969030
637.822327	273.954834	11.804507	21.659237
637.214294	273.837219	11.894741	21.480686
637.315735	273.079376	12.008735	21.997093
637.392456	274.199097	12.304966	21.482433
636.718140	273.846436	11.943517	21.120432
637.916016	274.166077	11.638812	21.837688
638.283508	275.786743	9.895360	19.898079
638.506836	274.892578	10.703041	21.751984
638.425903	274.599426	10.961170	22.707094
638.747375	275.019623	10.380939	22.103672
638.971924	276.110352	9.728745	23.956076
638.806274	276.189667	10.608646	21.997147
638.896790	276.666718	10.224313	22.127340
638.553589	276.017700	11.262649	22.734188
638.706055	276.597900	11.180071	23.398424
639.210327	276.610138	10.159764	21.947699
638.922363	277.019226	10.439590	25.246019
639.437805	277.434021	13.406369	26.178074
624.843201	288.444122	14.043757	26.563679
624.984680	286.690521	14.541408	26.518270
623.111633	284.218170	14.988895	27.453970
622.625793	279.148926	12.825339	22.543533
639.894165	276.976471	12.309389	24.803293
624.309631	279.924225	12.770603	25.224529
640.125549	278.101074	12.978055	25.070366
639.512512	278.055786	14.424916	25.259146
641.011353	278.124786	12.765202	24.527451
641.457092	275.903595	9.828226	22.224401
623.331177	270.903748	12.443364	24.922678
640.094238	276.095154	14.586758	24.903999
640.135132	275.740997	14.884550	26.120028
641.485718	278.713562	14.099372	23.773478
624.285034	264.639526	11.710677	24.382883
642.836548	278.012817	10.536568	20.385632
642.996277	277.710938	10.250008	19.314365
643.036438	279.091064	12.088643	22.006891
642.841187	277.659698	10.923497	19.249760
642.757874	279.180450	10.494834	17.990486
643.392822	278.865295	10.489475	21.600107
643.278809	278.536591	9.416878	19.082966
643.706665	280.654236	13.077060	22.332354
643.827698	281.077240	12.861258	22.065392
643.896667	281.207764	12.848963	22.291681
643.661682	280.081329	9.813666	19.683344
644.054993	280.463623	8.959922	19.541418
644.008057	281.047913	8.366329	17.598488
644.376465	281.691925	8.246071	16.438801
644.143616	281.909485	8.319538	17.069736
643.872559	281.385681	9.010742	18.327789
644.435425	281.825104	8.719689	17.847046
644.595154	281.411194	9.440722	18.480145
644.859985	281.158417	9.199327	19.117771
644.803772	280.836670	9.663931	19.520493
644.780884	281.615295	10.037274	20.040506
644.906860	281.915161	9.897416	18.831942
645.267578	282.549286	9.685518	18.727127
645.008118	282.712128	10.762236	18.957310
646.063965	281.423157	14.558681	21.750797
645.660278	281.536163	13.641989	21.190674
645.284180	283.079529	10.725335	19.479473
645.500000	283.940063	10.644672	20.448284
645.020203	283.730865	10.233364	18.633474
644.669983	284.724457	11.322620	18.175919
645.034912	284.370148	11.108679	18.592976
644.572693	284.946442	11.270765	18.340355
644.622375	286.057892	10.965187	17.234253
644.518555	285.616394	11.318686	17.992472
644.004578	287.297546	12.911237	19.557098
644.106873	285.739990	10.293065	19.524004
644.337463	286.319672	10.135114	19.082163
644.564209	286.730896	9.100658	18.455763
643.842468	286.749695	11.452324	19.646109
643.580994	288.749939	13.079024	21.012344
644.264465	288.628784	12.138165	21.774122
643.736694	289.286438	12.306762	21.897638
643.627075	290.919159	12.726350	22.355656
644.196167	290.742554	13.194901	22.844692
644.231567	290.907104	11.881342	23.768164
643.345093	289.685852	11.607427	23.081253
644.329102	290.398346	9.130681	19.012703
643.651978	289.253418	10.692930	18.744013
643.733826	288.828979	10.568301	18.539881
644.024597	289.358612	9.778966	17.628115
644.542236	289.819824	9.995658	17.442280
644.741089	290.187531	10.824140	17.524462
644.764832	290.766052	11.214578	17.089293
644.917542	290.957611	11.539507	17.352119
645.847290	291.639526	10.728173	18.610670
646.200256	291.970154	10.790706	18.603056
646.276550	291.937744	10.881218	19.417355
646.577515	291.700226	10.829952	18.975819
646.541687	292.064911	10.133201	18.331917
646.867737	292.683411	10.063583	17.531414
646.637878	292.118469	11.183212	19.009539
647.395874	292.921936	10.855995	18.826992
648.619202	293.196869	9.990474	19.054075
648.460571	293.628784	10.301071	17.970577
648.504761	293.291901	9.257042	18.683584
649.280212	294.355957	10.505974	17.824478
649.840759	293.895142	11.022821	18.338007
651.202576	294.219177	11.228346	19.189281
651.686523	294.519958	10.887431	18.304407
652.536011	294.744598	10.972804	18.655716
653.457153	295.259613	10.877074	18.184475
654.140015	295.153534	9.328547	18.192804
654.730835	295.312805	10.320852	18.192612
655.698242	295.285645	9.839392	17.924007
656.958130	295.620270	10.234779	18.053055
656.536926	296.002441	11.956329	18.346987
656.909790	296.282745	10.003972	17.753218
657.916748	296.923218	12.342394	17.531336
658.632080	297.013245	12.227446	18.037361
659.130493	296.838043	12.486917	18.770700
660.004883	297.441498	12.287036	18.017832
660.503845	297.214600	11.420532	18.704519
660.645996	297.958221	13.148837	18.158072
661.473145	297.818390	12.523428	18.210217
662.495911	297.270447	11.975825	19.159281
664.158264	298.364563	11.143267	18.024937
664.010986	298.720032	12.249480	18.044981
664.736267	298.302979	10.920752	19.615698
665.056946	298.287781	11.247220	19.482897
664.968872	298.392456	9.709235	18.988501
665.254089	298.525787	9.533517	19.857862
666.230347	299.498413	9.440441	20.123096
666.743469	299.502197	10.341835	20.353790
667.115234	299.638367	10.100715	20.458927
667.468872	299.853027	10.468670	20.445953
667.975342	299.967163	10.254873	21.022463
667.690125	300.384949	10.891912	20.257540
668.291321	300.256317	9.175771	21.279245
667.546143	300.259216	9.781058	20.295874
667.705261	300.651459	11.235469	19.860853
669.174927	301.033630	12.129315	19.338287
669.732727	301.287933	10.782686	19.229448
669.666321	302.102325	11.991772	18.513729
669.572144	302.242676	12.578974	18.978338
669.858521	302.317352	9.999064	18.846643
670.303467	302.559113	11.947953	19.471928
670.843140	303.003662	11.752875	17.594034
670.222107	303.029175	12.840421	18.292957
670.174988	303.116791	13.779417	19.756327
671.009644	303.419861	11.870051	18.678848
671.698486	303.869263	11.721679	17.953575
672.084534	303.793243	10.319101	18.642857
672.392090	303.922150	9.893967	20.820305
672.647644	304.904938	12.494681	18.917885
672.612610	304.974213	10.787047	18.385561
673.067444	305.203918	12.444493	18.745092
674.356934	305.527832	10.707237	18.491247
673.860779	306.073730	12.090730	17.660475
674.509888	306.036987	11.505968	18.562164
674.484314	306.233368	11.774609	18.615742
674.694092	306.738708	12.488901	19.422071
675.157104	307.035217	11.106355	19.080067
674.800964	306.952789	12.659662	20.147829
675.697327	307.459229	11.763856	19.287848
675.786560	307.283722	10.125708	19.484907
675.774353	308.040100	11.161205	18.628614
675.830750	308.746429	11.571607	17.565819
676.236206	308.881348	12.091886	17.759661
676.148315	308.850159	12.557687	18.340275
676.489197	308.642059	11.447177	19.294397
677.089600	309.161774	12.229485	18.318209
676.828796	309.294220	13.219585	18.914198
676.928589	309.703674	10.891007	19.291399
677.185120	309.676758	12.497226	19.426989
677.590942	310.474365	13.212498	18.908943
677.398499	309.872650	10.973658	19.424248
677.318298	310.715973	10.850472	18.718935
676.865540	310.587280	12.774703	19.685574
677.070801	310.737854	13.419670	19.339497
676.919006	311.469299	13.598281	18.550079
677.270020	311.647461	12.557826	19.391211
677.276428	312.240601	12.466785	18.660702
677.604492	312.503113	13.125179	19.112156
677.497070	312.629120	10.976275	19.628874
677.681824	312.840424	11.387476	20.863728
677.970947	313.539795	10.168269	19.243849
677.785095	313.674683	11.721392	19.282129
677.892273	314.724365	9.690541	19.230806
677.592224	314.077637	11.983687	19.011253
677.742371	315.278076	10.100739	18.583481
677.401611	315.261017	10.566627	19.221167
676.846130	314.919128	13.158870	20.339897
676.371216	316.011108	10.864597	19.279739
677.278687	316.202606	10.876292	18.835535
677.079590	316.541016	9.999392	19.064949
677.238037	316.781128	11.071940	19.918285
676.327332	316.537354	12.859921	19.970949
676.960144	317.671448	10.235843	19.478655
677.108948	317.990112	11.654316	18.667328
677.255005	318.466980	9.676420	18.775408
677.008484	318.702789	10.621230	19.795137
677.702759	318.797852	10.390381	19.574415
677.364319	318.561218	11.396598	20.002338
677.205200	319.455627	11.923495	19.334238
677.183044	319.324951	11.040762	22.300148
678.121216	320.531830	9.457556	20.146128
677.735046	320.877167	9.946209	20.084352
677.525635	321.622070	9.585954	19.409775
677.615662	321.952454	10.876887	20.422724
677.814819	322.571564	10.607129	19.471315
678.082397	322.081543	11.903318	19.933964
679.199829	322.343018	10.701552	20.660654
679.049316	322.888916	10.472731	22.969147
679.289368	323.994720	10.424645	19.503674
680.271484	324.076172	11.603417	20.106998
680.542419	324.290955	10.468417	19.739922
681.318420	324.883881	10.840727	20.585825
681.539062	324.646698	11.435642	21.749901
681.579834	325.428284	11.133114	20.691534
682.796631	326.217255	11.295264	19.912584
682.605652	326.358124	9.768470	19.648581
683.473328	326.182495	10.937962	20.115074
683.631348	326.285400	12.033546	19.729189
683.686096	327.255859	10.898710	18.980730
684.678589	327.687073	9.720188	24.750898
684.656311	326.876495	11.081256	21.494951
685.197266	328.451752	10.774466	20.015142
685.324585	328.577271	10.194506	19.446514
686.071106	328.757141	10.155297	20.109133
686.340881	328.961334	11.473804	20.648655
687.193665	328.404388	10.891942	21.481421
687.047729	328.883057	10.076840	21.749445
687.996033	330.207703	10.941352	19.712446
689.045715	332.504944	9.211938	22.501165
689.342346	330.606476	9.910988	20.588709
689.068420	331.684967	10.010651	20.387989
689.146179	331.205994	10.400072	23.477688
689.860535	332.680481	9.954780	20.404182
691.335876	335.038757	9.373989	23.581434
691.258545	334.874695	9.397330	25.938509
690.209717	333.400391	9.669862	20.780956
691.423950	335.807098	9.068297	25.660669
691.232666	335.970032	9.343764	25.963816
691.396118	336.083801	8.833017	26.646591
691.197083	336.302063	10.054115	30.903959
691.035828	336.584320	9.374935	25.563501
690.229675	335.982422	9.874055	22.933220
691.487915	338.275574	8.991015	24.887859
691.797546	338.627289	9.036621	26.276730
692.388428	339.401978	8.479702	23.328547
692.555542	339.221832	8.874080	25.217306
692.481689	340.072998	8.878827	24.224155
692.481689	339.872620	9.384794	24.093122
692.911804	340.072388	8.847650	24.365202
693.002319	341.600739	8.611249	25.639629
692.932739	341.560944	8.569799	27.401754
693.068054	341.413147	9.321622	32.460587
693.385620	342.125122	10.506901	38.063652
693.188782	342.992188	12.560876	40.002777
693.512085	342.998596	12.418198	37.445187
693.942444	344.193481	13.039412	39.510559
693.224182	343.688690	13.537199	39.489567
693.734375	345.281189	13.628712	40.272308
694.296509	346.244049	13.342913	39.184120
694.217163	345.150208	12.662048	38.220810
694.295044	346.704956	13.171590	40.523468
694.478943	347.440491	13.523706	39.427818
694.852295	347.673584	13.550673	39.120224
695.066711	348.693237	13.363408	38.132393
695.320801	347.695404	13.394826	38.989925
696.316650	349.152679	12.421601	36.194386
696.814026	349.294586	12.136692	38.069572
696.371094	348.996552	13.098774	38.661777
696.261597	350.110168	13.303337	39.676826
696.687866	349.646881	12.624218	38.722603
696.873291	350.982178	12.205837	36.907440
696.972473	351.227966	12.659433	37.353550
696.957153	352.066498	12.805243	36.644382
697.378967	352.254791	12.668664	37.610050
697.449463	352.064697	13.011622	37.476261
698.103882	353.064240	12.490811	36.583782
698.243652	352.886353	12.563178	36.708038
699.215698	353.527161	11.936047	36.522388
698.788635	353.528259	12.738067	36.814091
698.698425	353.926514	12.984187	37.077599
699.186890	354.112091	12.456743	36.127453
699.231506	354.523071	12.839308	35.445087
699.513611	354.228363	12.872704	36.099689
700.048096	354.909363	12.913098	34.445976
700.222961	354.233612	13.033097	36.259827
700.757751	355.572601	12.933796	34.421616
700.858582	355.853577	13.215753	35.016876
701.010315	355.968750	12.834448	34.727859
701.293213	355.397552	12.441955	33.732700
701.460205	355.704620	12.402302	33.172504
701.963806	355.439728	12.404560	32.871758
702.225830	356.410767	12.660501	32.802479
702.553223	355.863068	12.845867	33.499512
703.173767	355.556519	12.117088	32.652683
703.396667	355.399231	12.113347	31.995770
703.231079	355.311371	12.492226	33.282742
703.547913	355.585815	12.482099	32.524693
704.072449	355.494598	12.114957	31.760935
704.423828	355.173706	12.033647	32.181084
704.334900	354.956329	12.544066	32.180923
704.530823	354.866028	13.112844	32.676613
704.651917	354.599304	13.344172	31.925043
705.264893	354.163300	12.934434	31.711937
704.900696	353.895477	13.914816	32.497314
705.793518	353.770111	12.847524	30.871332
705.596313	353.474091	12.839640	31.591961
705.659363	353.670471	13.270312	30.045588
705.536560	353.020386	13.644379	29.765394
706.222534	352.738586	13.245856	29.376661
707.082458	352.167725	13.182727	28.712908
707.200195	351.862213	12.865079	29.732498
707.307373	351.401794	13.505709	29.522764
708.085022	351.076294	12.902105	28.637850
707.944031	350.380981	13.442167	29.486723
707.981812	350.420959	13.458291	28.260281
708.937805	349.782745	12.761703	28.778898
709.452087	349.230865	12.430447	28.550886
709.308289	348.643188	12.496372	28.332619
709.894592	348.388672	12.542006	27.577745
710.194336	347.479095	12.493491	27.714695
711.048584	346.766724	11.064046	25.896429
710.503296	346.355499	10.314097	25.073503
711.027100	346.023224	9.915218	24.337364
711.289795	345.765137	9.949200	24.240156
711.569824	345.291504	9.570407	24.568941
711.741272	345.032532	9.718303	24.230797
711.448914	344.278168	9.762385	23.757217
711.910889	343.654358	9.334502	23.938032
711.849365	342.696198	12.024355	26.117512
712.255920	342.155975	12.186126	25.615784
712.374695	342.216919	12.357831	25.134745
712.401062	340.914337	12.424795	25.696083
712.612427	340.611511	12.924210	25.204681
712.609497	341.049744	12.760965	24.597628
712.938293	340.019684	13.090823	24.780573
713.077087	339.934479	12.719221	24.355989
712.946655	339.398499	13.238532	24.863512
713.105957	339.117950	13.175667	24.666311
713.627991	338.140442	13.071869	24.862461
713.465027	338.580750	13.188785	23.902086
713.911011	337.611572	13.032771	24.049150
714.302002	337.328430	13.093869	24.829624
714.879333	336.710571	12.574228	23.798233
714.651794	336.925110	12.702239	24.323603
715.195923	336.781006	12.882654	24.054325
715.835510	336.334808	12.407907	24.338232
715.386963	336.490265	12.549912	24.173208
716.335999	335.796417	12.003561	23.279684
716.739319	335.928589	12.271487	23.333826
716.797852	334.818634	12.829095	24.406242
716.276733	335.068420	12.446283	24.615002
716.980774	335.190857	13.301877	23.533745
718.152039	334.995575	12.712334	22.707777
718.251099	334.002411	12.706684	23.408876
717.959167	333.037170	12.513685	24.623440
717.914001	333.442383	11.187672	24.518530
718.522461	335.092804	9.752167	23.053598
719.454041	334.337189	12.112252	23.736372
718.076660	334.577698	12.441335	23.700033
719.239929	334.766327	10.360099	23.553980
719.538391	334.315460	10.272825	22.656967
719.223572	333.773590	12.401689	22.524529
719.491211	333.115875	12.849376	21.694798
719.362854	333.338135	11.903295	22.049353
719.841675	333.660919	11.975374	22.790308
719.652161	332.604248	13.269279	23.062679
719.606018	332.074188	12.831865	22.538853
719.809082	332.231323	13.201969	22.980244
719.786926	331.599792	13.290860	22.761942
719.963684	331.353424	12.528723	22.342985
719.591797	332.041443	12.664178	22.731709
719.426025	331.704559	13.116280	23.154867
719.388184	331.470398	12.728461	22.288277
719.342651	331.497589	12.810376	22.949915
718.943481	331.535645	13.055694	21.774971
718.829468	331.330109	12.849417	22.313293
718.759705	331.068939	12.671246	22.779867
718.431641	330.786255	12.501741	21.708792
718.387817	329.807495	12.370126	21.965664
718.513428	330.296783	11.807343	21.925337
718.225281	329.587097	12.177412	22.356030
718.069946	330.011658	12.537853	22.599731
717.807312	329.466705	12.342848	22.012709
717.727173	329.300690	12.183837	22.388020
717.481201	329.036713	12.135469	22.580410
717.186462	328.923553	11.829580	21.903944
716.863220	328.541351	12.439821	21.355600
716.561340	328.601898	12.420481	21.814835
716.674194	327.897125	11.861300	21.739285
716.530823	328.054718	11.942139	21.928606
715.756531	328.587372	12.577003	22.510778
715.712708	327.646851	12.167096	22.659153
715.579224	327.578278	12.843138	22.674555
715.195190	327.154724	12.259368	22.571356
715.007141	326.850952	12.795766	22.522600
715.110535	327.129089	12.456458	21.503784
714.480103	326.872375	12.273028	20.918045
714.240845	326.531342	12.492642	21.855497
713.762878	326.306610	13.156939	21.452185
714.174744	325.989166	12.339478	20.971069
713.838196	326.117767	12.292330	20.434633
713.281189	325.829254	12.509068	20.168528
713.244690	325.854828	12.681473	21.135935
712.863159	325.287140	12.456141	21.323298
713.107056	325.540314	12.502466	20.749353
712.966736	325.227325	12.039777	21.022825
712.824036	324.548920	12.563269	21.288019
712.363953	324.338531	12.531497	20.773975
712.373108	323.622467	12.338001	20.956642
712.082031	323.524872	12.553921	21.010620
712.104126	323.177979	12.510581	20.884304
712.135071	322.963074	11.677005	20.658640
711.736877	323.403656	12.184919	21.506147
711.531494	323.234192	11.993058	20.889862
711.478394	323.180237	11.964389	20.660954
710.596008	320.912048	12.516461	21.286585
710.277710	320.801971	12.844201	21.211782
710.131470	320.882141	12.490453	20.005581
710.004639	320.200653	12.539602	20.710953
709.883118	320.858704	13.051879	20.124439
709.787537	321.019592	13.006899	21.110838
709.861267	321.078033	12.995173	20.886641
709.807495	321.608612	13.127830	19.928484
709.599060	320.448181	12.871574	20.843018
709.978516	321.344360	12.445280	19.855354
709.897339	320.816223	12.486464	20.457106
709.682495	320.309448	12.631280	20.632708
710.008972	320.651367	12.306022	20.188461
710.136841	320.646759	11.753875	20.072538
710.270386	320.283203	11.243029	19.624344
710.403503	320.055969	11.517480	20.392632
710.365417	319.593384	11.373276	21.380018
710.666565	319.824677	11.250249	20.244999
710.884644	320.110687	11.218472	20.176630
710.773804	319.818237	11.402853	19.742119
710.475647	319.454651	11.233957	19.759911
710.266846	318.767242	11.721016	20.616028
709.740356	318.722595	11.211734	20.156769
709.485901	318.386505	12.169412	20.302332
710.115601	318.643341	11.872997	20.358103
709.823547	317.978149	12.465395	19.745745
709.339600	317.966553	11.775997	19.319130
709.499512	318.597046	11.887533	17.557182
709.682983	317.741638	11.689245	18.963821
709.512085	317.515320	11.381864	19.743797
709.650879	316.584015	11.189879	20.251987
709.705200	317.171997	11.347968	19.265593
708.873901	316.346344	11.782529	19.641987
709.083313	316.458130	11.651735	19.204969
707.625061	316.040741	12.758845	19.558325
708.298462	315.609131	11.750925	20.258322
708.649536	315.600586	11.498910	20.341990
707.928528	315.130096	12.285290	20.527287
708.000671	315.149933	12.366649	20.170383
707.828003	315.645905	12.139365	19.219692
707.657349	315.230103	12.464406	20.198015
707.588562	315.010315	12.504999	21.151749
707.853027	315.487915	12.314104	19.827326
707.859253	315.173157	11.761716	20.271276
707.823730	315.911469	11.755157	19.323004
707.962219	315.101257	10.931720	21.394028
707.624817	315.058380	10.864991	21.758076
707.621765	314.962524	11.363290	22.008575
707.527832	315.564331	11.115626	19.807978
707.401978	314.813843	10.642377	21.387066
707.021851	315.748566	10.873468	19.071360
706.928833	315.486572	11.299219	19.202164
706.617065	315.776550	10.803806	19.182680
706.519104	315.296570	10.976315	20.579996
705.833008	315.433533	11.279310	18.853849
705.777283	315.979797	11.517697	18.502096
705.756409	315.962524	11.230730	19.053972
705.417053	315.680756	12.064222	18.944637
705.462097	315.699860	11.663943	19.054899
705.153870	316.290009	11.728214	18.801065
705.050415	316.101349	11.296285	19.401411
704.952148	316.637390	11.318339	18.448612
704.989685	316.624207	11.238175	19.165724
704.738159	316.591095	10.571460	19.030298
704.406250	316.549866	11.698133	19.325226
704.269836	316.680115	11.765131	19.414988
704.141907	317.252014	11.843767	18.397146
704.385071	317.128296	11.467855	19.184175
704.095703	317.375092	12.125773	19.215420
704.089783	318.054016	11.980192	18.301170
704.577942	318.515076	11.548315	18.409342
704.288940	318.741241	10.965529	18.697863
704.489136	318.932037	11.314888	18.120548
704.836975	319.240936	11.110530	18.025492
704.559082	319.560547	10.245203	17.894613
705.075928	319.765533	10.529233	20.732962
704.860413	319.504303	10.630919	19.917181
704.964539	320.640991	10.626493	18.614328
704.496033	321.066620	11.349063	18.440081
705.695862	321.560486	10.353477	18.087143
705.162537	321.783112	9.448535	18.680040
