0.099681
0.062343
0.064012
0.061414
0.063372
0.063567
0.064043
0.064330
0.063923
0.061940
0.062027
0.064011
0.063743
0.066067
0.063850
0.063698
0.063578
0.063735
0.063407
0.062281
0.073054
0.064597
0.061627
0.063855
0.063396
0.064280
0.064988
0.063327
0.063533
0.063766
0.064237
0.065338
0.064457
0.061657
0.063334
0.061413
0.063416
0.064398
0.064557
0.062818
0.072409
0.063399
0.061269
0.040662
0.040635
0.041167
0.042447
0.042397
0.060765
0.063133
0.063612
0.063319
0.064766
0.063759
0.062596
0.063514
0.064404
0.062241
0.065037
0.063953
0.075887
0.064032
0.063825
0.061931
0.064876
0.064055
0.065579
0.064306
0.064060
0.063784
0.064480
0.062159
0.064125
0.063831
0.063792
0.061707
0.063896
0.063996
0.064319
0.063033
0.073140
0.064053
0.064806
0.064278
0.063884
0.061869
0.063519
0.063597
0.063834
0.065578
0.063875
0.063832
0.065180
0.064113
0.066930
0.061929
0.066932
0.070226
0.066967
0.068352
0.075033
0.068927
0.063598
0.070179
0.068382
0.041445
0.042674
0.042626
0.061851
0.063516
0.063620
0.063579
0.063728
0.063662
0.064060
0.063683
0.066814
0.063155
0.068107
0.063510
0.074350
0.063849
0.063932
0.065167
0.062242
0.063253
0.066039
0.065620
0.065331
0.062009
0.063208
0.067080
0.063825
0.060791
0.062771
0.062104
0.062296
0.042095
0.062433
0.061006
0.073508
0.062094
0.061911
0.061699
0.063762
0.061893
0.062732
0.062611
0.062680
0.062370
0.061885
0.042641
0.041607
0.041554
0.062221
0.065752
0.065779
0.061033
0.063274
0.065354
0.071184
0.062170
0.061881
0.065518
0.066577
0.063350
0.045219
0.044725
0.042793
0.061885
0.062310
0.061261
0.065270
0.045006
0.061725
0.059941
0.064933
0.061874
0.062354
0.061921
0.069254
0.063719
0.041922
0.062489
0.062723
0.042252
0.041948
0.041825
0.041709
0.039754
0.041684
0.041812
0.042568
0.041684
0.041591
0.061561
0.061836
0.065472
0.062399
0.066673
0.069288
0.065738
0.065619
0.062348
0.062155
0.066784
0.065879
0.063740
0.063567
0.065658
0.065574
0.042931
0.062189
0.063737
0.062628
0.062567
0.060354
0.062686
0.062114
0.060438
0.073693
0.061869
0.061985
0.041986
0.042987
0.059827
0.044775
0.041893
0.041518
0.041645
0.041431
0.044901
0.045590
0.042074
0.039687
0.039791
0.041602
0.041472
0.039680
0.062123
0.074397
0.062125
0.063109
0.060284
0.060530
0.065092
0.064671
0.066814
0.065593
0.065462
0.065496
0.065354
0.066785
0.065926
0.066075
0.067211
0.066337
0.063899
0.066563
0.066181
0.071598
0.065749
0.066082
0.065836
0.062479
0.062445
0.065392
0.063361
0.060911
0.062238
0.062702
0.065617
0.065635
0.063193
0.065954
0.066340
0.063773
0.065795
0.062364
0.065503
0.069144
0.062391
0.063616
0.060623
0.063632
0.060115
0.065582
0.062340
0.065456
0.066127
0.063533
0.063732
0.060927
0.068003
0.066409
0.067298
0.063024
0.066129
0.066106
0.062415
0.069935
0.065067
0.063247
0.063435
0.064351
0.066470
0.067904
0.062279
0.066610
0.064404
0.066297
0.062769
0.062939
0.066930
0.066361
0.064309
0.064448
0.062978
0.064859
0.064065
0.074315
0.060798
0.062797
0.062819
0.062543
0.065397
0.066680
0.064989
0.066691
0.063639
0.063516
0.065489
0.063572
0.061610
0.066321
0.063633
0.063916
0.062308
0.064361
0.064789
0.073215
0.064487
0.064112
0.064341
0.065014
0.062238
0.065412
0.064074
0.067230
0.064463
0.067531
0.062171
0.064123
0.065006
0.061472
0.064122
0.069506
0.064359
0.066589
0.069506
0.072799
0.064506
0.063508
0.066926
