0.104126
0.063673
0.064091
0.063634
0.064129
0.064637
0.063647
0.063492
0.063468
0.065648
0.062273
0.063438
0.064929
0.071582
0.079005
0.062750
0.060588
0.065153
0.063064
0.063802
0.071863
0.063568
0.062474
0.068437
0.064260
0.064759
0.062487
0.060125
0.062844
0.063632
0.062305
0.061739
0.062942
0.062244
0.061757
0.062958
0.064974
0.062469
0.063063
0.064045
0.074035
0.063109
0.063593
0.060850
0.065339
0.063725
0.062851
0.060682
0.064236
0.063133
0.064389
0.062350
0.060620
0.074639
0.062514
0.063037
0.063694
0.063739
0.064075
0.064489
0.074490
0.063269
0.062911
0.062690
0.064903
0.063708
0.062730
0.113746
0.082771
0.068894
0.064558
0.090703
0.112559
0.069292
0.062257
0.063168
0.061886
0.063809
0.064232
0.064822
0.072587
0.062016
0.060070
0.061830
0.062886
0.059647
0.063912
0.062066
0.061537
0.065120
0.062218
0.059044
0.061201
0.061084
0.059062
0.061781
0.061975
0.062441
0.063440
0.063238
0.075237
0.062166
0.062091
0.061806
0.063164
0.062830
0.066255
0.063174
0.066817
0.062876
0.063130
0.064399
0.063983
0.063421
0.067219
0.063844
0.064844
0.068078
0.063670
0.063549
0.074578
0.063589
0.064606
0.065603
0.064103
0.063899
0.063112
0.061834
0.061589
0.063399
0.062956
0.063525
0.063369
0.063402
0.040901
0.042802
0.061483
0.041888
0.064373
0.062656
0.073647
0.064556
0.063945
0.061985
0.064283
0.063823
0.064134
0.063586
0.064319
0.064639
0.065769
0.064779
0.041369
0.064266
0.043589
0.042356
0.063932
0.064226
0.063883
0.063637
0.073431
0.064906
0.041342
0.064355
0.065113
0.063923
0.064832
0.064160
0.047504
0.042010
0.043066
0.044587
0.046174
0.045029
0.046135
0.045963
0.046011
0.042660
0.042789
0.042980
0.049046
0.041085
0.042930
0.042728
0.042841
0.042830
0.043920
0.041716
0.042352
0.042942
0.042708
0.042860
0.042775
0.042606
0.041088
0.042758
0.040932
0.043480
0.042856
0.042816
0.046119
0.042631
0.040789
0.042744
0.043004
0.044075
0.043959
0.042780
0.042749
0.042655
0.042739
0.042771
0.042792
0.042751
0.042755
0.043797
0.042947
0.041128
0.041114
0.042868
0.048360
0.063727
0.043569
0.043025
0.043162
0.042454
0.040663
0.042643
0.042453
0.042458
0.042621
0.042390
0.043603
0.042600
0.042485
0.042423
0.042689
0.042367
0.040585
0.042613
0.074112
0.060421
0.041483
0.041367
0.039842
0.062104
0.062011
0.041656
0.042591
0.041489
0.061523
0.040075
0.042010
0.062100
0.039929
0.041643
0.042089
0.043469
0.040810
0.060208
0.073983
0.063648
0.063231
0.062892
0.063181
0.062651
0.063131
0.062814
0.060286
0.062552
0.062923
0.064435
0.060923
0.062711
0.062462
0.063080
0.062503
0.061266
0.060684
0.062550
0.072839
0.059810
0.061945
0.063586
0.065742
0.062021
0.060747
0.062335
0.062301
0.059911
0.063171
0.061970
0.062365
0.060685
0.062414
0.062458
0.063233
0.062738
0.063192
0.063512
0.074081
0.060704
0.061911
0.063313
0.062892
0.062804
0.062840
0.062765
0.060602
0.063134
0.062675
0.062626
0.064091
0.061435
0.062618
0.062521
0.062346
0.062471
0.062137
0.062095
0.073424
0.062000
0.061569
0.060517
0.061294
0.063747
0.060377
0.061836
0.061882
0.060929
0.061791
0.061923
0.039777
0.041686
0.041418
0.039575
0.041736
0.042316
0.041611
0.041411
0.045483
0.041784
0.041207
0.041792
0.039862
0.041818
0.041405
0.060135
0.062090
0.063162
0.062075
0.061860
0.062035
0.062707
0.065153
0.063516
0.062306
0.063741
0.065983
0.064291
0.074127
0.062838
0.059993
0.061811
0.062726
0.060278
0.062320
0.060094
0.063040
0.062834
0.061486
0.060400
0.063092
0.062078
0.063177
0.062127
0.062299
0.062161
0.062224
0.065797
0.073428
0.062123
0.062088
0.065214
0.063675
0.066288
0.063485
0.060279
0.065388
0.065548
0.065214
0.063935
0.068922
0.068756
0.066786
0.065804
0.069220
0.065843
0.063349
0.062631
0.071852
0.066489
0.062688
0.060690
0.063563
0.062597
0.061008
0.063045
0.062607
0.062085
0.063806
0.062733
0.062145
0.062945
0.062644
0.060210
0.060750
0.064180
0.063009
0.062899
0.074067
0.062886
0.062867
0.063154
0.062390
0.063133
0.063618
0.062870
0.063116
0.062695
0.066970
0.066190
0.063120
0.063961
0.062985
0.062963
0.062805
0.064426
0.066529
0.063001
0.072211
0.063072
0.062891
0.064547
0.062874
0.060938
0.062887
0.063231
0.060786
0.063328
0.062876
0.063827
0.062712
0.063278
0.060474
0.062566
0.063818
0.062817
0.066183
0.063500
0.075027
0.061445
0.063986
0.060962
0.065606
0.065030
0.062582
0.065414
0.064945
0.064869
0.064087
0.065053
0.064855
0.062744
0.065261
0.062928
0.064487
0.066167
0.065010
0.062497
0.073622
0.064231
0.062325
0.062850
0.062862
0.063281
0.063435
0.062117
0.062776
0.062425
0.062487
0.061555
0.062687
0.062375
0.062138
0.062371
0.062420
0.062342
0.063024
0.062823
0.072148
0.062321
0.061499
0.059785
0.062777
0.061104
0.062434
0.062953
0.062089
0.062045
0.061998
0.060051
0.060158
0.062146
0.060292
0.061990
0.061968
0.060501
0.064342
0.062529
0.075389
0.062285
0.061931
0.060511
0.060607
0.062524
0.062657
0.062978
0.062582
0.060637
0.060330
0.062680
0.061384
0.063408
0.062713
0.060660
0.062543
0.061939
0.062115
0.062253
0.074162
0.059990
0.062526
0.062580
0.060675
0.064010
0.063574
0.062800
0.060562
0.062736
0.060134
0.062434
0.062318
0.063502
0.062728
0.062860
0.060038
0.062001
0.061944
0.065112
0.071509
0.061782
0.062606
0.062517
0.061796
0.062080
0.063136
0.062368
0.060611
0.060477
