0.107806
0.063554
0.061469
0.063041
0.061151
0.063202
0.063218
0.063713
0.062977
0.061424
0.061245
0.063392
0.062147
0.063577
0.062701
0.064255
0.063737
0.063426
0.063899
0.064330
0.074030
0.065030
0.061601
0.068659
0.066661
0.069864
0.069918
0.064640
0.064091
0.062016
0.062070
0.064270
0.063358
0.063127
0.063935
0.063869
0.063553
0.067004
0.062100
0.067077
0.074894
0.063184
0.063670
0.063991
0.064166
0.064187
0.065302
0.067041
0.061508
0.062048
0.061568
0.063287
0.066373
0.061592
0.061429
0.063410
0.066582
0.066144
0.062128
0.060482
0.074666
0.063732
0.063314
0.063384
0.063849
0.061351
0.062560
0.063312
0.062160
0.063702
0.061679
0.063459
0.061170
0.062716
0.061218
0.060700
0.063093
0.062852
0.063529
0.063076
0.073949
0.063556
0.062876
0.065355
0.065233
0.063528
0.063903
0.061052
0.063221
0.062742
0.063144
0.063971
0.063925
0.061535
0.063729
0.064368
0.065195
0.063901
0.062473
0.063728
0.075280
0.063873
0.062132
0.063998
0.062289
0.061916
0.061956
0.063378
0.065004
0.063684
0.061890
0.063368
0.063570
0.061417
0.063208
0.061248
0.063788
0.063294
0.063303
0.063904
0.072870
0.061712
0.064791
0.063319
0.063609
0.061133
0.064174
0.063449
0.063880
0.061366
0.063323
0.061570
0.061426
0.064750
0.064348
0.061113
0.063311
0.061126
0.061527
0.061905
0.075691
0.063816
0.061629
0.063529
0.062512
0.063314
0.065237
0.063845
0.063565
0.063835
0.061708
0.063585
0.062554
0.063425
0.063546
0.063590
0.063803
0.061243
0.065077
0.060945
0.073703
0.062601
0.063313
0.061140
0.061902
0.063085
0.062717
0.061080
0.062922
0.062780
0.061348
0.064764
0.063060
0.060891
0.062952
0.063380
0.061530
0.061733
0.061679
0.063229
0.074347
0.062620
0.063860
0.061752
0.062001
0.063270
0.063840
0.062990
0.063190
0.063326
0.063524
0.063467
0.063385
0.066157
0.065256
0.065123
0.064563
0.065187
0.063116
0.064967
0.076289
0.064722
0.062155
0.065125
0.065003
0.063825
0.062584
0.064341
0.064788
0.064782
0.064598
0.062802
0.062819
0.061490
0.063464
0.061899
0.061547
0.063501
0.063849
0.061493
0.072611
0.064225
0.061332
0.063338
0.064394
0.063625
0.064645
0.062398
0.061786
0.063995
0.064661
0.062262
0.064142
0.064085
0.065584
0.063962
0.065345
0.064005
0.061940
0.061858
0.075083
0.063647
0.064384
0.062606
0.063469
0.061437
0.062494
0.063653
0.063771
0.061619
0.063623
0.063252
0.061162
0.063117
0.063020
0.061676
0.063114
0.061237
0.061219
0.064241
0.074466
0.061736
0.062987
0.063213
0.062600
0.062801
0.062596
0.062560
0.063523
0.063234
0.060870
0.063498
0.061749
0.062165
0.063728
0.063709
0.063601
0.063940
0.063275
0.064594
0.074715
0.061544
0.061186
0.063098
0.062079
0.063463
0.062787
0.062823
0.060623
0.063183
0.063014
0.064517
0.066331
0.060727
0.061442
0.067098
0.067319
0.066203
0.063907
0.067003
0.072818
0.066760
0.061680
0.063900
0.066536
0.063448
0.063217
0.062736
0.060907
0.063422
0.063120
0.061168
0.064709
0.061050
0.062351
0.065011
0.063334
0.061449
0.061740
0.060995
0.074722
0.065145
0.067709
0.061831
0.062124
0.067173
0.063673
0.066094
0.063482
0.063816
0.064214
0.061854
0.067133
0.069203
0.064716
0.064293
0.063833
0.064854
0.062338
0.064263
0.075359
0.063949
0.063698
0.063761
0.062323
0.064772
0.064827
0.064521
0.064655
0.061828
0.064517
0.062475
0.067122
0.064093
0.062142
0.065165
0.062479
0.063612
0.062289
0.063368
0.073586
0.063211
0.064308
0.061707
0.060287
0.060513
0.063342
0.068039
0.062753
0.065197
0.062696
0.062853
0.063540
0.064553
0.064457
0.064879
0.064036
0.062180
0.064287
0.064236
0.075066
0.063051
0.063761
0.061636
0.062410
0.063750
0.061714
0.065242
0.064371
0.065459
0.064985
0.062377
0.064454
0.063182
0.064694
0.064280
0.065309
0.063392
0.062872
0.063029
0.076283
0.064733
0.065598
0.065043
0.064523
0.065630
0.064732
0.064936
0.065876
0.066961
0.065492
0.065906
0.065216
0.065305
0.066531
0.064649
0.065733
0.063586
0.065737
0.066584
0.076639
0.067104
0.063416
0.063886
0.064986
0.064583
0.065877
0.065197
0.065090
0.065215
0.064856
0.064482
0.064210
0.065155
0.063160
0.065346
0.064750
0.064065
0.065472
0.063111
0.076166
0.063040
0.062687
0.065201
0.065125
0.065417
0.064368
0.063572
0.065098
0.065117
0.065069
0.065129
0.064921
0.062822
0.064847
0.064483
0.064926
0.065036
0.066850
0.065246
0.074510
0.062822
0.065963
0.065830
0.067002
0.063943
0.063712
0.065673
0.065416
0.062784
0.066876
0.065875
0.067004
0.063864
0.066227
0.067693
0.073140
0.066221
0.067637
0.064554
0.075639
0.065750
0.067524
0.064561
0.069000
0.066903
0.066192
0.066123
0.063544
0.063862
0.069631
0.066359
0.066627
0.063634
0.065340
0.065444
0.065574
0.063793
0.062405
0.064161
0.075724
0.062427
0.079813
0.062991
0.065636
0.062215
0.063927
0.066094
0.063393
0.063901
0.061644
0.064190
0.063180
0.065281
0.064634
0.061772
0.064021
0.064275
0.064061
0.062279
0.075891
0.062663
0.061379
0.062808
0.066202
0.067675
0.064716
0.061603
0.062838
0.063305
0.061595
0.061361
0.065218
0.064720
0.064393
0.064073
0.061161
0.062303
0.063024
0.063781
0.074824
0.064500
0.065331
0.062232
0.062399
0.064393
0.065312
0.064039
0.065048
0.064712
0.068696
0.063780
0.063788
0.067123
0.065249
0.066586
0.065653
0.065966
0.064803
0.061673
0.073767
0.063838
0.065337
0.066263
0.062995
0.063553
0.063586
0.063212
0.062815
0.068461
0.061809
0.063676
0.063656
0.063859
0.066562
0.061752
0.064770
0.065000
0.060996
0.064584
0.075054
0.062030
0.063530
0.062515
0.063640
0.061997
0.064131
0.064432
0.061910
0.063148
0.063693
0.062624
0.065365
0.063819
0.065510
0.064036
0.063000
0.063481
0.062787
0.064994
0.072947
0.064750
0.065132
0.065323
0.064727
0.063592
0.063143
0.065088
0.063769
0.065622
0.063340
0.063074
0.063503
0.061891
0.061234
0.063172
0.067943
0.064635
0.062430
0.065159
0.075270
0.065387
0.063873
0.062901
0.062786
0.063361
0.062991
0.063196
0.065408
0.065206
0.061781
0.064456
0.064173
0.063656
0.063352
0.061607
0.063099
0.063135
0.062499
0.066974
0.074434
0.062824
0.061713
0.062591
0.062483
0.063974
0.063576
0.065056
0.063178
0.063339
0.063808
0.063560
0.064148
0.064198
0.063857
0.061109
0.061443
0.065882
0.062807
0.064090
0.074352
0.061239
0.063536
0.061854
0.065481
0.067891
0.061661
0.063742
0.063799
0.064372
0.064307
0.064260
0.063364
0.063639
0.062935
0.063505
0.065946
0.067057
0.064725
0.063452
0.075016
0.064000
0.061872
0.063839
0.069028
0.062191
0.063536
0.064587
0.061620
0.063542
0.061222
0.063193
0.060885
0.063133
0.065314
0.063735
0.061563
0.063079
0.063308
0.061718
0.074693
0.063974
0.061150
0.060808
0.063581
0.063524
0.061953
0.062315
0.061425
0.063289
0.063475
0.063129
0.061957
0.064065
0.064365
0.064509
0.064327
0.062116
0.063872
0.065484
0.075533
0.063989
0.064430
0.064195
0.063092
0.064896
0.064167
0.062546
0.064485
0.065588
0.072710
0.063164
0.065415
0.064785
0.062715
0.043535
0.045332
0.043941
0.043423
0.043330
0.046747
0.042612
0.042711
0.063288
0.061929
0.043330
0.044138
0.041698
0.061796
0.041842
0.064912
0.064250
0.066101
0.064740
0.041798
0.064796
0.062394
0.064332
0.062593
0.063998
0.071104
0.065407
0.062722
0.065248
0.065031
0.066033
0.065376
0.063401
0.065502
0.069156
0.069065
0.066783
0.066759
0.063594
0.065255
0.065741
0.062800
0.062206
0.045102
0.042378
0.049477
0.043941
0.063134
0.043903
0.043788
0.041864
0.043688
0.043829
0.043648
0.043998
0.044343
0.042136
0.043930
0.042235
0.062619
0.064981
0.065673
0.064934
0.065251
0.065401
0.077703
0.064104
0.064596
0.065719
0.065079
0.065145
0.066015
0.063071
0.064789
0.062564
0.062629
0.064899
0.063142
0.065273
0.065446
0.064518
0.064598
0.064629
0.064408
0.064533
0.076522
0.064378
0.064178
0.064947
0.064498
0.065180
0.065467
0.064555
0.064821
0.064735
0.063731
0.063667
0.064367
0.063828
0.063439
0.062973
0.063004
0.063701
0.063898
0.063389
0.072803
0.063192
0.062623
0.063171
0.063746
0.063400
0.061222
0.063289
0.063642
0.061613
0.066222
0.061938
0.063133
0.060923
0.063264
0.063133
0.063403
0.061731
0.062526
0.062821
0.074660
0.061128
0.063297
0.063113
0.061924
0.063496
0.062926
0.063924
0.063343
0.066370
0.065541
0.063155
0.062546
0.062278
0.065221
0.065587
0.062907
0.045528
0.060539
0.068455
0.075122
0.066689
0.060915
0.062882
0.063217
0.066237
0.062896
0.063838
0.062079
0.061570
0.060964
0.063342
0.062683
0.063329
0.060844
0.062395
0.061248
0.062562
0.062957
0.064046
0.074424
0.064218
0.063044
0.063764
0.063991
0.064821
0.064044
0.063626
0.061545
0.064841
0.063480
0.064892
0.061553
0.063922
0.064306
0.065120
0.064133
0.063817
0.064717
0.063545
0.072778
0.063818
0.063311
0.064773
0.061985
0.063206
0.065141
0.063606
0.063553
0.065046
0.061069
0.063097
0.064657
0.061761
0.063385
0.063505
0.060906
0.061463
0.063216
0.064390
0.074429
0.063275
0.061329
0.061542
0.063067
0.061206
0.062907
0.063042
0.061217
0.061305
0.063330
0.064777
0.063386
0.063300
0.063846
0.061548
0.063326
0.061097
0.063046
0.063912
0.075268
0.064701
0.063926
0.061581
0.064639
0.063528
0.060860
0.063831
0.063281
0.060721
0.062938
0.062475
0.063132
0.060964
0.062170
0.062970
0.061349
0.064575
0.063263
0.063147
0.075031
0.063025
0.061085
0.061258
0.063764
0.063794
0.062964
0.061706
0.061840
0.063745
0.062110
0.063739
0.064765
0.063374
0.063473
0.063319
0.063316
0.063288
0.063084
0.063869
0.072518
0.063550
0.065901
0.063498
0.064596
0.062476
0.062904
0.065062
0.063150
0.065277
0.066944
0.064897
0.064658
0.062851
0.062673
0.063802
0.065301
0.062472
0.064053
0.063825
0.075755
0.063998
0.065628
0.064724
0.065067
0.064126
0.064400
0.063725
0.065773
0.064087
0.064460
0.064521
0.062241
0.043583
0.022751
0.044593
0.062544
0.064450
0.062510
0.064570
0.076473
0.066572
0.043891
0.065097
0.041488
0.064182
0.064765
0.064095
0.043970
0.065275
0.062769
0.062215
0.065708
0.067759
0.066274
0.062668
0.067733
0.067716
0.067895
0.064073
0.075262
0.064235
0.063785
0.062158
0.064276
0.062269
0.064229
0.064157
0.064509
0.064152
0.064664
0.065212
0.065988
0.064372
0.064401
0.062531
0.064595
0.062123
0.068814
0.063313
0.076000
0.063067
0.064420
0.065037
0.065822
0.065286
0.066085
0.065031
0.065754
0.062730
0.065138
0.066950
0.067598
0.064530
0.064478
0.064837
0.064971
0.065823
0.067819
0.063982
0.071163
