0.106031
0.062802
0.064110
0.060728
0.062572
0.062552
0.060605
0.062580
0.065497
0.063085
0.062961
0.062692
0.063376
0.063197
0.063282
0.061657
0.062937
0.062533
0.062423
0.062573
0.071167
0.040395
0.041727
0.039637
0.039896
0.062989
0.063197
0.063512
0.064803
0.065438
0.064125
0.064038
0.064708
0.061916
0.062927
0.064064
0.063992
0.062133
0.063665
0.064139
0.074414
0.065078
0.042483
0.042375
0.042208
0.040496
0.040716
0.042315
0.042629
0.042474
0.042397
0.042206
0.042498
0.042113
0.042980
0.042372
0.042521
0.042674
0.041027
0.042849
0.046038
0.042355
0.042429
0.041049
0.041311
0.042909
0.042262
0.040498
0.042217
0.042969
0.042499
0.042644
0.041099
0.043310
0.041314
0.062180
0.064893
0.064122
0.064112
0.062157
0.049078
0.042283
0.041589
0.041505
0.041625
0.039727
0.041603
0.041595
0.041449
0.062156
0.062310
0.063771
0.063064
0.063128
0.063642
0.063062
0.039903
0.041660
0.041703
0.041398
0.045341
0.041530
0.040496
0.041933
0.041668
0.041481
0.043477
0.041868
0.041629
0.041568
0.063857
0.060525
0.062566
0.062865
0.063137
0.060757
0.064578
0.064999
0.062445
0.064182
0.050256
0.043310
0.043004
0.041445
0.043036
0.042794
0.040926
0.063942
0.064091
0.061965
0.065416
0.064073
0.062359
0.064607
0.066384
0.062967
0.064780
0.064027
0.062101
0.064191
0.075383
0.042742
0.021572
0.021228
0.019786
0.021267
0.021221
0.021207
0.021230
0.021595
0.019728
0.021509
0.023090
0.020474
0.021555
0.022931
0.019914
0.021499
0.021283
0.042202
0.048280
0.042788
0.041125
0.042993
0.041243
0.020417
0.042680
0.042778
0.042772
0.042831
0.042633
0.043285
0.043727
0.043802
0.040732
0.042704
0.042634
0.043022
0.042680
0.042641
0.048416
0.043615
0.042829
0.040982
0.042756
0.042968
0.040720
0.042853
0.043960
0.045013
0.041003
0.042505
0.042509
0.042650
0.042606
0.042597
0.042820
0.044740
0.042777
0.042680
0.048295
0.042555
0.040800
0.042771
0.042634
0.043575
0.042947
0.041379
0.041106
0.043197
0.042997
0.043150
0.042993
0.042105
0.042817
0.042952
0.040872
0.042905
0.042659
0.040992
0.048513
0.042973
0.043399
0.042902
0.042790
0.042787
0.042762
0.042853
0.041142
0.044063
0.042658
0.040954
0.040924
0.042781
0.042646
0.042951
0.063533
0.063123
0.064952
0.064179
0.073440
0.063967
0.064106
0.062289
0.042768
0.042721
0.042682
0.042739
0.042899
0.042670
0.041128
0.042913
0.044086
0.041100
0.042750
0.042616
0.042844
0.042903
0.041199
0.041369
0.048314
0.041095
0.042880
0.042868
0.042729
0.042973
0.042847
0.041138
0.042765
0.042602
0.062433
0.063950
0.063681
0.041295
0.043366
0.042649
0.040841
0.042736
0.042786
0.041049
0.048448
0.041020
0.043339
0.042799
0.042913
0.043459
0.042893
0.042792
0.041041
0.041035
0.041795
0.041203
0.041057
0.042715
0.041025
0.042724
0.042829
0.041420
0.043315
0.042593
0.046613
0.041356
0.041383
0.063655
0.042706
0.043532
0.041228
0.042866
0.042766
0.040933
0.042861
0.042892
0.041023
0.043241
0.042914
0.042697
0.042829
0.042852
0.043907
0.043239
0.048737
0.043256
0.043240
0.042965
0.042781
0.042773
0.043842
0.043921
0.042955
0.043325
0.041415
0.042657
0.042665
0.042751
0.044168
0.042979
0.042818
0.040691
0.041852
0.041654
0.047210
0.041508
0.042407
0.039888
0.041583
0.041936
0.041973
0.041791
0.041813
0.041867
0.041917
0.041552
0.042111
0.041975
0.040630
0.041837
0.041784
0.039950
0.041712
0.041712
0.045606
0.041705
0.040276
0.041443
0.041566
0.041584
0.041638
0.041543
0.042032
0.040835
0.043519
0.042649
0.042709
0.042321
0.042534
0.040591
0.040790
0.042474
0.041437
0.042769
0.048224
0.042415
0.042666
0.042575
0.042505
0.042315
0.043059
0.042369
0.040497
0.042612
0.042800
0.040411
0.042432
0.040416
0.021535
0.021743
0.019546
0.021079
0.021024
0.019272
0.021052
0.021017
0.021050
0.021194
0.019372
0.019316
0.022472
0.023503
0.019989
0.021038
0.020943
0.042126
0.042522
0.042531
0.042442
0.042365
0.064073
0.063249
0.063026
0.060764
0.074056
0.040756
0.042139
0.063094
0.063140
0.062704
0.042318
0.062927
0.042268
0.063193
0.041880
0.061809
0.041616
0.042323
0.042001
0.040056
0.040161
0.042332
0.041424
0.041707
0.047248
0.039830
0.041575
0.041520
0.041523
0.041714
0.040229
0.041454
0.041439
0.041293
0.039777
0.041642
0.041660
0.041530
0.043281
0.042221
0.041942
0.039690
0.041668
0.041564
0.045559
0.041590
0.041914
0.042649
0.041666
0.039761
0.041783
0.043573
0.040210
0.042048
0.063200
0.060992
0.041969
0.040232
0.040303
0.041701
0.042043
0.041852
0.042404
0.042263
0.045687
0.041866
0.041563
0.039917
0.041851
0.041804
0.040088
0.042830
0.042041
0.040542
0.042249
0.041544
0.039691
0.041725
0.041730
0.040119
0.041970
0.042723
0.041708
0.039730
0.047244
0.041687
0.041597
0.041657
0.040567
0.041606
0.041497
0.041556
0.041499
0.041531
0.039634
0.041589
0.043661
0.042262
0.041909
0.042072
0.040360
0.042942
0.041063
0.041197
0.049510
0.043171
0.042678
0.040883
0.042798
0.041033
0.042662
0.042646
0.042374
0.042793
0.042552
0.042475
0.042427
0.043414
0.042603
0.042672
0.042451
0.044343
0.042717
0.042512
0.048145
0.043136
0.041155
0.040817
0.040615
0.043293
0.040837
0.041157
