0.100927
0.061795
0.063771
0.061789
0.063426
0.061240
0.064579
0.063293
0.063402
0.062842
0.061514
0.063624
0.063941
0.062796
0.063797
0.063452
0.063458
0.063439
0.063575
0.065304
0.071761
0.063911
0.063520
0.063266
0.061632
0.064963
0.064257
0.064764
0.064010
0.062099
0.064175
0.064166
0.064484
0.064202
0.064160
0.064068
0.063842
0.063847
0.064481
0.067311
0.072382
0.063859
0.063951
0.063173
0.064050
0.064164
0.062439
0.062448
0.064333
0.062307
0.067840
0.069315
0.062377
0.065552
0.064318
0.065136
0.042982
0.064392
0.064722
0.064354
0.076530
0.064603
0.064388
0.065119
0.064451
0.062059
0.064819
0.064948
0.064181
0.064542
0.064815
0.064171
0.062057
0.064577
0.062324
0.062369
0.062520
0.064777
0.062338
0.064073
0.076629
0.064271
0.062230
0.066119
0.064806
0.062128
0.063865
0.061868
0.063733
0.064486
0.064123
0.064157
0.061846
0.063219
0.064553
0.064212
0.065000
0.063958
0.064175
0.063922
0.073533
0.064325
0.064507
0.063755
0.064083
0.064021
0.062814
0.067954
0.064448
0.064416
0.067520
0.063890
0.062011
0.065431
0.068274
0.065451
0.067990
0.068107
0.068328
0.062446
0.075105
0.063502
0.064872
0.064564
0.063029
0.064448
0.062202
0.064400
0.064199
0.063953
0.064552
0.064559
0.062136
0.065546
0.068016
0.064338
0.064106
0.062456
0.064291
0.064240
0.076715
0.062821
0.064705
0.064927
0.065357
0.065408
0.067273
0.066002
0.064843
0.064676
0.063925
0.060917
0.063213
0.063907
0.060503
0.062560
0.062454
0.060323
0.065259
0.063920
0.074993
0.064827
0.064688
0.064664
0.063034
0.061846
0.065193
0.066966
0.064977
0.060817
0.061974
0.064008
0.063709
0.067443
0.063251
0.062105
0.063086
0.063338
0.062863
0.063399
0.073267
0.060194
0.063186
0.062335
0.062558
0.063483
0.062356
0.063321
0.062893
0.063440
0.063265
0.062610
0.063431
0.062977
0.060859
0.062713
0.062947
0.063028
0.064920
0.062876
0.073518
0.062624
0.062496
0.060370
0.061908
0.062728
0.062683
0.062965
0.063051
0.060881
0.063957
0.063488
0.062643
0.063399
0.061215
0.062744
0.062697
0.061011
0.063715
0.062786
0.074008
0.060848
0.062817
0.063038
0.064137
0.062910
0.062863
0.064209
0.063335
0.062547
0.062412
0.062985
0.061842
0.061011
0.062775
0.042261
0.060831
0.063198
0.063007
0.062404
0.073370
0.063557
0.062789
0.061110
0.063651
0.060791
0.062777
0.062682
0.060822
0.063133
0.063488
0.064246
0.062332
0.060360
0.063336
0.062978
0.062572
0.063751
0.062328
0.063896
0.074297
0.062950
0.063102
0.060768
0.065915
0.060563
0.062135
0.060332
0.064984
0.062845
0.064705
0.066378
0.062404
0.065288
0.068790
0.069745
0.063317
0.064370
0.066133
0.069704
0.072189
0.062192
0.060686
0.062993
0.062397
0.060286
0.062038
0.062193
0.062682
0.061037
0.063128
0.060872
0.060595
0.062825
0.062816
0.061546
0.063776
0.062645
0.043573
0.062476
0.073698
0.062274
0.066019
0.060438
0.065421
0.062116
0.063091
0.062298
0.061229
0.064229
0.064407
0.064471
0.062406
0.064537
0.064132
0.065595
0.064929
0.062554
0.065006
0.064748
0.074025
0.065127
0.064769
0.065222
0.065417
0.065025
0.064699
0.064810
0.069788
0.068395
0.068956
0.067545
0.065555
0.067244
0.064506
0.066084
0.067606
0.064004
0.065700
0.070882
0.074412
0.066390
0.064790
0.062855
0.064931
0.067722
0.067730
0.069426
0.065860
0.067197
0.062156
0.063721
0.067353
0.068584
0.062667
0.064469
0.064301
0.064449
0.065665
0.067767
0.074297
0.065182
0.062474
0.064279
0.067307
0.064351
0.063008
0.064499
0.065350
0.064676
0.064573
0.065767
0.068328
0.064424
0.064111
0.062758
0.066032
0.063078
0.066561
0.065351
0.076693
0.062931
0.043106
0.062901
0.063284
0.066502
0.043566
0.041627
0.044770
0.065139
0.062968
0.065049
0.063939
0.063272
0.064954
0.064764
0.065138
0.065098
0.065077
0.063632
0.076129
0.065633
0.065111
0.064229
0.062334
0.065212
0.064664
0.064988
0.064578
0.064593
0.065015
0.065711
0.065084
0.064946
0.062956
0.065233
0.062678
0.062836
0.063217
0.064555
0.076352
0.064296
0.062540
0.064589
0.065092
0.064331
0.064252
0.064348
0.064086
0.064477
0.063883
0.061636
0.063783
0.062526
0.063082
0.063350
0.063282
0.062417
0.063492
0.063630
0.074468
0.065411
0.061992
0.063904
0.064204
0.063106
0.062940
0.062983
0.063015
0.069305
0.061641
0.062947
0.062699
0.063130
0.062932
0.064164
0.063661
0.062931
0.062762
0.060789
0.074125
0.063017
0.062766
0.063300
0.061068
0.063455
0.065665
0.062434
0.064869
0.063966
0.064795
0.063722
0.066576
0.061493
0.063691
0.066751
0.061337
0.066198
0.066138
0.066356
0.069464
0.063709
0.064148
0.063873
0.061208
0.063079
0.062976
0.062819
0.063703
0.063084
0.063046
0.061087
0.063462
0.063250
0.061769
0.066931
0.063827
0.063763
0.063151
0.062835
0.074289
0.063916
0.062968
0.062867
0.062948
0.063004
0.063525
0.063924
0.065285
0.064013
0.061586
0.063890
0.063160
0.063252
0.063572
0.062982
0.063019
0.063156
0.063010
0.062844
0.074900
0.063962
0.067422
0.066723
0.066813
0.061668
