0.099402
0.062910
0.062901
0.060961
0.060704
0.063991
0.063210
0.061562
0.063423
0.063962
0.065171
0.062984
0.063087
0.064495
0.062811
0.062561
0.062688
0.064336
0.065305
0.062834
0.073206
0.065247
0.066890
0.063096
0.065151
0.063442
0.060870
0.063170
0.061125
0.063206
0.060965
0.064209
0.063405
0.063650
0.062938
0.063141
0.064144
0.065286
0.060928
0.062740
0.072459
0.062964
0.062682
0.060701
0.061264
0.062852
0.062482
0.060752
0.063222
0.065061
0.062371
0.064171
0.062766
0.063061
0.060537
0.062495
0.061836
0.063140
0.062613
0.062472
0.071963
0.062928
0.060747
0.064881
0.060641
0.062719
0.062730
0.062708
0.062939
0.063002
0.063426
0.041436
0.042180
0.061110
0.063333
0.064058
0.064081
0.065778
0.064044
0.064221
0.073360
0.063467
0.063685
0.062509
0.063926
0.063707
0.063923
0.063943
0.062001
0.061846
0.065456
0.064430
0.062218
0.061888
0.061985
0.063992
0.064666
0.062458
0.064193
0.064118
0.073507
0.063815
0.063182
0.064655
0.062171
0.064071
0.061856
0.064315
0.065663
0.064457
0.064576
0.064375
0.062280
0.064405
0.064128
0.065402
0.062395
0.065613
0.064402
0.064147
0.075702
0.066331
0.062560
0.064380
0.064120
0.064136
0.061948
0.064194
0.064807
0.062413
0.066321
0.062597
0.064580
0.064290
0.065449
0.062489
0.062406
0.062107
0.064915
0.064264
0.076319
0.061913
0.063438
0.063123
0.063666
0.061626
0.063694
0.064546
0.063512
0.061788
0.064297
0.064237
0.062142
0.066180
0.063951
0.064055
0.062510
0.064298
0.063657
0.061597
0.075603
0.063725
0.064291
0.063906
0.063926
0.064007
0.065588
0.062478
0.064504
0.064337
0.066063
0.064396
0.065548
0.062548
0.064097
0.064099
0.062757
0.064425
0.064448
0.065167
0.075775
0.064399
0.064282
0.065849
0.064933
0.065404
0.064406
0.062204
0.063705
0.064044
0.061977
0.062868
0.064469
0.062299
0.064194
0.064921
0.067053
0.064441
0.063257
0.062734
0.075698
0.062226
0.063923
0.061819
0.063187
0.063834
0.062070
0.063791
0.061671
0.065732
0.063246
0.062550
0.062675
0.064543
0.064451
0.064466
0.063859
0.065389
0.062471
0.062340
0.073311
0.062141
0.065011
0.066416
0.064107
0.063311
0.064108
0.061793
0.064054
0.062639
0.061470
0.066482
0.063314
0.061168
0.060631
0.062822
0.063726
0.063414
0.061372
0.063081
0.074637
0.063541
0.061144
0.061699
0.063634
0.063140
0.063527
0.062805
0.062805
0.062520
0.063450
0.062868
0.060836
0.063221
0.062794
0.063073
0.063196
0.063011
0.063328
0.063517
0.074969
0.063778
0.064053
0.063044
0.061540
0.063598
0.061689
0.061430
0.064116
0.064161
0.063281
0.061427
0.063197
0.064103
0.062764
0.065519
0.064803
0.061303
0.063133
0.063048
0.074661
0.062524
0.063584
0.063697
0.061816
0.063500
0.063404
0.064023
0.064236
0.061980
0.064411
0.063532
0.063153
0.063737
0.062115
0.062795
0.062736
0.062889
0.062745
0.062849
0.072666
0.063454
0.063496
0.066072
0.063624
0.063549
0.063475
0.064729
0.063362
0.060896
0.062641
0.062697
0.060714
0.061177
0.061446
0.063410
0.061302
0.061988
0.060911
0.062683
0.073135
0.063209
0.061198
0.064232
0.063794
0.063122
0.063907
0.063536
0.063140
0.060576
0.064843
0.063042
0.060798
0.063963
0.060633
0.060927
0.063959
0.063650
0.061600
0.063451
0.075210
0.063688
0.063376
0.062581
0.065256
0.066644
0.067559
0.064532
0.064514
0.063188
0.065841
0.066187
0.066894
0.064811
0.061698
0.064755
0.063783
0.067564
0.062425
0.064919
0.071747
0.065034
0.064592
0.064808
0.062605
0.063407
0.064701
0.064642
0.062701
0.062954
0.064092
0.067424
0.064655
0.067873
0.062735
0.064522
0.068130
0.065177
0.067529
0.060447
0.073952
0.062888
0.060883
0.067599
0.063417
0.062826
0.066103
0.061352
0.063540
0.064859
0.066580
0.066891
0.066862
0.066778
0.066835
0.061467
0.068337
0.063767
0.067846
0.063499
0.074423
0.061130
0.068542
0.063915
0.063694
0.063561
0.042882
0.042891
0.042519
0.042361
0.044619
0.043293
0.042612
0.040919
0.040862
0.042599
0.063051
0.066715
0.067636
0.063345
0.046022
0.066100
0.065049
0.066625
0.063951
0.068086
0.062043
0.066986
0.063645
0.067430
0.065342
0.065392
0.062662
0.064268
0.064015
0.067908
0.067381
0.069477
0.063752
0.064720
0.073522
0.067463
0.064473
0.064992
0.062624
0.064100
0.041009
0.064267
0.065315
0.064219
0.065228
0.064178
0.063568
0.062157
0.063271
0.063056
0.065405
0.064664
0.064457
0.062412
0.073864
0.060865
0.060303
0.062886
0.063255
0.065280
0.062974
0.062613
0.062618
0.063574
0.060995
0.062831
0.062858
0.060846
0.062896
0.063117
0.062933
0.063426
0.063778
0.061716
0.072165
0.062579
0.064148
0.062720
0.063449
0.060703
0.063004
0.065510
0.066389
0.062444
0.066483
0.062667
0.067478
0.066175
0.066378
0.067644
0.066246
0.067114
0.066351
0.064227
0.074155
0.067681
0.066561
0.063076
0.067486
0.065958
0.063201
0.068788
0.064655
0.066422
0.063224
0.063147
0.063083
0.061308
0.060836
0.065733
0.066636
0.066056
0.063524
0.063059
0.070395
0.065913
0.060853
0.062785
0.062476
0.063769
0.067171
0.063491
0.064469
0.062402
0.063623
0.066054
0.064294
0.063036
0.064466
0.064516
0.067600
0.067448
0.064251
0.065295
0.073469
0.070915
0.070870
0.067119
0.068184
0.065290
0.064313
0.067439
0.063721
0.067408
0.063778
0.065555
0.068011
0.067370
0.068691
0.065282
0.065949
0.071188
