0.100544
0.063163
0.062660
0.062871
0.060540
0.060858
0.063392
0.061172
0.060747
0.062749
0.060516
0.062257
0.063539
0.062655
0.062668
0.060773
0.062785
0.063077
0.064177
0.061309
0.070611
0.063991
0.063188
0.063195
0.063131
0.040660
0.060715
0.060792
0.062774
0.063687
0.062818
0.063674
0.061200
0.064032
0.063333
0.060740
0.061030
0.061260
0.063536
0.066470
0.074866
0.063546
0.063093
0.062916
0.064452
0.063707
0.063522
0.061686
0.061342
0.063120
0.064110
0.063399
0.063408
0.061037
0.063072
0.062965
0.062879
0.063474
0.063092
0.062797
0.075581
0.060766
0.063241
0.064370
0.063347
0.063765
0.063077
0.060466
0.063263
0.061104
0.062917
0.063096
0.063243
0.065146
0.061240
0.063065
0.061708
0.061323
0.063303
0.063394
0.074748
0.063211
0.063946
0.061245
0.063162
0.063064
0.064783
0.063611
0.063968
0.063596
0.063509
0.063296
0.063207
0.063083
0.063269
0.062618
0.063313
0.061252
0.040145
0.063287
0.076243
0.063590
0.061676
0.063455
0.063513
0.063419
0.063248
0.063162
0.061958
0.063387
0.063031
0.063279
0.063228
0.062020
0.063913
0.063050
0.062978
0.063750
0.063951
0.063473
0.073018
0.061368
0.061345
0.063264
0.061171
0.060888
0.062098
0.064415
0.063332
0.063158
0.063243
0.063290
0.061249
0.061646
0.063688
0.062453
0.063509
0.063298
0.063380
0.063634
0.076789
0.063389
0.063496
0.063467
0.063322
0.064238
0.064891
0.061313
0.063206
0.061339
0.063061
0.061168
0.061726
0.062517
0.063916
0.065256
0.062710
0.064409
0.063619
0.065426
0.075782
0.062120
0.062295
0.064271
0.064611
0.063848
0.064972
0.062243
0.064160
0.061200
0.063828
0.064932
0.064726
0.062728
0.064940
0.064855
0.062791
0.065078
0.065215
0.064131
0.075915
0.063166
0.062635
0.061033
0.061858
0.063061
0.061005
0.063421
0.062679
0.062608
0.063034
0.063049
0.063387
0.060917
0.060848
0.062574
0.062427
0.060632
0.062755
0.062416
0.072207
0.062771
0.062832
0.064632
0.060396
0.062307
0.061972
0.061063
0.062777
0.062450
0.063236
0.042139
0.040004
0.060679
0.062548
0.060397
0.062433
0.063061
0.062157
0.064268
0.076658
0.061690
0.063771
0.064680
0.064321
0.062216
0.062166
0.064159
0.062297
0.064621
0.065665
0.064244
0.064757
0.066230
0.064049
0.063941
0.062656
0.063120
0.064026
0.062017
0.073534
0.065162
0.062048
0.064000
0.064337
0.062047
0.063080
0.063916
0.062178
0.064406
0.069642
0.064550
0.061404
0.064118
0.064863
0.063976
0.063693
0.061625
0.061668
0.064636
0.072477
0.061141
0.062853
0.063304
0.063059
0.062994
0.060867
0.063092
0.063036
0.060498
0.063274
0.063219
0.064650
0.063237
0.063126
0.063286
0.064089
0.063030
0.062839
0.063034
0.074501
0.061106
0.062161
0.063547
0.061098
0.064366
0.061169
0.063402
0.061574
0.064298
0.061600
0.061634
0.063404
0.063620
0.063326
0.064157
0.061876
0.063611
0.063644
0.061874
0.074823
0.063792
0.063940
0.060987
0.063050
0.063076
0.063494
0.063753
0.064266
0.061815
0.063382
0.061543
0.064070
0.063401
0.064414
0.063539
0.063516
0.063380
0.063553
0.061399
0.075272
0.063691
0.063368
0.063323
0.066685
0.063701
0.066728
0.063048
0.061007
0.062589
0.062762
0.062929
0.063055
0.064140
0.062855
0.065758
0.060933
0.063202
0.064537
0.061732
0.048484
0.042359
0.063435
0.061318
0.063415
0.066622
0.064168
0.067524
0.069209
0.063139
0.066971
0.064107
0.062177
0.061536
0.063195
0.063248
0.063357
0.060664
0.060785
0.066024
0.068959
0.063695
0.042431
0.063224
0.061576
0.062986
0.042585
0.060699
0.042649
0.065795
0.066265
0.060864
0.043433
0.061649
0.063085
0.060827
0.062774
0.062976
0.040864
0.044442
0.072818
0.040943
0.042143
0.042002
0.042433
0.042151
0.042143
0.040564
0.042637
0.062879
0.042195
0.042037
0.060426
0.062581
0.066122
0.065639
0.061315
0.062953
0.061116
0.062956
0.074392
0.061077
0.061097
0.063048
0.063175
0.063498
0.063535
0.063450
0.062100
0.064212
0.063452
0.061299
0.063444
0.063463
0.064330
0.063354
0.060899
0.062851
0.063074
0.063489
0.074582
0.064454
0.064558
0.063940
