0.108616
0.064054
0.063295
0.063067
0.063726
0.063025
0.060966
0.062547
0.063307
0.063926
0.062605
0.063434
0.062979
0.062941
0.063068
0.062315
0.062972
0.063705
0.062980
0.063042
0.071271
0.062811
0.060781
0.063964
0.063500
0.062969
0.062154
0.063964
0.064565
0.064653
0.064886
0.064214
0.063955
0.063483
0.063756
0.063740
0.064039
0.062434
0.063682
0.063877
0.075493
0.062127
0.065583
0.064808
0.061825
0.063405
0.063076
0.063447
0.062990
0.063120
0.059113
0.061777
0.060956
0.062926
0.062876
0.063792
0.063234
0.062836
0.062790
0.060770
0.072340
0.063458
0.063138
0.063392
0.062633
0.062192
0.062272
0.062113
0.062169
0.062477
0.062565
0.062481
0.060664
0.060421
0.063024
0.062533
0.063512
0.063354
0.062564
0.062442
0.074336
0.062887
0.063219
0.062404
0.063194
0.062778
0.061012
0.063055
0.061457
0.063995
0.061000
0.063094
0.063144
0.062470
0.063051
0.063819
0.061911
0.063242
0.063022
0.062755
0.073789
0.062492
0.063784
0.062870
0.060773
0.062660
0.062711
0.060815
0.063065
0.063100
0.064307
0.063338
0.063152
0.063358
0.060723
0.063545
0.063317
0.064122
0.063415
0.063342
0.074739
0.063240
0.063474
0.064831
0.063427
0.062818
0.063017
0.062885
0.064857
0.064076
0.063253
0.062028
0.061044
0.062728
0.064216
0.064356
0.063384
0.062598
0.063053
0.062634
0.073917
0.063771
0.062782
0.060597
0.060626
0.062623
0.062677
0.060689
0.063676
0.063330
0.062392
0.063415
0.063104
0.060962
0.061558
0.061388
0.063282
0.063520
0.063283
0.061163
0.075257
0.063399
0.061733
0.063316
0.064404
0.063422
0.063231
0.064281
0.061312
0.063837
0.063312
0.061300
0.063007
0.060969
0.061023
0.062834
0.062982
0.062238
0.061981
0.063484
0.073082
0.062857
0.063174
0.063330
0.061227
0.063154
0.063064
0.061500
0.063383
0.063252
0.063114
0.062680
0.063624
0.063995
0.061738
0.063495
0.063092
0.064127
0.064209
0.063652
0.072502
0.063278
0.063694
0.061254
0.061455
0.063761
0.063989
0.061169
0.062713
0.060708
0.060624
0.060867
0.063598
0.063074
0.062690
0.060576
0.060892
0.063018
0.064365
0.064103
0.074360
0.063511
0.064544
0.066177
0.064435
0.065845
0.066436
0.060923
0.060686
0.062684
0.063671
0.065267
0.062335
0.066159
0.061103
0.063105
0.064332
0.064459
0.062910
0.063401
0.074776
0.061265
0.061463
0.061536
0.063434
0.066132
0.063746
0.063218
0.061549
0.061254
0.063067
0.064024
0.063726
0.063200
0.063218
0.066760
0.063318
0.066600
0.065649
0.063834
0.070392
0.063224
0.066330
0.063768
0.062240
0.063161
0.064364
0.061135
0.066339
0.067074
0.064396
0.061591
0.064722
0.066463
0.063532
0.063191
0.063343
0.064119
0.063461
0.063665
0.074100
0.063108
0.063545
0.064172
0.061342
0.062325
0.063177
0.063046
0.061240
0.062867
0.064355
0.063206
0.063209
0.063235
0.061357
0.063261
0.063114
0.063301
0.064341
0.067551
0.067110
0.063386
0.063488
0.063054
0.064122
0.063641
0.063517
0.063584
0.063731
0.065325
0.064052
0.063650
0.064904
0.063486
0.066419
0.066971
0.066745
0.066406
0.063177
0.063344
0.074552
0.064567
0.065141
0.061627
0.063724
0.064676
0.063808
0.063507
0.062128
0.063445
0.064972
0.062778
0.061466
0.064059
0.063394
0.064251
0.061255
0.063033
0.063590
0.061817
0.074732
0.062154
0.061776
0.063851
0.063792
0.063429
0.063524
0.063743
0.061788
0.063300
0.062925
0.063438
0.062610
0.063419
0.064189
0.063797
0.063769
0.061663
0.063716
0.062341
0.075590
0.063360
0.064124
0.062287
0.064426
0.063260
0.062724
0.064977
0.064936
0.065571
0.064760
0.062945
0.062930
0.064995
0.065755
0.062601
0.064893
0.064638
0.065149
0.063561
0.075076
0.064925
0.064544
0.062794
0.068007
0.068037
0.065392
0.064553
0.064974
0.063062
0.044021
0.064408
0.069766
0.068899
0.065390
0.062960
0.062947
0.064966
0.062958
0.063939
0.076401
0.064752
0.065715
0.064817
0.063153
0.067314
0.065334
0.063355
0.063142
0.065022
0.063038
0.064208
0.065275
0.063240
0.063297
0.065023
0.065339
0.063159
0.064584
0.068474
0.076484
0.064724
0.067986
0.064749
0.065352
0.064778
0.063125
0.064668
0.064713
0.064875
0.067142
0.066475
0.065750
0.065164
0.065017
0.063038
0.065058
0.063714
0.064049
0.064888
0.074453
0.064822
0.064868
0.063415
0.065784
0.062939
0.064314
0.064723
0.065062
0.065499
0.063728
0.063272
0.063421
0.061505
0.061053
0.062829
0.063626
0.064168
0.061196
0.063216
0.072492
0.064573
0.063005
0.061386
0.063716
0.063614
0.064087
0.062835
0.064493
0.063205
0.063077
0.061591
0.062684
0.062966
0.061561
0.062130
0.063180
0.061062
0.062684
0.062811
0.074427
0.063565
0.063144
0.061327
0.065640
0.063415
0.061540
0.063025
0.064582
0.061566
0.063016
0.062943
0.062873
0.062292
0.062540
0.061644
0.062878
0.063280
0.065018
0.063060
0.074355
0.061336
0.062018
0.060709
0.060941
0.062516
0.062887
0.064272
0.063468
0.062980
0.062660
0.063640
0.062674
0.062954
0.063574
0.060822
0.060886
0.062919
0.063003
0.061524
0.076216
0.061330
0.061169
0.061344
0.064016
0.064229
0.063341
0.063847
0.061928
0.062763
0.062755
0.060591
0.062654
0.063436
0.061674
0.062996
0.063100
0.061107
0.063974
0.063293
0.072916
0.063102
0.062942
0.062927
0.062800
0.062973
0.063430
0.063353
0.063293
0.063047
0.063138
0.065266
0.063489
