0.097672
0.064243
0.063142
0.063623
0.064109
0.062984
0.062677
0.043334
0.042717
0.043046
0.063355
0.043531
0.061249
0.042398
0.042193
0.041944
0.040372
0.063389
0.043443
0.043316
0.045256
0.042485
0.021164
0.042126
0.042727
0.043362
0.043235
0.041094
0.042634
0.042747
0.040859
0.041629
0.043370
0.041397
0.041551
0.043283
0.045209
0.063680
0.063548
0.064260
0.072425
0.063721
0.063325
0.063685
0.063536
0.061547
0.063752
0.063619
0.063137
0.063489
0.063727
0.063428
0.063038
0.063338
0.061710
0.063661
0.066103
0.062861
0.063259
0.063286
0.076143
0.063370
0.063278
0.061930
0.063759
0.062040
0.063083
0.063114
0.063071
0.063059
0.062690
0.062513
0.062648
0.060911
0.062957
0.062829
0.064151
0.060823
0.066207
0.062903
0.079475
0.066797
0.063229
0.062755
0.062694
0.062819
0.062686
0.062732
0.063036
0.063591
0.060879
0.062395
0.063542
0.063818
0.063197
0.062745
0.062661
0.063173
0.062840
0.062774
0.074009
0.062830
0.061984
0.061693
0.063266
0.063238
0.062017
0.063357
0.063621
0.062921
0.063504
0.061455
0.063328
0.062915
0.062917
0.062990
0.064692
0.061508
0.063380
0.063111
0.073743
0.061048
0.063584
0.064131
0.061778
0.064090
0.064019
0.063707
0.064654
0.064212
0.063712
0.061272
0.060837
0.062966
0.063038
0.065047
0.063851
0.062480
0.063741
0.068949
0.072494
0.063778
0.068215
0.064230
0.063855
0.064946
0.064554
0.069299
0.063325
0.062696
0.065677
0.063081
0.062515
0.060734
0.063046
0.065780
0.065248
0.066510
0.063360
0.061277
0.072908
0.063825
0.065209
0.066442
0.066976
0.064762
0.072074
0.066202
0.065178
0.063017
0.042415
0.040627
0.042087
0.041961
0.042536
0.042251
0.042117
0.042151
0.042691
0.042256
0.073891
0.062731
0.062614
0.063202
0.063534
0.063330
0.061286
0.063010
0.064093
0.063365
0.062900
0.063158
0.061070
0.066276
0.067167
0.066985
0.067037
0.068138
0.064119
0.067234
0.069878
0.066160
0.066530
0.067153
0.063795
0.063047
0.066075
0.062965
0.062557
0.062706
0.061851
0.061595
0.065878
0.064177
0.063163
0.066073
0.066203
0.063016
0.066019
0.061398
0.074203
0.062526
0.062352
0.060175
0.061744
0.061819
0.063485
0.062619
0.063839
0.062295
0.062396
0.059942
0.063723
0.062348
0.062532
0.061728
0.063615
0.061419
0.063765
0.063539
0.072280
0.063310
0.063705
0.061917
0.062734
0.063721
0.061574
0.042581
0.063015
0.064253
0.063344
0.064961
0.066505
0.062611
0.062492
0.065095
0.041885
0.062011
0.064455
0.062627
0.074122
0.065655
0.065883
0.062366
0.064447
0.062778
0.062905
0.061027
0.062753
0.062613
0.063053
0.043316
0.040269
0.060447
0.062407
0.061058
0.060911
0.062117
0.063171
0.062392
0.074189
0.063051
0.061037
0.063434
0.063126
0.063138
0.063204
0.066018
0.063896
0.068738
0.068939
0.067424
0.067134
0.063565
0.061190
0.066226
0.066276
0.068022
0.063710
0.062047
0.073177
0.064260
0.063866
0.075259
0.070659
0.070326
0.068787
0.065219
0.063265
0.067225
0.074597
0.069040
0.063903
0.085989
0.088760
0.068049
0.070379
0.118227
0.070102
0.064860
0.072763
0.067961
0.067685
0.066511
0.066061
0.064614
0.062713
0.062136
0.065462
0.065243
0.063188
0.066961
0.064084
0.063314
0.063318
0.063516
0.063379
0.043090
0.063833
0.067134
0.074932
0.073143
0.068716
0.069793
0.075107
0.070124
0.064204
0.065935
0.062842
0.063502
0.062488
0.064407
0.063616
0.062463
0.067482
0.064502
0.067316
0.067947
0.054607
0.064327
0.078667
0.066513
0.065594
0.062055
0.071817
0.066661
0.063803
0.067598
0.067312
0.067776
0.069607
0.068056
0.063358
0.064829
0.064746
0.067693
0.069026
0.067614
0.064124
0.067297
0.074435
0.067497
0.068630
0.067518
0.065541
0.064378
0.067283
0.067463
0.066539
0.068167
0.066013
0.067402
0.064248
0.065532
0.068645
0.063909
0.065627
0.066067
0.065553
0.065341
0.073402
0.067410
0.067297
0.063639
0.063817
0.062019
0.066227
0.064549
0.065148
0.063987
0.064109
0.062527
0.067977
0.066201
0.064864
0.067942
0.064692
0.066376
0.068269
0.067643
0.076271
0.064746
0.064965
0.064794
0.064937
0.068714
0.063382
0.068643
0.041794
0.064356
0.064136
0.064673
0.070060
0.064429
0.064128
0.065449
0.064535
0.062795
0.063828
0.063120
0.069911
0.065991
0.065323
0.066973
0.063795
0.063780
0.065734
0.063165
0.063501
0.062585
0.062350
0.062594
0.062189
0.060740
0.062151
0.062195
0.060150
0.043206
0.063098
0.041095
0.074386
0.042630
0.042576
0.063066
0.043098
0.044566
0.042586
0.042701
0.063052
0.062877
0.063791
0.061051
0.063781
0.063676
0.064735
0.066445
0.066710
0.066365
0.067799
0.067793
0.075371
0.067822
0.068307
0.064378
0.062820
0.064257
0.069242
0.062705
0.067689
0.067652
0.067592
0.067737
0.065479
0.067613
0.067528
0.065551
0.065714
0.062086
0.062774
0.064793
0.074646
0.063224
0.066433
0.065599
0.066317
0.066037
0.063122
0.063111
0.061328
0.063482
0.061618
0.066171
0.067372
0.064602
0.063064
0.065234
0.061824
0.066274
0.062202
0.064315
0.070992
0.067410
0.063588
0.066545
0.068057
0.065615
0.068052
