0.100159
0.065654
0.063411
0.064811
0.064348
0.063834
0.063663
0.063465
0.064063
0.061787
0.063874
0.061948
0.064400
0.064187
0.065094
0.062312
0.063315
0.062150
0.064247
0.063938
0.070847
0.064615
0.063755
0.063769
0.061910
0.064220
0.063976
0.064767
0.063676
0.064729
0.061812
0.063580
0.063796
0.064734
0.064481
0.062376
0.064552
0.063998
0.064255
0.064337
0.076466
0.064216
0.066378
0.064678
0.064261
0.064434
0.065180
0.064668
0.064574
0.064626
0.064827
0.064241
0.064954
0.064628
0.064202
0.064393
0.062833
0.064152
0.064799
0.065046
0.073645
0.063826
0.064122
0.065160
0.064764
0.063364
0.065540
0.064553
0.064882
0.063661
0.064322
0.062545
0.064015
0.063953
0.062058
0.061971
0.063903
0.064815
0.065948
0.064012
0.075375
0.064566
0.065986
0.064639
0.062228
0.064074
0.063610
0.062238
0.064336
0.062217
0.063315
0.064410
0.061724
0.063766
0.063653
0.065688
0.062609
0.064375
0.061996
0.063898
0.075605
0.064397
0.064793
0.064551
0.065499
0.064604
0.064885
0.062798
0.064773
0.066177
0.066003
0.062701
0.064594
0.064189
0.064475
0.064247
0.064421
0.062124
0.064386
0.064331
0.075614
0.064603
0.065605
0.066177
0.064554
0.064363
0.062392
0.064098
0.064159
0.064526
0.062937
0.064009
0.060791
0.062743
0.063036
0.063615
0.062434
0.062972
0.062980
0.062658
0.074806
0.062724
0.063228
0.060882
0.061082
0.063135
0.062937
0.063148
0.063062
0.064704
0.063258
0.062756
0.063041
0.063133
0.062971
0.062927
0.063478
0.063182
0.062933
0.061390
0.074513
0.063348
0.063357
0.063124
0.062701
0.062684
0.063283
0.063017
0.063268
0.060515
0.062174
0.063008
0.062824
0.060634
0.063067
0.063986
0.064810
0.062409
0.063693
0.061856
0.075111
0.062442
0.064011
0.064135
0.063877
0.064138
0.064845
0.063826
0.064936
0.065646
0.064422
0.062003
0.064151
0.064036
0.064498
0.064088
0.063487
0.061446
0.063329
0.063046
0.074673
0.063826
0.063337
0.064527
0.060976
0.062759
0.061926
0.065545
0.063383
0.061275
0.063785
0.061001
0.061039
0.063092
0.064207
0.061044
0.063567
0.063936
0.063257
0.061236
0.073775
0.062954
0.060900
0.062715
0.062676
0.060848
0.062939
0.063443
0.063415
0.060571
0.062419
0.063290
0.062732
0.060724
0.063215
0.060841
0.062937
0.060837
0.062705
0.063007
0.074930
0.063005
0.063190
0.063526
0.061775
0.062827
0.060952
0.063350
0.061228
0.061367
0.063150
0.063328
0.061235
0.061690
0.061114
0.061136
0.060783
0.063635
0.063348
0.062743
0.075514
0.063807
0.061382
0.063164
0.063046
0.063340
0.063792
0.062674
0.060215
0.060429
0.062181
0.063802
0.063191
0.063997
0.061214
0.063355
0.062979
0.062887
0.060784
0.063121
0.074868
0.061745
0.063454
0.066609
0.063998
0.063902
0.063459
0.061799
0.063340
0.062763
0.062927
0.062551
0.065362
0.061726
0.064376
0.063622
0.063809
0.063565
0.064680
0.062520
0.074835
0.063150
0.063421
0.063877
0.063204
0.064088
0.063676
0.063655
0.063775
0.063746
0.063509
0.062305
0.064219
0.063539
0.061781
0.063362
0.066971
0.064197
0.064755
0.061745
0.072426
0.063485
0.063206
0.063569
0.063097
0.064978
0.061979
0.063564
0.061377
0.061030
0.061213
0.063971
0.063457
0.062926
0.063188
0.063195
0.063654
0.063575
0.064773
0.064130
0.075012
0.063368
0.063226
0.061755
0.064856
0.063505
0.063670
0.063622
0.063562
0.063644
0.063521
0.061470
0.064412
0.063612
0.063443
0.063389
0.063853
0.064092
0.063257
0.063157
0.072500
0.060987
0.061093
0.063078
0.063285
0.061601
0.063651
0.063105
0.061599
0.063771
0.064292
0.061571
0.063088
0.064227
0.064697
0.063948
0.063475
0.064481
0.061559
0.064434
0.075135
0.063178
0.063553
0.064004
0.063477
0.061479
0.063852
0.064411
0.063212
0.063334
0.063646
0.063420
0.063781
0.061927
0.063365
0.061328
0.061917
0.063259
0.063186
0.063289
0.075345
0.063426
0.064233
0.063870
0.061293
0.062952
0.065454
0.063124
0.063103
0.063653
0.061002
0.062816
0.063115
0.061287
0.063129
0.062719
0.063441
0.062688
0.061225
0.063517
0.073201
0.063794
0.061876
0.063080
0.060978
0.061076
0.062954
0.060512
0.062554
0.061580
