0.109413
0.062467
0.064907
0.062068
0.061849
0.063954
0.062420
0.062688
0.065591
0.065656
0.043750
0.063594
0.066765
0.062961
0.063252
0.065128
0.062840
0.064453
0.065085
0.065387
0.071818
0.065137
0.063342
0.062586
0.064536
0.064923
0.062552
0.065404
0.063673
0.063164
0.063493
0.071362
0.072685
0.069910
0.065089
0.086148
0.065335
0.066546
0.065964
0.063648
0.083976
0.085766
0.084799
0.086571
0.084682
0.079030
0.082209
0.074573
0.064750
0.062953
0.060458
0.062592
0.066900
0.067737
0.064916
0.064527
0.062462
0.064220
0.062430
0.062017
0.074636
0.068655
0.048403
0.052310
0.084016
0.083175
0.084481
0.078494
0.080196
0.076597
0.069750
0.061625
0.074818
0.075913
0.068029
0.064871
0.065931
0.061811
0.063334
0.067184
0.076551
0.067675
0.063165
0.065341
0.062412
0.062504
0.060972
0.062025
0.064752
0.062557
0.059097
0.059854
0.060449
0.065140
0.066304
0.064063
0.062986
0.062877
0.064127
0.063404
0.074797
0.062957
0.065557
0.065404
0.062171
0.060314
0.061530
0.042281
0.066135
0.063481
0.063051
0.064345
0.063082
0.066132
0.067457
0.066050
0.066512
0.064068
0.066880
0.067293
0.066026
0.062596
0.063378
0.066932
0.063617
0.064119
0.063895
0.065694
0.061280
0.065489
0.060987
0.064271
0.062695
0.069834
0.067040
0.063975
0.064511
0.066459
0.061326
0.066335
0.072050
0.061425
0.063350
0.063699
0.064159
0.061064
0.063880
0.063548
0.063949
0.061391
0.061552
0.063401
0.062834
0.061189
0.040864
0.042569
0.063319
0.065487
0.060983
0.062569
0.074213
0.060561
0.062659
0.062767
0.062525
0.061487
0.063268
0.063044
0.040479
0.042249
0.040804
0.040964
0.042471
0.040197
0.040110
0.042232
0.039828
0.040264
0.042562
0.040598
0.045987
0.042043
0.040281
0.040285
0.042158
0.040300
0.040339
0.040144
0.043623
0.040342
0.042065
0.042071
0.039518
0.042376
0.045189
0.040609
0.042292
0.042310
0.042580
0.040343
0.046345
0.042394
0.042500
0.042531
0.042508
0.043349
0.040584
0.040453
0.042304
0.040611
0.040655
0.042728
0.042634
0.040533
0.040181
0.042092
0.042943
0.042496
0.042535
0.042167
0.048078
0.042433
0.044099
0.040612
0.040821
0.040734
0.042733
0.042772
0.042809
0.040661
0.040366
0.043323
0.042810
0.040811
0.040698
0.042715
0.042545
0.040611
0.040795
0.041936
0.047095
0.040496
0.041716
0.042103
0.041730
0.040346
0.040271
0.041688
0.040200
0.042088
0.040364
0.019780
0.042174
0.041821
0.041774
0.042183
0.042022
0.040850
0.041111
0.042394
0.045915
0.045406
0.042689
0.040609
0.041055
0.042326
0.043067
0.042454
0.042360
0.042480
0.040977
0.042544
0.042594
0.042395
0.040672
0.043688
0.042626
0.042004
0.041867
0.040460
0.044668
0.038904
0.039739
0.041479
0.040326
0.042320
0.040404
0.041950
0.040084
0.042257
0.040217
0.041924
0.040736
0.040621
0.040660
0.042852
0.040935
0.040840
0.043079
0.041114
0.048414
0.042423
0.041337
0.042547
0.040587
0.040764
0.040984
0.045881
0.040755
0.043582
0.044038
0.041557
0.043272
0.041587
0.064471
0.062469
0.064964
0.064551
0.062421
0.064453
0.076068
0.062571
0.064770
0.064397
0.064593
0.063993
0.063742
0.063813
0.063988
0.061821
0.061835
0.063177
0.066102
0.062293
0.062325
0.062576
0.061945
0.062740
0.063139
0.060683
0.074569
0.061001
0.061248
0.066368
0.045470
0.060622
0.066356
0.064332
0.060708
0.046558
0.045713
0.042301
0.042323
0.039820
0.042172
0.042097
0.042283
0.042083
0.063729
0.063936
0.074777
0.066549
0.061191
0.061250
0.066882
0.064581
0.063927
0.066468
0.067261
0.063045
0.060688
0.063256
0.064398
0.063312
0.060881
0.061373
0.063614
0.061935
0.063100
0.066399
0.072089
0.061140
0.063052
0.060745
0.060976
0.063023
0.063098
0.062822
0.062773
0.063370
0.061561
0.063170
0.062315
0.062540
0.065398
0.065152
0.066778
0.063065
0.060606
0.062842
0.074425
0.061628
0.064053
0.061189
0.061548
0.061276
0.061409
0.060892
0.062856
0.062816
0.063258
0.062930
0.062378
0.062976
0.061595
0.063435
0.062348
0.062643
0.061994
0.060550
0.073925
0.060791
0.062694
0.060439
0.062137
0.062635
0.062334
0.062096
0.061301
0.061290
0.063125
0.061006
0.060492
0.061171
0.060807
0.060905
0.063165
0.062805
0.063182
0.075584
0.093091
0.068183
0.066183
0.064305
0.063541
0.064926
0.064583
0.063222
0.064155
0.073721
0.061346
0.063927
0.068488
0.063207
0.060225
0.062846
0.062214
0.060558
0.062987
0.062860
0.070806
0.063754
0.062376
0.083638
0.067575
0.065487
0.064157
0.063113
0.062952
0.086116
0.087770
0.085996
0.078078
0.081264
0.080890
0.080222
0.084256
0.061772
0.060751
0.064703
0.073396
0.065022
0.063627
0.060729
0.062492
0.062930
0.063616
0.064557
0.061522
0.063873
0.063034
0.061215
0.063839
0.062263
