0.098603
0.060012
0.058046
0.061500
0.060870
0.061511
0.058630
0.060498
0.060428
0.058434
0.060273
0.060167
0.059239
0.058149
0.060369
0.058290
0.060594
0.060474
0.058451
0.061120
0.069167
0.060598
0.058548
0.060412
0.060535
0.059385
0.060828
0.060668
0.060847
0.058738
0.060383
0.063010
0.061107
0.058829
0.060717
0.061176
0.058905
0.058834
0.062268
0.063447
0.065766
0.062049
0.059984
0.059999
0.062382
0.062819
0.061814
0.039723
0.061806
0.061489
0.062121
0.059916
0.059688
0.059906
0.061584
0.060306
0.062383
0.061025
0.061776
0.060213
0.071862
0.059624
0.061343
0.061285
0.059413
0.061033
0.062675
0.062197
0.063915
0.064425
0.064482
0.061468
0.061411
0.061932
0.064434
0.061691
0.063317
0.063384
0.066069
0.066709
0.072347
0.062975
0.061399
0.062045
0.060555
0.060364
0.062292
0.061130
0.060657
0.060557
0.060354
0.060075
0.060931
0.060516
0.060408
0.062406
0.062396
0.060468
0.062382
0.061031
0.072065
0.064260
0.062535
0.062223
0.062046
0.062410
0.060198
0.061732
0.059977
0.061399
0.061837
0.059868
0.062387
0.060551
0.061922
0.062959
0.059915
0.060029
0.062621
0.063926
0.073663
0.060114
0.060003
0.060074
0.060139
0.062720
0.060858
0.059827
0.062359
0.062636
0.062205
0.061960
0.062864
0.063097
0.062989
0.063090
0.063119
0.063507
0.063731
0.063060
0.075764
0.063517
0.063884
0.063598
0.063546
0.063203
0.062597
0.062461
0.061678
0.062557
0.060714
0.060755
0.060801
0.059730
0.061872
0.059469
0.060670
0.061485
0.060972
0.061080
0.072396
0.061864
0.061980
0.062084
0.061937
0.060780
0.062062
0.060352
0.061851
0.062522
0.059721
0.059747
0.063438
0.059535
0.061123
0.059007
0.061298
0.065390
0.059674
0.059460
0.072003
0.059604
0.061599
0.062335
0.060095
0.060652
0.059722
0.061054
0.062535
0.063507
0.063347
0.061340
0.063889
0.063770
0.061585
0.061377
0.060707
0.062993
0.062394
0.061821
0.073039
0.059655
0.059639
0.062020
0.061893
0.062760
0.061537
0.061170
0.058879
0.059738
0.062877
0.064099
0.061300
0.062749
0.062936
0.063334
0.063469
0.063250
0.062764
0.063826
0.074503
0.060916
0.062672
0.063380
0.063735
0.061367
0.063677
0.061391
0.062459
0.063438
0.063323
0.061845
0.063577
0.061588
0.061964
0.063509
0.062165
0.064651
0.065377
0.061877
0.074825
0.061978
0.062849
0.062952
0.062361
0.063161
0.060675
0.062000
0.060459
0.060284
0.060451
0.062884
0.063557
0.062203
0.062596
0.060532
0.060942
0.061436
0.061072
0.060426
0.071506
0.061859
0.061961
0.061906
0.062541
0.063113
0.062172
0.062425
0.062034
0.060279
0.062205
0.063017
0.063099
0.062885
0.060616
0.061924
0.061780
0.063243
0.060126
0.063702
0.073429
0.062718
0.062793
0.062469
0.062221
0.062059
0.060698
0.062553
0.062526
0.063235
0.061356
0.062646
0.062622
0.061414
0.060652
0.060699
0.062204
0.062830
0.062009
0.062035
0.073287
0.059986
0.062119
0.060525
0.059891
0.062743
0.062410
0.062787
0.062336
0.060156
0.060810
0.062291
0.060469
0.062012
0.062154
0.062081
0.060546
0.062368
0.061847
0.060090
0.074671
0.062147
0.061994
0.063085
0.062228
0.063107
0.059970
0.061990
0.060110
0.062180
0.060618
0.061899
0.060152
0.061905
0.062917
0.060166
0.060627
0.061981
0.061916
0.061989
0.073458
0.060531
0.061896
0.062894
0.062218
0.060060
0.061917
0.062330
0.061865
0.062672
0.062130
0.060374
0.060475
0.061900
0.061595
0.059757
0.061053
0.061761
0.062374
0.060030
0.073401
0.061869
0.062473
0.062388
0.061980
0.060445
0.062212
0.060541
0.063128
0.063638
0.062412
0.062216
0.062742
0.062788
0.062212
0.062940
0.062402
0.060846
0.062076
0.062103
0.071625
0.062080
0.063214
0.059721
0.061450
0.061258
0.059809
0.062263
0.062160
0.061773
0.060555
0.059973
0.062124
0.062052
0.062295
0.060492
0.060871
0.060272
0.060314
0.062134
0.071623
0.061758
0.061473
0.062334
0.063181
0.060364
0.059801
0.061966
0.061737
0.062367
0.059852
0.061726
0.061695
0.059988
0.061813
0.062787
0.060840
0.060100
0.059831
0.062041
0.073115
0.062035
0.060455
0.062028
0.061665
0.062094
0.061704
0.059541
0.059600
0.060405
0.060951
0.059854
0.061815
0.059590
0.059679
0.060227
0.060042
0.060105
0.061549
0.061831
0.071414
0.061464
0.061947
0.060429
0.061288
0.059968
0.059824
0.061630
0.061570
0.061255
0.059426
0.061379
0.059480
0.060102
0.059830
0.062604
0.062227
0.061590
0.061271
0.061877
0.071285
0.061088
0.063128
0.062893
0.062453
0.060519
0.062874
0.062655
0.062610
0.063044
0.062460
0.060688
0.060674
0.060670
0.062275
0.061059
0.062598
0.062571
0.060101
0.062358
0.072031
0.062049
0.061055
0.060006
0.062693
0.061608
0.061038
0.062758
0.063310
0.061375
0.061444
0.061025
0.062885
0.062442
0.060635
0.063163
0.060876
0.062311
0.062233
0.061721
0.074221
0.063091
0.062153
0.063993
0.064784
0.064438
0.061897
0.064653
0.065080
0.063929
0.063896
0.063900
0.063298
0.064034
0.062464
0.064125
0.062091
0.064025
0.062405
0.062366
0.075321
0.062400
0.063842
0.061968
0.064389
0.062181
0.062223
0.065288
0.064409
0.064201
0.064176
0.062199
0.063879
0.062329
0.064852
0.063605
0.062205
0.063756
0.063966
0.062872
0.075880
0.061911
0.063800
0.064076
0.064204
0.063559
0.064138
0.062222
0.063977
0.063960
0.064079
0.063944
0.065228
0.065701
0.063982
0.061987
0.061810
0.064973
0.064679
0.065135
0.073620
0.064065
0.063454
0.063990
0.063809
0.063485
0.062333
0.062243
0.063763
0.064124
0.064101
0.064084
0.064247
0.063781
0.063818
0.063790
0.063869
0.063405
0.062068
0.063341
0.075483
0.062259
0.064252
0.064145
0.064067
0.065409
0.062145
0.064287
0.063797
0.063812
0.063604
0.064425
0.062719
0.061618
0.062082
0.063703
0.064723
0.063764
0.065177
0.063573
0.075115
0.061406
0.064199
0.064326
0.063657
0.062074
0.061547
0.063142
0.061249
0.063668
0.060950
0.062774
0.061512
0.061660
0.063158
0.063690
0.062838
0.061599
0.061111
0.064402
0.072801
0.063474
0.064044
0.063601
0.063075
0.061505
0.063981
0.061480
0.063662
0.061475
0.064019
0.061526
0.064194
0.063780
0.062957
0.063030
0.062851
0.063723
0.063344
0.063063
0.074547
0.061299
0.063258
0.063878
0.061433
0.062934
0.062314
0.063125
0.062913
0.062450
0.062216
0.063098
0.061215
0.060936
0.062817
0.063099
0.063094
0.061362
0.063508
0.066603
0.071294
0.068308
0.064894
0.066827
0.067850
0.067352
0.063728
0.061859
0.063612
0.043735
0.062003
0.063761
0.042863
0.040832
0.042385
0.061625
0.061388
0.062108
0.064192
0.042878
0.046090
0.042680
0.042695
0.061058
0.063172
0.065761
0.063578
0.061123
0.061057
0.062610
0.063184
0.063696
0.063591
0.060450
0.062309
0.062770
0.062398
0.062661
0.062732
0.060498
0.069417
0.065762
0.062263
0.067030
0.067553
0.064692
0.066468
0.064240
0.064554
0.063432
0.063711
0.063586
0.060931
0.065983
0.064094
0.062024
0.065749
0.064716
0.064067
0.061488
0.074700
0.061087
0.063294
0.064113
0.061283
0.061077
0.062822
0.060714
0.060703
0.063456
0.063815
0.062660
0.062918
0.061045
0.060655
0.062284
0.061275
