0.101414
0.062563
0.061977
0.063545
0.063318
0.063315
0.063263
0.063936
0.063396
0.063477
0.062484
0.062427
0.062782
0.062556
0.062392
0.062518
0.067894
0.061964
0.061835
0.065423
0.066839
0.064991
0.067484
0.063083
0.067472
0.065720
0.063798
0.065650
0.066403
0.069989
0.063380
0.067267
0.065695
0.066592
0.065916
0.063195
0.062979
0.063528
0.061797
0.063708
0.074761
0.063186
0.063686
0.063609
0.061826
0.062860
0.062570
0.067860
0.064135
0.064542
0.067882
0.067615
0.064141
0.064214
0.067519
0.065210
0.068097
0.065493
0.062967
0.066125
0.075988
0.068194
0.069300
0.071391
0.066227
0.064825
0.067891
0.066510
0.065775
0.064609
0.065446
0.062810
0.064574
0.064843
0.063086
0.068301
0.071502
0.065328
0.065393
0.064413
0.073509
0.064292
0.063615
0.064777
0.064484
0.062370
0.065841
0.064535
0.067750
0.067584
0.064449
0.067908
0.064307
0.067184
0.065017
0.063083
0.064549
0.062371
0.062985
0.064621
0.075909
0.063875
0.064053
0.064086
0.067621
0.063919
0.062024
0.065362
0.064364
0.064358
0.066592
0.063641
0.061653
0.061822
0.061827
0.063430
0.063528
0.064043
0.061803
0.064122
0.076711
0.061977
0.068016
0.062456
0.062855
0.062715
0.062536
0.060351
0.063187
0.062398
0.060241
0.059919
0.062125
0.063520
0.062900
0.062767
0.062689
0.062792
0.062526
0.062775
0.074310
0.060871
0.062612
0.062423
0.062595
0.060727
0.063313
0.063196
0.062621
0.062561
0.062496
0.062060
0.060006
0.063059
0.060341
0.062283
0.061890
0.062132
0.062750
0.064965
0.072248
0.063556
0.062717
0.062323
0.062340
0.060326
0.062832
0.062326
0.062775
0.060769
0.062838
0.062901
0.065288
0.042319
0.041775
0.042443
0.041992
0.039968
0.041883
0.041974
0.072767
0.063043
0.062916
0.062664
0.060637
0.062446
