0.094586
0.062302
0.062943
0.062360
0.063393
0.062493
0.062239
0.061826
0.059842
0.062029
0.059703
0.062150
0.062894
0.062903
0.062466
0.062101
0.061502
0.061124
0.063363
0.062226
0.070646
0.062664
0.062560
0.062628
0.063690
0.061048
0.062907
0.062796
0.062680
0.063060
0.063818
0.063722
0.063452
0.061528
0.063838
0.064122
0.063537
0.062393
0.063522
0.064003
0.075011
0.063719
0.064163
0.064386
0.063684
0.064385
0.063985
0.064208
0.064020
0.062819
0.063569
0.063347
0.063499
0.063676
0.063269
0.066499
0.064090
0.063249
0.063388
0.064481
0.074946
0.064660
0.063904
0.063855
0.061828
0.063702
0.063011
0.061759
0.064810
0.063604
0.060956
0.062691
0.061275
0.063018
0.063471
0.062329
0.062890
0.061159
0.063009
0.063550
0.075606
0.065069
0.061301
0.063260
0.063325
0.063496
0.064490
0.063402
0.063599
0.063205
0.063133
0.063313
0.064271
0.063616
0.064373
0.061443
0.063434
0.061120
0.062109
0.064043
0.073379
0.063922
0.061245
0.063459
0.064325
0.063684
0.061360
0.064285
0.063443
0.063552
0.063270
0.064110
0.061941
0.064063
0.063936
0.063753
0.064624
0.063924
0.063155
0.064056
0.075183
0.061560
0.063439
0.064463
0.063460
0.063324
0.063344
0.061849
0.063789
0.063561
0.063181
0.061124
0.064737
0.063592
0.062976
0.062790
0.062193
0.064010
0.064078
0.063581
0.075949
0.063953
0.063050
0.063063
0.063502
0.064083
0.063449
0.064008
0.062060
0.063995
0.063293
0.061206
0.063385
0.063112
0.061616
0.063025
0.063184
0.061383
0.064595
0.064066
0.074143
0.064855
0.065003
0.064725
0.062707
0.064522
0.066104
0.065087
0.064778
0.062540
0.064638
0.063632
0.062667
0.064796
0.064567
0.064353
0.064274
0.064398
0.062215
0.064781
0.075597
0.062357
0.064078
0.064669
0.063556
0.064538
0.062781
0.063719
0.063356
0.063239
0.063027
0.063848
0.063142
0.062636
0.060447
0.062157
0.061090
0.063570
0.062765
0.062068
0.073987
0.060199
0.062483
0.062373
0.061010
0.062412
0.062786
0.062751
0.061044
0.062928
0.064788
0.062778
0.062817
0.062674
0.060759
0.062563
0.062295
0.062318
0.060895
0.062589
0.073949
0.062685
0.062395
0.063385
0.060728
0.063130
0.062640
0.062743
0.062284
0.062691
0.062545
0.062546
0.060557
0.060616
0.062478
0.063167
0.062558
0.062863
0.062442
0.063330
0.071839
0.062822
0.062987
0.062743
0.042443
0.041869
0.063184
0.062860
0.062777
0.063447
0.066243
0.062119
0.069196
0.066778
0.067153
0.062894
0.062662
0.060201
0.062089
0.063032
0.074293
0.063769
0.063885
0.063009
0.062687
0.062599
0.064256
0.065247
0.062283
0.063561
0.063365
0.063444
0.061269
0.064782
0.063541
0.064858
0.063704
0.061646
0.061510
0.063744
0.073517
0.062033
0.063669
0.061552
0.061394
0.063696
0.063871
0.063506
0.064484
0.063585
0.061414
0.063821
0.063906
0.063355
0.061569
0.061146
0.063579
0.063151
0.064419
0.063691
0.074534
0.062943
0.063538
0.063368
0.062842
0.060970
0.062788
0.062479
0.062494
0.062647
0.063014
0.062969
0.062767
0.060338
0.063448
0.062024
0.060059
0.063210
0.062449
0.061033
0.074299
0.062941
0.060571
0.061327
0.062739
0.060422
0.062708
0.063763
0.060816
0.063268
0.062832
0.062452
0.062574
0.062640
0.062044
0.062764
0.063107
0.062973
0.062665
0.062166
0.075853
0.062987
0.062958
0.062399
0.062509
0.062766
0.060599
0.062589
0.062855
0.060122
0.062094
0.062142
0.060804
0.064084
0.063494
0.063000
0.061152
0.062854
0.062782
0.062409
0.074193
0.060840
0.062628
0.062445
0.062399
0.060632
0.063678
0.063258
0.062572
0.062546
0.060715
0.062742
0.062485
0.063125
0.062261
0.062313
0.062056
0.061932
0.061934
0.065020
0.074082
0.062202
0.062713
0.062282
0.062382
0.060459
0.062602
0.062075
0.060493
0.062402
0.063108
0.060470
0.061969
0.062666
0.062952
0.063070
0.062566
0.060471
0.063604
0.062738
0.071906
0.060341
0.062372
0.060662
0.062435
0.063974
0.062486
0.062192
0.062318
0.062424
0.062724
0.064367
0.062391
0.063009
0.062584
0.062366
0.062348
0.063228
0.064125
0.062787
0.073827
0.062388
0.062936
0.063783
0.060688
0.062793
0.062424
0.062300
0.062339
0.063715
0.064651
0.063979
0.064016
0.067181
0.066912
0.066748
0.067931
0.069642
0.066457
0.064529
0.069502
0.066523
0.063916
0.063407
0.064819
0.061340
0.066621
0.066379
0.065247
0.062954
0.063174
0.061087
0.063176
0.063210
0.061908
0.063112
0.063168
0.062716
0.063380
0.062989
0.075286
0.063257
0.042294
0.060627
0.062577
0.063157
0.063219
0.064953
0.063483
0.060956
0.064367
0.063669
0.063293
0.063613
0.063399
0.062929
0.063631
0.063731
0.063931
0.062370
0.072570
0.063643
0.063307
0.062437
0.063393
0.064097
0.063377
0.061895
0.062628
0.062472
0.065218
0.064250
0.064739
0.064168
0.063535
0.063419
0.065383
0.064193
0.062683
0.064390
0.073695
0.064374
0.064137
0.064195
0.067782
0.067055
0.062126
0.064107
0.069362
0.064602
0.063195
0.062235
0.064077
0.063786
0.064121
0.062191
0.063631
0.062323
0.063447
0.063638
0.075015
0.065148
0.064477
0.064882
0.064719
0.063967
0.064016
0.063563
0.064872
0.061963
0.061986
0.063849
0.063783
0.061827
0.065602
0.062536
0.063901
0.063638
0.063624
