0.107326
0.061922
0.060906
0.061014
0.061284
0.062540
0.062135
0.062519
0.063625
0.062837
0.062518
0.062651
0.061985
0.062274
0.060110
0.062269
0.062478
0.062952
0.062651
0.060299
0.070681
0.064951
0.063425
0.061642
0.062595
0.060597
0.060617
0.062934
0.060671
0.063382
0.062513
0.062603
0.062154
0.062075
0.061892
0.063308
0.061989
0.062748
0.062869
0.060868
0.074037
0.063725
0.062130
0.060845
0.061088
0.060687
0.061020
0.061955
0.061594
0.060839
0.062612
0.062892
0.063008
0.062682
0.060648
0.061688
0.061838
0.061994
0.061982
0.061885
0.073151
0.061825
0.060502
0.063008
0.062366
0.062525
0.062714
0.062080
0.062343
0.062890
0.060696
0.063057
0.061672
0.063355
0.042602
0.060409
0.043090
0.042947
0.040158
0.041865
0.046999
0.040075
0.040127
0.062442
0.059836
0.060192
0.062110
0.064843
0.063238
0.062532
0.062410
0.062807
0.061998
0.065443
0.062596
0.064665
0.064298
0.064197
0.064149
0.064716
0.076947
0.064100
0.064705
0.065644
0.063073
0.063919
0.064467
0.065340
0.065065
0.064600
0.064710
0.065456
0.065051
0.063615
0.062698
0.062511
0.064522
0.063402
0.064405
0.063939
0.075477
0.063808
0.063800
0.063911
0.061756
0.065088
0.063424
0.064131
0.061902
0.066671
0.063661
0.063649
0.063008
0.063764
0.065855
0.063116
0.063537
0.062874
0.064823
0.061094
0.074306
0.063245
0.062933
0.065674
0.063390
0.065419
0.062368
0.061349
0.062896
0.062847
0.063213
0.063342
0.062415
0.060923
0.062930
0.061984
0.062038
0.062220
0.060966
0.064315
0.075974
0.063503
0.063423
0.064983
0.063147
0.062617
0.063727
0.062983
0.063007
0.062526
0.065831
0.062738
0.063854
0.066147
0.065741
0.062703
0.066707
0.062726
0.062209
0.062329
0.073982
0.062560
0.060368
0.061141
0.063552
0.060496
0.060951
0.062494
0.062834
0.063942
0.060894
0.060761
0.061021
0.062432
0.062060
0.061860
0.061966
0.060577
0.062070
0.062119
0.071803
0.062883
0.064070
0.063444
0.062289
0.062417
0.061726
0.061972
0.062462
0.060922
0.061768
0.062070
0.062027
0.059868
0.061829
0.063324
0.062117
0.061466
0.061822
0.061972
0.073984
0.060817
0.061915
0.062685
0.062287
0.060422
0.062374
0.064548
0.063006
0.062387
0.062364
0.062623
0.062600
0.062985
0.063484
0.063062
0.060650
0.062562
0.062316
0.062680
0.076430
0.062786
0.060850
0.060605
0.061023
0.062899
0.063403
0.060855
0.062564
0.063159
0.063061
0.060707
0.063703
0.062741
0.062938
0.062687
0.062309
0.062572
0.063097
0.062662
0.074531
0.062576
0.062585
0.060737
0.060786
0.062882
0.063964
0.062858
0.062620
0.062694
0.060830
0.063207
0.062954
0.063416
0.060655
0.062428
0.062559
0.061374
0.060592
0.061559
0.074230
0.060993
0.063422
0.064433
0.061170
0.061132
0.063506
0.066550
0.066560
0.069175
0.067977
0.069032
0.071141
0.071418
0.064889
0.065080
0.065814
0.064986
0.064763
0.064232
0.073780
0.065097
0.064671
0.065428
0.062923
0.061087
0.063637
0.063291
0.062880
0.060957
0.062851
0.063163
0.063118
0.061938
0.063038
0.063025
0.064492
0.062840
0.063439
0.062625
0.072025
0.063332
0.063143
0.063313
0.063121
0.061887
0.062848
0.061795
0.062820
0.063894
0.063559
0.063910
0.062812
0.062907
0.060951
0.064037
0.062953
0.063566
0.062821
0.062699
0.074278
0.064423
0.063798
0.064606
0.063551
0.061446
0.063654
0.064199
0.061825
0.064703
0.064332
0.063391
0.063465
0.063359
0.062629
0.063965
0.063717
0.063735
0.061162
0.063072
0.074828
0.064289
0.063472
0.063434
0.061262
0.063912
0.062996
0.062754
0.063612
0.064510
0.064059
0.063830
0.064441
0.064806
0.062463
0.064080
0.062124
0.043720
0.041383
0.043720
0.048829
0.041683
0.043711
0.043583
0.022321
0.042965
0.022364
0.043387
0.022433
0.022604
0.022802
0.022560
0.022436
0.022120
0.020369
0.022291
0.020967
0.020815
0.041468
0.064303
0.076747
0.062093
0.064290
0.062882
0.063304
0.064425
0.065044
0.062014
0.061953
0.063834
0.062176
0.063625
0.065006
0.064387
0.064223
0.064196
0.067179
0.064009
0.064500
0.063846
0.072495
0.061061
0.062691
0.062652
0.061528
0.067450
0.062066
0.066473
0.066746
0.060805
0.067051
0.066291
0.066223
0.064481
0.066271
0.062626
0.061611
0.070712
0.066792
0.066606
0.068874
0.063208
0.066941
0.066432
0.066166
0.064273
0.062727
0.060995
0.061445
0.062803
0.063422
0.066872
0.063567
0.066315
0.064103
0.062834
0.066261
0.063150
0.066078
0.064705
0.075744
0.065905
0.064489
0.061217
0.064276
0.060830
0.061786
0.062746
0.060888
0.063134
0.060809
0.063000
0.064268
0.063217
0.063395
0.068249
0.062565
0.062870
0.063082
0.062929
0.074301
0.062666
0.062745
0.062943
0.063332
0.062062
0.063702
0.066180
0.063317
0.063459
0.066554
0.063678
0.063674
0.063264
0.063937
0.063796
0.064287
0.063561
0.063308
0.063411
0.073919
0.063337
0.063465
0.040613
0.042571
0.042473
0.042186
0.042278
0.022093
0.021905
0.021500
0.023532
0.020147
0.019681
0.019665
0.020082
0.021763
0.021687
0.019901
0.040421
0.047762
0.042614
0.043274
0.042375
0.023003
0.042857
0.021452
0.020206
0.021779
0.042365
0.040185
0.042203
0.043075
0.019933
0.040506
0.019803
0.021499
0.042127
0.042053
0.043062
0.022037
0.046139
0.042534
0.019901
0.042553
0.042521
0.045596
0.045288
0.041602
0.042941
0.045516
0.042537
0.041971
0.042157
0.065687
0.045655
0.063561
0.062726
0.066179
0.062385
0.073925
0.061257
0.062863
0.061638
0.062883
0.063228
0.063351
0.062811
0.063673
0.067768
0.060294
0.060276
0.062734
0.066048
0.062701
0.066949
0.063090
0.062420
0.060424
0.063137
0.073933
0.064622
0.060704
0.062638
0.062544
0.065511
0.062617
0.063694
0.063325
0.062900
0.063135
0.063058
0.062780
0.063134
0.063873
0.063005
0.062047
0.062857
0.066218
0.063146
