0.099629
0.062023
0.061762
0.063500
0.061745
0.064006
0.063372
0.064141
0.062992
0.063674
0.063883
0.061509
0.063112
0.063827
0.064436
0.065747
0.063946
0.063687
0.063275
0.069373
0.070192
0.065668
0.063721
0.070481
0.068388
0.060311
0.061845
0.063230
0.062171
0.061820
0.062041
0.062116
0.061636
0.063303
0.062334
0.061878
0.063632
0.062923
0.061757
0.062610
0.071446
0.061749
0.061943
0.059933
0.061356
0.061929
0.061149
0.062235
0.062986
0.064551
0.062464
0.063496
0.061746
0.062135
0.062965
0.062550
0.062500
0.062654
0.063167
0.060050
0.073746
0.062554
0.063814
0.062481
0.061176
0.062450
0.062889
0.060766
0.062362
0.062765
0.061000
0.066117
0.063259
0.061245
0.062546
0.064041
0.060814
0.061136
0.063449
0.060320
0.073875
0.062228
0.062339
0.063270
0.060323
0.062251
0.061654
0.062415
0.061543
0.061876
0.064198
0.062562
0.062810
0.062947
0.063180
0.060833
0.063590
0.064189
0.063171
0.063599
0.074683
0.061141
0.061625
0.063725
0.060978
0.061970
0.060409
0.062119
0.063011
0.062457
0.062084
0.063162
0.062474
0.062505
0.067785
0.062099
0.063998
0.064483
0.062210
0.063182
0.075131
0.062981
0.062331
0.062671
0.060885
0.062394
0.064633
0.062969
0.041581
0.042109
0.039988
0.041625
0.041745
0.042076
0.040481
0.042107
0.041651
0.041475
0.041833
0.062658
0.074029
0.063622
0.064457
0.062560
0.062986
0.062901
0.062436
0.063275
0.064274
0.062438
0.062892
0.062801
0.062569
0.062921
0.063582
0.064598
0.063123
0.062837
0.062478
0.062844
0.072939
0.062675
0.062398
0.060430
0.062088
0.062766
0.065078
0.060611
0.064436
0.062899
0.063233
0.063313
0.063783
0.062574
0.062967
0.062516
0.062501
0.062792
0.062821
0.063504
0.074544
0.063421
0.062003
0.062383
0.062373
0.061833
0.062857
0.060471
0.060165
0.062575
0.063347
0.062994
0.062931
0.060888
0.062487
0.062556
0.062477
0.062924
0.062874
0.062492
0.073405
0.062638
0.062516
0.062227
0.060834
0.061022
0.060543
0.061283
0.060075
0.060007
0.061303
0.062018
0.061738
0.062635
0.062817
0.063290
0.063569
0.062738
0.060300
0.062939
0.074678
0.062381
0.064612
0.060264
0.061967
0.062676
0.063533
0.062869
0.063441
0.060435
0.062289
0.062305
0.063906
0.061161
0.062041
0.060550
0.061132
0.062044
0.059979
0.061623
0.073633
0.063710
0.061685
0.062054
0.060521
0.061003
0.066060
0.065744
0.061634
0.064098
0.062005
0.063874
0.063987
0.061934
0.061355
0.063833
0.061717
0.063449
0.065074
0.064259
0.075145
0.063523
0.064538
0.063693
0.063820
0.061577
0.061555
0.063920
0.061733
0.063043
0.063718
0.063237
0.064770
0.064442
0.063977
0.042421
0.064278
0.062202
0.064050
0.064327
0.075576
0.063692
0.064283
0.063934
0.066402
0.064234
0.062124
0.061454
0.063753
0.063123
0.063619
0.064152
0.064184
0.063925
0.065871
0.066592
0.065241
0.065674
0.064075
0.064947
0.075449
0.062069
0.067027
0.064384
0.062101
0.066587
0.064080
0.063503
0.063334
0.066124
0.063934
0.061193
0.063464
0.063335
0.063160
0.064328
0.063534
0.062956
0.063600
0.064136
0.072986
0.064790
0.065065
0.061555
0.063676
0.063598
0.063240
0.064979
0.061833
0.061089
0.063663
0.062117
0.061884
0.064371
0.064509
0.063304
0.064114
0.063854
0.063593
0.063628
0.075476
0.063612
0.063744
0.063645
0.063626
0.063636
0.063784
0.063907
0.064837
0.064060
0.063456
0.063811
0.064667
0.063174
0.063273
0.063526
0.063605
0.064036
0.065897
0.062604
0.077568
0.062708
0.063953
0.064345
0.066077
0.063816
0.064015
0.061889
0.061324
0.063870
0.065320
0.061835
0.063634
0.065559
0.063807
0.064246
0.064304
0.061588
0.064058
0.063657
0.074723
0.063996
0.064345
0.061686
0.063676
0.061920
0.063375
0.064298
0.064287
0.063662
0.064128
0.063038
0.063518
0.063823
0.064038
0.062529
0.064497
0.062410
0.064515
0.065458
0.076265
0.064885
0.064319
0.062088
0.063583
0.063984
0.065386
0.062789
0.043171
0.062103
0.061604
0.065246
0.062956
0.062611
0.064332
0.064064
0.061677
0.064074
0.061969
0.062861
0.075974
0.063965
0.063465
0.065223
0.065488
0.064075
0.064276
0.064194
0.063595
0.064170
0.063843
0.063737
0.064611
0.063888
0.063172
0.064347
0.064115
0.065468
0.062850
0.064474
0.075425
0.064487
0.062255
0.064029
0.064679
0.061738
0.063152
0.064561
0.064218
0.063932
0.065730
0.064159
0.063722
0.064128
0.064432
0.064627
0.065463
0.064611
0.063800
0.064237
0.076206
0.064065
0.065735
0.064462
0.063888
0.064136
0.064157
0.064004
0.065341
0.064652
0.063945
0.064180
0.064188
0.063926
0.064983
0.065196
0.063599
0.064294
0.064694
0.064286
0.077396
0.061780
0.042273
0.042756
0.043184
0.042270
0.045987
0.040953
0.041416
0.044690
0.043252
0.040516
0.042861
0.042656
0.042145
0.042838
0.042134
0.042662
0.042959
0.042849
0.074777
0.063889
0.042569
0.064595
0.043074
0.065890
0.061646
0.064064
0.063652
0.063595
0.062375
0.063718
0.064620
0.063812
0.063871
0.063607
0.065305
0.064189
0.064750
0.064188
0.073462
0.063951
0.065864
0.063608
0.063470
0.063918
0.064050
0.063994
0.065340
0.063977
0.064150
0.064825
0.062165
0.063893
0.064537
0.062176
0.063664
0.063920
0.063874
0.063778
0.076551
0.062105
0.062000
0.064273
0.062496
0.060086
0.063656
0.062814
0.062104
0.062163
0.060336
