0.096898
0.060651
0.060746
0.062909
0.060880
0.060891
0.062598
0.063358
0.061039
0.061189
0.063707
0.060895
0.063842
0.061891
0.062746
0.063210
0.062861
0.063196
0.063230
0.062818
0.071446
0.063108
0.063773
0.064148
0.063922
0.065790
0.063727
0.066871
0.068780
0.066442
0.065844
0.065588
0.068771
0.065929
0.063392
0.063021
0.066405
0.070577
0.063260
0.066907
0.073865
0.059804
0.062572
0.063983
0.063794
0.063496
0.064153
0.063668
0.067086
0.064080
0.064343
0.061746
0.067606
0.063588
0.063256
0.063559
0.063059
0.066477
0.063851
0.063226
0.074043
0.063000
0.064648
0.063234
0.064424
0.064197
0.064074
0.064306
0.063997
0.062340
0.066421
0.067369
0.064152
0.064469
0.064418
0.064276
0.064531
0.063812
0.063996
0.063523
0.075280
0.064283
0.064637
0.063502
0.063393
0.063600
0.063475
0.044387
0.043912
0.043465
0.041712
0.043383
0.043451
0.043367
0.042675
0.042807
0.044213
0.042878
0.042987
0.042849
0.048447
0.042477
0.043159
0.044077
0.042261
0.040838
0.043141
0.042861
0.042984
0.042986
0.022173
0.043449
0.042863
0.043247
0.042598
0.043126
0.042663
0.042657
0.043288
0.042931
0.051403
0.042986
0.043114
0.042575
0.042659
0.042974
0.042875
0.042730
0.043784
0.041559
0.042940
0.042216
0.042722
0.042623
0.042866
0.043224
0.044614
0.042362
0.041326
0.043334
0.048832
0.041737
0.043409
0.043334
0.044900
0.043482
0.043462
0.043564
0.043489
0.043332
0.043626
0.064528
0.067035
0.064028
0.067240
0.064240
0.063836
0.064618
0.066158
0.064443
0.073714
0.064340
0.067658
0.064997
0.065893
0.065072
0.062580
0.064781
0.064648
0.062813
0.064763
0.064983
0.064839
0.064435
0.064923
0.064231
0.064294
0.066241
0.064009
0.064096
0.075464
0.065575
0.063721
0.062134
0.064090
0.063900
0.064051
0.065484
0.064222
0.065398
0.062285
0.064169
0.064286
0.066222
0.064775
0.064675
0.064715
0.065069
0.064807
0.065083
0.075755
0.061698
0.063533
0.061188
0.062688
0.064348
0.063812
0.061977
0.062162
0.063296
0.064028
0.063525
0.064806
0.064767
0.066461
0.064933
0.064651
0.065481
0.064714
0.062647
0.076117
0.062932
0.064370
0.065862
0.064872
0.062722
0.065157
0.065488
0.064727
0.065723
0.064743
0.064726
0.062383
0.064457
0.064541
0.065369
0.062921
0.062687
0.065039
0.066675
0.075867
0.066158
0.065546
0.064409
0.064500
0.064604
0.062545
0.065469
0.064502
0.064382
0.064789
0.065888
0.064430
0.065800
0.064316
0.062315
0.064322
0.064643
0.064499
0.065667
0.076268
0.064889
0.064860
0.063257
0.063635
0.065684
0.066030
0.065554
0.065748
0.065164
0.065406
0.065696
0.066331
0.065170
0.064992
0.064745
0.066818
0.064789
0.062622
0.066203
0.075827
0.064636
0.064961
0.065175
0.064865
0.064402
0.064712
0.064794
0.066706
0.063107
0.064364
0.065410
0.062621
0.064794
0.064996
0.064679
0.064745
0.064878
0.065212
0.065075
0.076931
0.065819
0.064326
0.064287
0.064586
0.064331
0.065468
0.064557
0.064844
0.064556
0.064718
0.064939
0.066652
0.067341
0.064800
0.064877
0.064781
0.064839
0.065923
0.064613
0.073625
0.064656
0.064504
0.064413
0.065528
0.065780
0.064615
0.064778
0.065182
0.064595
0.065666
0.064457
0.064290
0.064448
0.064519
0.064757
0.065621
0.064554
0.065504
0.064940
0.073964
0.065198
0.065910
0.064466
0.064766
0.064764
0.063065
0.065107
0.066304
0.064686
0.065965
0.064693
0.064777
0.064468
0.065358
0.064422
0.062405
0.064397
0.064435
0.064366
0.077249
0.064599
0.064615
0.064935
0.064471
0.064223
0.064856
0.064211
0.064266
0.064960
0.065353
0.065589
0.065434
0.065154
0.062903
0.065768
0.064922
0.063069
0.065273
0.064824
0.076183
0.064544
0.064527
0.064984
0.065197
0.065110
0.064691
0.066304
0.065136
0.063638
0.063357
0.065223
0.065116
0.062997
0.063089
0.064771
0.064482
0.064290
0.064379
0.064960
0.076784
0.065234
0.064996
0.065054
0.065067
0.064961
0.064699
0.065522
0.065187
0.064919
0.065175
0.065070
0.066054
0.062364
0.064106
0.064633
0.064767
0.064828
0.064945
0.063507
0.076336
0.064558
0.064610
0.063187
0.067668
0.067286
0.065649
0.065284
0.065489
0.065552
0.063190
0.065785
0.065860
0.065188
0.065193
0.065275
0.065528
0.067033
0.065185
0.064665
0.077662
0.064738
0.064632
0.064013
0.065052
0.062479
0.065135
0.065134
0.064746
0.065038
0.065102
0.062812
0.065010
0.064690
0.064900
0.065833
0.064786
0.065002
0.064932
0.064849
0.076141
0.066299
0.062655
0.064664
0.062561
0.062668
0.065057
0.065346
0.065068
0.064835
0.063159
0.065404
0.065067
0.065395
0.066760
0.065303
0.063132
0.065264
0.063155
0.063585
0.076819
0.065210
0.064877
0.065053
0.065035
0.063521
0.064707
0.061949
0.063315
0.063171
0.061261
0.063845
0.064132
0.061842
0.063776
0.063946
0.063752
0.062702
0.063992
0.062795
0.074643
0.063121
0.063054
0.063606
0.063230
0.062927
0.063280
0.062013
0.064192
0.062336
0.063206
0.063557
0.063684
0.061368
0.063549
0.062134
0.063262
0.063337
0.063101
0.063518
0.074536
0.062248
0.061227
0.061312
0.064462
0.063761
0.063595
0.062107
0.061832
0.063564
0.062997
0.063143
0.063065
0.062981
0.063404
0.063296
0.063493
0.064482
0.063352
0.063745
0.074753
0.063546
0.061195
0.063572
0.063366
0.063875
0.063431
0.063504
0.061401
0.063972
0.063499
0.061212
0.063241
0.063434
0.063389
0.063476
0.063315
0.063852
0.064571
0.063868
0.075141
0.064035
0.064932
0.063811
0.063890
0.063961
0.063883
0.063773
0.063570
0.061664
0.067406
0.064303
0.062160
0.063716
0.064353
0.065523
0.063905
0.064324
0.064831
0.064823
0.076200
0.062950
0.064978
0.064249
0.064381
0.062370
0.064147
0.066079
0.064252
0.061869
0.064176
0.063582
0.062319
0.064300
0.064144
0.064835
0.064257
0.063816
0.063884
0.064776
0.076163
0.062529
0.064765
0.064764
0.062936
0.065110
0.063490
0.061947
0.063793
0.063618
0.063674
0.063647
0.064734
0.063301
0.063262
0.062947
0.061060
0.062535
0.061408
0.062691
0.074194
0.063091
0.062746
0.062542
0.062896
0.063195
0.062948
0.061076
0.063618
0.063421
0.063993
0.061250
0.063394
0.063470
0.063319
0.063604
0.064478
0.064923
0.063310
0.062754
0.072039
0.062903
0.063672
0.061640
0.063572
0.063121
0.062783
0.062634
0.061292
0.062672
0.063201
0.062719
0.060749
0.062687
0.064449
0.062991
0.062982
0.063235
0.063603
0.062910
0.076422
0.062962
0.063202
0.063773
0.062219
0.062990
0.063619
0.063386
0.063005
0.063064
0.063022
0.062867
0.063764
0.063074
0.062954
0.064382
0.063255
0.063198
0.063962
0.065113
0.076191
0.065469
0.065930
0.069801
0.063549
0.065362
0.065518
0.065304
0.064639
0.063880
0.067412
0.066966
0.063900
0.064100
0.067967
0.067235
0.066753
0.070037
0.066658
0.067276
0.047789
0.042957
0.040989
0.042678
0.042701
0.041291
0.042910
0.042702
0.044354
0.042837
0.042575
0.042771
0.042610
0.042601
0.042630
0.042585
0.043278
0.043437
0.043265
0.045761
0.045312
0.040327
0.042267
0.042143
0.045068
0.045536
0.042185
0.040194
0.066220
0.042146
0.040679
0.042405
0.042326
0.042429
0.043064
0.064134
0.063974
0.064412
0.064050
0.062940
0.075063
0.063965
0.063103
0.063007
0.063831
0.065087
0.062774
0.064319
0.063693
0.064542
0.063479
0.065969
0.063287
0.061132
0.063266
0.063373
0.062113
0.064586
0.064311
0.064315
0.074820
0.063490
0.063938
0.063798
0.063831
0.063205
0.063859
0.061339
0.063813
0.063709
0.063929
0.063105
0.061875
0.063742
0.063927
0.063933
0.063709
0.063328
0.063719
0.063365
0.075418
0.063552
0.063628
0.064065
0.063633
0.063529
0.064112
0.063592
0.063895
0.061733
0.063895
0.063748
0.064223
0.063920
0.064795
0.064770
0.066195
0.065578
0.065953
0.065396
0.076592
0.064929
0.065270
0.063360
0.066292
0.065256
0.065143
0.065027
0.066120
0.063010
0.065588
0.063448
0.064622
0.063071
0.063170
0.062964
0.065426
0.065264
0.063117
0.064984
0.074291
0.066022
0.065359
0.065264
0.062392
0.064858
0.064565
0.064643
0.065922
