0.108789
0.064182
0.063890
0.064454
0.063917
0.063992
0.065370
0.063615
0.063391
0.065138
0.064163
0.063571
0.061897
0.063483
0.063845
0.067352
0.043467
0.043322
0.043278
0.066267
0.076965
0.065285
0.064960
0.063943
0.063992
0.064070
0.042822
0.064367
0.045081
0.064031
0.043469
0.072795
0.066941
0.064183
0.064172
0.041866
0.062603
0.067403
0.062463
0.064264
0.075515
0.062936
0.064503
0.068160
0.064219
0.066011
0.064724
0.068655
0.062495
0.064442
0.064606
0.064571
0.064379
0.064960
0.064362
0.064289
0.064526
0.065472
0.065954
0.065694
0.073104
0.063461
0.064369
0.063746
0.063027
0.062787
0.063905
0.063726
0.062189
0.063410
0.063426
0.064946
0.061546
0.063355
0.063336
0.063015
0.062945
0.063763
0.063241
0.063390
0.074551
0.063231
0.062597
0.064816
0.060804
0.065705
0.060827
0.065920
0.062639
0.063507
0.060952
0.062926
0.060414
0.062486
0.060841
0.061023
0.062447
0.063451
0.062746
0.062863
0.074349
0.062943
0.062401
0.062853
0.062865
0.062798
0.063637
0.060884
0.063443
0.063551
0.062683
0.062771
0.062863
0.062891
0.065542
0.062965
0.063355
0.066244
0.062716
0.062868
0.070301
0.062486
0.061896
0.062797
0.062718
0.062605
0.062906
0.062915
0.062890
0.062492
0.062811
0.063108
0.063700
0.063953
0.061671
0.061989
0.063102
0.066308
0.061344
0.064454
0.072749
0.063255
0.063089
0.061088
0.063350
0.063868
0.063086
0.064072
0.063960
0.063109
0.060928
0.063950
0.061011
0.063309
0.062897
0.062735
0.062658
0.063595
0.064130
0.062829
0.075499
0.060883
0.063199
0.063590
0.061623
0.063323
0.063083
0.063702
0.063331
0.062936
0.063535
0.061848
0.062741
0.063948
0.062786
0.062712
0.063890
0.061203
0.063254
0.063222
0.074610
0.063264
0.064512
0.063475
0.063513
0.060948
0.064466
0.063146
0.064161
0.062831
0.062871
0.063031
0.061163
0.062996
0.061260
0.062015
0.062877
0.063710
0.063210
0.064604
0.072905
0.063464
0.063093
0.062907
0.062879
0.060642
0.062654
0.063355
0.062587
0.063260
0.065761
0.064343
0.062512
0.043007
0.044552
0.041985
0.042305
0.042909
0.048642
0.050565
0.052728
0.044708
0.046223
0.045504
0.046817
0.043404
0.044637
0.046765
0.044943
0.049015
0.046353
0.043167
0.043360
0.064396
0.063994
0.070296
0.064164
0.067627
0.067219
0.084408
0.077722
0.067898
0.091721
0.115096
0.069927
0.063563
0.097097
0.111888
0.065863
0.064484
0.066338
0.063232
0.065077
0.066406
0.064368
0.064048
0.063940
0.064444
0.063248
0.066698
0.072606
0.064979
0.070081
0.042768
0.067649
0.078545
0.072384
0.075348
0.082711
0.070868
0.063576
0.066936
0.064175
0.068870
0.064795
0.070512
0.055348
0.062550
0.067729
0.072332
0.074081
0.066445
0.097193
0.098767
0.094734
0.082117
0.072226
0.074915
0.068671
0.083001
0.066654
0.062047
0.065679
0.070914
0.063902
0.065294
0.066445
0.065519
0.065779
0.065876
0.083017
0.062897
0.062369
0.066733
0.044768
0.067641
0.066211
0.063508
0.065890
0.066739
0.045151
0.065394
0.063577
0.065358
0.065483
0.065294
0.064365
0.065565
0.065626
0.068328
0.068764
0.066351
0.066380
0.071739
0.062430
0.066842
0.061255
0.062831
0.063685
0.061243
0.064338
0.065472
0.066088
0.067643
0.069091
0.068102
0.063427
0.067666
0.071669
0.066682
0.070188
0.072311
0.063528
0.065735
0.065455
0.068719
0.064381
0.067028
0.066007
0.064276
0.063295
0.061223
0.063586
0.065153
0.063811
0.063464
0.062199
0.066710
0.068019
0.064211
0.069285
0.063387
0.065259
0.064785
0.069282
0.065523
0.074893
0.070880
0.068151
0.082195
0.065037
0.083867
0.075123
0.068054
0.080197
0.087278
0.084671
0.086884
0.085029
0.067452
0.075400
0.066511
0.065867
0.066378
0.064517
0.063457
0.065710
0.067575
0.067309
0.064067
0.042324
0.063492
0.068964
0.045193
0.063090
0.062359
0.064304
0.063109
0.063229
0.065153
0.074153
0.068076
0.063828
0.068146
0.068599
0.065554
0.064363
0.065593
0.044664
0.045483
0.047606
0.043077
0.064103
0.061811
0.064550
0.066485
0.063562
0.065753
0.068187
0.068054
0.074560
0.065390
0.063285
0.067349
0.065472
0.068663
0.066991
0.068515
0.065174
0.069835
0.067516
0.065158
0.064754
0.067639
0.066966
0.066066
0.068357
0.068551
0.064836
0.068014
0.073462
0.066674
0.068052
0.061855
0.067148
0.072671
0.067426
0.065380
0.065220
0.068144
0.067996
0.064636
0.064226
0.068539
0.064199
0.064075
0.064433
0.064924
0.065159
0.043078
0.070257
0.064124
0.065460
0.066266
0.066095
0.064497
0.046026
0.065757
0.060754
0.067171
0.064658
0.064948
0.068637
0.069749
0.064199
0.065068
0.065557
0.062494
0.073077
0.069837
0.070045
0.068574
0.068308
0.069229
0.066048
0.072973
0.062851
0.071014
0.068064
0.065915
0.067512
0.066219
0.067869
0.066364
0.069684
0.070289
0.081482
0.084171
0.066770
0.073164
0.063180
0.064146
0.085481
0.086482
0.064635
0.065568
0.063786
0.068846
0.067662
0.086015
0.089726
0.069823
0.068446
0.069832
0.068037
0.065566
0.062971
0.068272
0.070267
0.068533
0.068321
0.068090
0.067123
0.065342
0.063148
0.062479
0.062308
