0.108179
0.065036
0.063083
0.063742
0.063629
0.063729
0.063808
0.064295
0.061713
0.062021
0.063857
0.063587
0.061921
0.063904
0.063420
0.063477
0.063040
0.062994
0.063209
0.061589
0.069468
0.062955
0.061004
0.060876
0.063026
0.064595
0.061058
0.065021
0.063284
0.062601
0.061032
0.062957
0.063020
0.062724
0.062402
0.062962
0.063419
0.063382
0.063156
0.063076
0.073632
0.062970
0.063087
0.061152
0.063177
0.063015
0.062939
0.062694
0.062835
0.063143
0.064396
0.064527
0.064714
0.064521
0.065034
0.064439
0.064617
0.064137
0.063859
0.062361
0.076230
0.063164
0.064275
0.064702
0.062555
0.063770
0.064042
0.063429
0.063624
0.063738
0.063605
0.063542
0.063636
0.064200
0.062231
0.064166
0.063997
0.065579
0.062213
0.064452
0.075807
0.064609
0.064266
0.063754
0.061687
0.063643
0.063932
0.061870
0.063562
0.063752
0.064866
0.062164
0.063820
0.063626
0.063472
0.063659
0.063450
0.063967
0.063914
0.061924
0.075584
0.063445
0.065126
0.064042
0.062133
0.061827
0.063729
0.063682
0.065101
0.064678
0.065344
0.065145
0.066835
0.061699
0.067233
0.065053
0.065554
0.064508
0.064676
0.064506
0.074090
0.065504
0.064728
0.062727
0.064026
0.067724
0.064489
0.064702
0.062478
0.064368
0.064170
0.063600
0.064639
0.064954
0.062153
0.064257
0.062202
0.066671
0.063473
0.066919
0.076436
0.062690
0.065000
0.064715
0.068280
0.068400
0.062834
0.064794
0.064656
0.062684
0.064590
0.063903
0.064683
0.065205
0.064387
0.064321
0.064965
0.064895
0.064161
0.064238
0.075655
0.062615
0.063990
0.065389
0.063338
0.062878
0.064534
0.062597
0.063249
0.064915
0.064189
0.065396
0.064570
0.064850
0.064750
0.064995
0.065821
0.062873
0.062872
0.062778
0.074436
0.062743
0.064326
0.064724
0.062633
0.064772
0.065176
0.064705
0.065755
0.064671
0.062287
0.064328
0.064862
0.062457
0.064056
0.062570
0.064253
0.062974
0.065439
0.063117
0.076231
0.065665
0.062899
0.063044
0.063839
0.064637
0.062658
0.063907
0.064137
0.064472
0.065152
0.064530
0.064268
0.065611
0.064424
0.062411
0.065275
0.062543
0.064922
0.064315
0.075595
0.064528
0.065033
0.062275
0.064212
0.062930
0.063008
0.064420
0.063935
0.062934
0.063034
0.060883
0.062500
0.062826
0.061584
0.062863
0.062643
0.062547
0.064353
0.060981
0.073395
0.062657
0.060488
0.060631
0.062721
0.061007
0.062893
0.064618
0.064828
0.063126
0.064844
0.063577
0.065313
0.065896
0.064911
0.064421
0.064037
0.064537
0.064865
0.064259
0.073599
0.062676
0.064264
0.063428
0.065279
0.064301
0.062268
0.062407
0.064134
0.062843
0.063782
0.063931
0.062303
0.064221
0.063941
0.064350
0.065044
0.064153
0.062390
0.065218
0.076236
0.064985
0.065881
0.064657
0.062743
0.064899
0.064431
0.064699
0.066620
0.064871
0.061982
0.061110
0.061090
0.063238
0.064485
0.060990
0.063616
0.061723
0.063486
0.063539
0.076729
0.063756
0.063067
0.061519
0.063247
0.063493
0.064572
0.061158
0.063879
0.066221
0.043203
0.042366
0.040698
0.043050
0.062138
0.061018
0.042758
0.042727
0.040987
0.063028
0.046061
0.040733
0.042328
0.040959
0.040943
0.042629
0.041018
0.042427
0.064142
0.063492
0.063488
0.043759
0.043248
0.043628
0.043502
0.043482
0.042028
0.064476
0.064823
0.064186
0.049453
0.062228
0.043451
0.063940
0.043466
0.043486
0.062627
0.043242
0.041812
0.043380
0.042144
0.041246
0.042689
0.042752
0.042881
0.042878
0.040904
0.041063
0.043711
0.042182
0.047898
0.043828
0.042183
0.042260
0.043260
0.040173
0.043172
0.041880
0.042580
0.042929
0.040497
0.039989
0.040465
0.062835
0.064267
0.066381
0.066794
0.067350
0.065454
0.067587
0.071247
0.067335
0.066958
0.063450
0.061385
0.063887
0.063893
0.062597
0.061554
0.062496
0.062878
0.062447
0.060982
0.042132
0.042207
0.043727
0.042082
0.042098
0.043705
0.043620
0.049098
0.042963
0.022230
0.022953
0.020850
0.020866
0.023124
0.020795
0.022413
0.022196
0.020493
0.021006
0.022017
0.021998
0.022218
0.022269
0.022233
0.020495
0.042804
0.046333
0.048313
0.043871
0.043142
0.042974
0.046026
0.043060
0.042813
0.045155
0.046362
0.043655
0.063483
0.067069
0.062058
0.064174
0.064136
0.065264
0.064400
0.064206
0.067676
0.064740
0.074662
0.065764
0.064531
0.064733
0.062868
0.064154
0.062871
0.066169
0.062824
0.064727
0.064772
0.064429
0.066011
0.044249
0.064241
0.043296
0.064480
0.064626
0.065962
0.069789
0.073896
0.041939
0.062961
0.064512
0.043984
0.066075
0.064682
0.041639
0.064426
0.043695
0.041737
0.043602
0.043555
0.042785
0.062693
0.043509
0.064320
0.064264
0.043343
0.043799
0.051068
0.043258
0.043283
0.044390
0.043430
0.043656
0.041792
0.041630
0.043698
0.043784
0.041720
0.041862
0.043802
0.041474
0.041669
0.043869
0.043579
0.043886
0.041840
0.041851
0.049153
0.043606
0.043794
0.064606
0.043729
0.041627
0.043393
0.043714
0.043427
0.043617
0.043473
0.043527
0.065083
0.060910
0.062645
0.066384
0.066912
0.066442
0.066559
0.063603
0.074008
0.062789
0.062579
0.067857
0.066625
0.068053
0.066361
0.066181
0.061383
0.063543
