0.099004
0.061812
0.063222
0.063243
0.061269
0.062554
0.062668
0.063176
0.063069
0.061140
0.064468
0.063437
0.063128
0.061597
0.063052
0.060807
0.061003
0.060736
0.060964
0.061439
0.072028
0.063060
0.062342
0.064355
0.065665
0.062417
0.062944
0.064481
0.062158
0.064816
0.064269
0.062631
0.065099
0.064306
0.063754
0.064553
0.064019
0.062876
0.065054
0.064842
0.074666
0.063859
0.064394
0.062323
0.062431
0.065135
0.064398
0.064080
0.064039
0.061887
0.064948
0.063260
0.062814
0.064507
0.064230
0.064209
0.064352
0.064342
0.064778
0.064492
0.075664
0.064168
0.063567
0.064744
0.063325
0.062172
0.061838
0.059862
0.060058
0.061962
0.061880
0.060467
0.062088
0.061972
0.062058
0.060004
0.062089
0.061175
0.062573
0.061774
0.073242
0.062485
0.062292
0.061816
0.063373
0.059981
0.059937
0.062089
0.061895
0.062239
0.061930
0.061852
0.062201
0.060171
0.060193
0.062162
0.060320
0.066018
0.060267
0.062332
0.071851
0.062225
0.062636
0.060643
0.060895
0.061834
0.062530
0.060562
0.060338
0.060625
0.060959
0.060480
0.062190
0.063380
0.060154
0.061937
0.062466
0.063174
0.062719
0.061073
0.073528
0.062094
0.062203
0.062465
0.060501
0.062006
0.062258
0.061964
0.060151
0.062215
0.061054
0.062247
0.063255
0.062582
0.060012
0.061647
0.062315
0.062923
0.062364
0.062771
0.073609
0.062296
0.060353
0.063136
0.060503
0.062527
0.064687
0.060968
0.062619
0.063737
0.063352
0.062628
0.063970
0.063496
0.060705
0.060657
0.062978
0.062865
0.062454
0.064384
0.072523
0.060393
0.060494
0.061082
0.060758
0.062515
0.062439
0.062419
0.062509
0.063167
0.062982
0.062115
0.060175
0.064324
0.060807
0.062797
0.063207
0.062343
0.061997
0.062262
0.071530
0.062575
0.063702
0.062952
0.062793
0.061102
0.060705
0.061147
0.062421
0.063541
0.062745
0.060652
0.060545
0.060428
0.060503
0.062699
0.062858
0.062290
0.062652
0.062423
0.075504
0.063065
0.063759
0.062728
0.062654
0.060489
0.062570
0.062620
0.062812
0.061131
0.062542
0.060446
0.062494
0.062388
0.061457
0.062871
0.062136
0.059932
0.061936
0.059937
0.073372
0.060743
0.062820
0.062387
0.062626
0.060367
0.062355
0.061334
0.063676
0.062324
0.062170
0.060567
0.062280
0.060486
0.061109
0.061490
0.060016
0.061535
0.060382
0.059472
0.073148
0.064358
0.062185
0.062014
0.060642
0.062533
0.059806
0.060185
0.060994
0.061544
0.060448
0.060841
0.060479
0.062805
0.063933
0.063187
0.060071
0.060124
0.062554
0.062002
0.073655
0.062785
0.061227
0.060534
0.063027
0.064198
0.064382
0.064522
0.068598
0.063060
0.064787
0.063429
0.064227
0.064632
0.065279
0.062669
0.094285
0.120531
0.111758
0.068321
0.104061
0.112599
0.067504
0.061146
0.084867
0.117671
0.069090
0.059975
0.060648
0.062857
0.063656
0.062038
0.063253
0.060441
0.061238
0.062382
0.059403
0.062224
0.059052
0.061563
0.074502
0.061095
0.062525
0.060343
0.063904
0.064237
0.061193
0.061549
0.063482
0.063980
0.063813
0.062862
0.043124
0.040970
0.040917
0.043505
0.041102
0.049916
0.127096
0.122697
0.082593
0.062843
0.061645
0.060394
0.062002
0.060956
0.062191
0.112583
0.112495
0.060057
0.077957
0.122228
0.086339
0.062454
0.063961
0.061990
0.062249
0.064797
0.060863
0.060146
0.072521
0.059840
0.061220
0.061851
0.061371
0.064315
0.065773
0.059619
0.061377
0.058570
0.061238
0.062361
0.061804
0.061681
0.061470
0.059458
0.064475
0.062911
0.060394
0.063742
0.072106
0.060971
0.060639
0.060545
0.064050
0.060570
0.062383
0.059928
0.062330
0.062532
0.064830
0.060355
0.062662
0.060595
0.060417
0.062081
0.061700
0.062895
0.062442
0.062813
0.073778
0.062404
0.060477
0.061127
0.063133
0.060539
0.060374
0.063608
0.061455
0.061921
0.064249
0.063123
0.064109
0.060880
0.062973
0.063508
0.062854
0.068722
0.062029
0.065193
0.074749
0.061625
0.064016
0.063926
0.062159
0.064905
0.063725
0.063948
0.063718
0.068793
0.062721
0.067064
0.063939
0.063156
0.065776
0.065048
0.064720
0.063532
0.063638
0.063957
0.077317
0.065435
0.063622
0.065000
0.067603
0.064515
0.065018
0.066633
0.063029
0.070270
0.066321
0.065141
0.065263
0.062625
0.066058
0.083131
0.064661
0.063354
0.063334
0.069230
0.074920
0.061946
0.063728
0.062337
0.062625
0.060591
0.060604
0.062458
0.065099
0.062689
0.063550
0.063818
0.063223
0.110731
0.109369
0.061438
0.063280
0.063190
0.062166
0.063684
0.072454
0.062271
0.065664
0.062418
0.060953
0.061384
0.063254
0.061865
0.062584
0.064028
0.062674
0.062233
0.060868
0.065036
0.064720
0.062512
0.065184
0.062228
0.062725
0.062447
0.075186
0.064386
0.060872
0.062142
0.063033
0.075454
0.068388
0.063690
0.063487
0.065522
0.061795
0.063651
0.063493
0.065067
0.062302
0.063305
0.066136
0.063706
0.067109
0.060796
0.073144
0.067631
0.064779
0.061473
0.064343
0.082092
0.066806
0.066013
0.063265
0.062618
0.064416
0.064579
0.065421
0.077218
0.069212
0.062868
0.061631
0.102677
0.067964
0.063120
0.070012
0.061363
0.068658
0.062851
0.066133
0.064093
0.062606
0.062313
0.063799
0.067188
0.063920
0.063356
0.062414
0.063982
0.063402
0.061313
0.063155
0.065216
