0.109568
0.064687
0.062995
0.062771
0.062807
0.066904
0.042344
0.042314
0.042120
0.042539
0.040380
0.042046
0.041819
0.041800
0.041837
0.040812
0.040449
0.042317
0.042015
0.040255
0.045874
0.041636
0.042511
0.041873
0.040663
0.040760
0.042226
0.042067
0.040038
0.040018
0.045196
0.043912
0.042315
0.040177
0.040282
0.041884
0.041717
0.039886
0.042040
0.041863
0.049638
0.043398
0.042182
0.063116
0.042083
0.042259
0.041970
0.041929
0.042301
0.041435
0.042232
0.040210
0.040302
0.040232
0.042226
0.041941
0.042392
0.041052
0.040490
0.044029
0.047663
0.041863
0.041770
0.041734
0.039897
0.039898
0.041997
0.039747
0.039449
0.041288
0.041555
0.041487
0.040136
0.041941
0.039809
0.045529
0.041795
0.039717
0.041278
0.040509
0.046938
0.042870
0.040880
0.043952
0.043095
0.043011
0.043229
0.042742
0.043175
0.041063
0.046342
0.043793
0.046488
0.044903
0.043464
0.041802
0.042884
0.041658
0.043431
0.041424
0.048815
0.043242
0.044939
0.041419
0.043179
0.043230
0.041320
0.041108
0.043262
0.041214
0.042921
0.043497
0.042929
0.043122
0.043519
0.043246
0.042740
0.042485
0.040641
0.041346
0.048688
0.042550
0.042625
0.042366
0.042353
0.040882
0.042451
0.040523
0.043539
0.042795
0.041368
0.041337
0.044191
0.044169
0.040924
0.042936
0.042923
0.043586
0.043038
0.042454
0.048096
0.044487
0.041202
0.042586
0.042960
0.042331
0.043411
0.042659
0.042747
0.042727
0.042665
0.041834
0.043217
0.040592
0.042617
0.044689
0.042666
0.042270
0.042329
0.043029
0.048398
0.040866
0.042822
0.041148
0.043932
0.042432
0.042618
0.044121
0.042727
0.046599
0.040758
0.045877
0.042618
0.043261
0.043031
0.041218
0.046143
0.043400
0.041066
0.043396
0.048949
0.043132
0.042048
0.042585
0.040309
0.040512
0.041448
0.040345
0.044026
0.040820
0.040764
0.042457
0.021316
0.021350
0.041431
0.041813
0.041399
0.039671
0.041374
0.039921
0.047983
0.040269
0.042070
0.040712
0.063003
0.040362
0.043914
0.046515
0.046067
0.046141
0.043670
0.042277
0.042547
0.042637
0.040487
0.040625
0.042971
0.042812
0.043191
0.043173
0.048483
0.040787
0.042541
0.042610
0.042519
0.040907
0.043326
0.044039
0.042422
0.042538
0.042371
0.042440
0.040618
0.042720
0.042503
0.043032
0.041667
0.043064
0.040871
0.043270
0.047275
0.041426
0.041012
0.043720
0.043056
0.043087
0.042653
0.020383
0.042409
0.040951
0.041062
0.020370
0.042843
0.020290
0.021492
0.042139
0.042724
0.041278
0.042528
0.044541
0.047322
0.043065
0.043014
0.043511
0.044765
0.041111
0.041037
0.042345
0.042727
0.042705
0.042802
0.022566
0.042923
0.043691
0.043290
0.041286
0.043017
0.041077
0.043089
0.041366
0.048715
0.043946
0.042907
0.042307
0.043766
0.043481
0.041094
0.061608
0.043187
0.043072
0.022659
0.022477
0.022067
0.022112
0.021833
0.020309
0.020283
0.021690
0.022065
0.021183
0.021797
0.021139
0.021771
0.021771
0.044491
0.021709
0.022094
0.020277
0.021351
0.019294
0.019651
0.021159
0.020951
0.019272
0.020721
0.020730
0.044640
0.044466
0.021257
0.019976
0.045506
0.021735
0.042433
0.042212
0.021875
0.040470
0.042116
0.042299
0.039789
0.043452
0.043019
0.045191
0.044888
0.042033
0.039869
0.021248
0.041620
0.040944
0.045074
0.041915
0.045818
0.042374
0.042390
0.040508
0.040161
0.041839
0.041234
0.045461
0.046184
0.043793
0.020731
0.021587
0.041917
0.042082
0.042116
0.041798
0.040518
0.041741
0.042146
0.043478
0.044812
0.047004
0.046863
0.067423
0.043468
0.066798
0.073023
0.048198
0.061416
0.066334
0.061769
0.068484
0.070067
0.043468
0.062305
0.042257
0.063538
0.065315
0.064497
0.043363
0.074149
0.065561
0.064602
0.064601
0.066931
0.068258
0.062907
0.064886
0.062603
0.062641
0.069204
0.066164
0.065269
0.067732
0.069240
0.064632
0.064499
0.065794
0.062925
0.064281
0.074196
0.063848
0.064309
0.067331
0.067553
0.064206
0.070361
0.068941
0.071235
0.067066
0.064529
0.064063
0.065663
0.068071
0.063999
0.064492
0.067873
0.068145
0.064679
0.065689
0.078114
0.067990
0.067788
0.064414
0.064464
0.067914
0.065320
0.067576
0.071491
0.067527
0.067198
0.067291
0.064045
0.071967
0.063421
0.068280
0.065598
0.068286
0.068186
0.068480
0.076674
0.064639
0.064673
0.064821
0.067748
0.062755
0.065989
0.064181
0.065629
0.043903
0.068027
0.067292
0.064321
0.065123
0.042986
0.061992
0.046491
0.046128
0.042763
0.043271
0.047545
0.025012
0.042818
0.041852
0.043997
0.045218
0.043853
0.047069
0.043396
0.042023
0.045242
0.043916
0.043963
0.043832
0.068078
0.047045
0.045162
0.067374
0.046182
0.021245
0.048421
0.043606
0.020875
0.042807
0.020529
0.043356
0.042746
0.022067
0.043614
0.042990
0.043192
0.043216
0.042970
0.043134
0.041173
0.042846
0.046393
0.041669
0.044530
0.043526
0.047962
0.042843
0.043262
0.041230
0.042913
0.043877
0.067152
0.063814
0.063716
0.061468
0.067028
0.061650
0.063350
0.062295
0.044179
0.043844
0.062268
0.041449
0.043271
0.042920
0.049473
0.041222
0.042962
0.043004
0.041388
0.042953
0.042821
0.042969
0.043894
0.043429
0.041263
0.043481
0.043611
0.042901
0.064288
0.041634
0.064545
0.043552
0.064094
0.063876
0.074739
0.066031
0.066296
0.062845
0.061937
0.063978
0.044859
0.020351
0.060772
0.063674
0.065420
0.063044
0.045634
0.040495
0.045814
0.045743
0.067662
0.021936
0.040474
