0.108025
0.064186
0.063895
0.064458
0.063922
0.063996
0.065374
0.063620
0.063396
0.065142
0.064168
0.063575
0.061901
0.063487
0.063849
0.067356
0.043471
0.043326
0.043283
0.066272
0.076969
0.065292
0.064964
0.063947
0.063997
0.064074
0.042826
0.064372
0.045086
0.064035
0.043474
0.072799
0.066946
0.064187
0.064176
0.041870
0.062608
0.067407
0.062467
0.064269
0.075519
0.062940
0.064507
0.068164
0.064223
0.066015
0.064728
0.068659
0.062499
0.064446
0.064610
0.064575
0.064384
0.064964
0.064367
0.064293
0.064531
0.065476
0.065959
0.065698
0.073109
0.063465
0.064374
0.063750
0.063032
0.062790
0.063910
0.063730
0.062193
0.063415
0.063431
0.064950
0.061551
0.063359
0.063341
0.063020
0.062958
0.063767
0.063245
0.063394
0.074554
0.063236
0.062601
0.064820
0.060807
0.065709
0.060831
0.065924
0.062643
0.063511
0.060956
0.062931
0.060427
0.062490
0.060845
0.061028
0.062451
0.063455
0.062749
0.062867
0.074353
0.062948
0.062404
0.062857
0.062868
0.062801
0.063642
0.060888
0.063462
0.063555
0.062687
0.062775
0.062867
0.062895
0.065546
0.062969
0.063359
0.066248
0.062721
0.062871
0.070306
0.062490
0.061900
0.062801
0.062722
0.062608
0.062911
0.062918
0.062910
0.062496
0.062816
0.063112
0.063704
0.063957
0.061675
0.061993
0.063106
0.066313
0.061348
0.064458
0.072753
0.063260
0.063094
0.061093
0.063355
0.063873
0.063090
0.064077
0.063980
0.063113
0.060932
0.063953
0.061016
0.063314
0.062901
0.062739
0.062661
0.063599
0.064134
0.062833
0.075503
0.060887
0.063203
0.063595
0.061627
0.063327
0.063087
0.063707
0.063335
0.062940
0.063540
0.061853
0.062760
0.063952
0.062791
0.062716
0.063894
0.061207
0.063258
0.063226
0.074614
0.063268
0.064516
0.063479
0.063518
0.060952
0.064470
0.063151
0.064166
0.062835
0.062876
0.063035
0.061167
0.063000
0.061264
0.062018
0.062881
0.063714
0.063215
0.064608
0.072926
0.063468
0.063097
0.062911
0.062883
0.060646
0.062658
0.063359
0.062591
0.063264
0.065766
0.064348
0.062516
0.043011
0.044558
0.041990
0.042310
0.042917
0.048649
0.050570
0.052733
0.044712
0.046229
0.045510
0.046822
0.043413
0.044641
0.046770
0.044947
0.049020
0.046360
0.043172
0.043379
0.064400
0.063999
0.070300
0.064169
0.067631
0.067224
0.084413
0.077728
0.067902
0.091726
0.115101
0.069932
0.063567
0.097103
0.111893
0.065867
0.064488
0.066342
0.063236
0.065081
0.066410
0.064373
0.064053
0.063944
0.064448
0.063252
0.066702
0.072610
0.064984
0.070085
0.042772
0.067661
0.078551
0.072390
0.075353
0.082735
0.070872
0.063580
0.066941
0.064179
0.068874
0.064799
0.070522
0.055357
0.062556
0.067734
0.072336
0.074085
0.066449
0.097199
0.098774
0.094741
0.082122
0.072231
0.074920
0.068675
0.083007
0.066660
0.062054
0.065684
0.070919
0.063906
0.065298
0.066450
0.065523
0.065783
0.065880
0.083022
0.062901
0.062373
0.066740
0.044773
0.067647
0.066215
0.063513
0.065928
0.066743
0.045156
0.065398
0.063582
0.065363
0.065488
0.065298
0.064370
0.065571
0.065631
0.068332
0.068769
0.066358
0.066385
0.071743
0.062435
0.066848
0.061259
0.062835
0.063690
0.061246
0.064344
0.065477
0.066092
0.067647
0.069096
0.068106
0.063432
0.067671
0.071674
0.066686
0.070193
0.072316
0.063533
0.065739
0.065460
0.068724
0.064385
0.067032
0.066011
0.064281
0.063299
0.061227
0.063606
0.065158
0.063815
0.063468
0.062204
0.066715
0.068024
0.064215
0.069291
0.063392
0.065264
0.064790
0.069287
0.065529
0.074899
0.070884
0.068157
0.082200
0.065044
0.083872
0.075128
0.068060
0.080203
0.087287
0.084679
0.086890
0.085038
0.067457
0.075406
0.066515
0.065871
0.066383
0.064521
0.063462
0.065714
0.067580
0.067313
0.064072
0.042329
0.063497
0.068970
0.045200
0.063095
0.062364
0.064310
0.063114
0.063234
0.065157
0.074171
0.068080
0.063832
0.068150
0.068604
0.065558
0.064367
0.065598
0.044670
0.045490
0.047611
0.043082
0.064108
0.061815
0.064555
0.066490
0.063567
0.065758
0.068192
0.068058
0.074564
0.065395
0.063290
0.067353
0.065476
0.068667
0.066996
0.068519
0.065178
0.069839
0.067520
0.065162
0.064759
0.067643
0.066971
0.066071
0.068362
0.068556
0.064840
0.068019
0.073467
0.066678
0.068056
0.061859
0.067177
0.072676
0.067430
0.065384
0.065225
0.068149
0.068002
0.064640
0.064230
0.068542
0.064203
0.064079
0.064467
0.064928
0.065163
0.043083
0.070261
0.064129
0.065464
0.066270
0.066100
0.064502
0.046031
0.065762
0.060758
0.067175
0.064663
0.064954
0.068641
0.069753
0.064205
0.065073
0.065561
0.062499
0.073082
0.069841
0.070050
0.068579
0.068313
0.069234
0.066053
0.072979
0.062855
0.071019
0.068069
0.065920
0.067516
0.066223
0.067873
0.066368
0.069689
0.070294
0.081493
0.084176
0.066774
0.073169
0.063185
0.064150
0.085485
0.086486
0.064640
0.065573
0.063790
0.068851
0.067668
0.086020
0.089733
0.069827
0.068451
0.069836
0.068041
0.065570
0.062976
0.068276
0.070271
0.068537
0.068337
0.068094
0.067127
0.065346
0.063152
0.062484
0.062311
