0.103250
0.063443
0.062649
0.062682
0.063592
0.063533
0.063544
0.064939
0.062103
0.061446
0.064029
0.063556
0.063247
0.063322
0.063437
0.061238
0.064015
0.062871
0.063084
0.063884
0.074055
0.062841
0.062978
0.064931
0.062793
0.064572
0.064822
0.064509
0.062871
0.066150
0.064852
0.062885
0.062861
0.066027
0.062631
0.064045
0.064273
0.064203
0.064484
0.064365
0.075594
0.064656
0.064215
0.063572
0.065967
0.065365
0.065221
0.063087
0.065018
0.064958
0.065244
0.065139
0.064718
0.064749
0.064333
0.063212
0.063320
0.063166
0.065053
0.064196
0.073989
0.060605
0.062754
0.061256
0.063081
0.064624
0.063018
0.061275
0.062595
0.062113
0.062493
0.062304
0.063293
0.062963
0.062803
0.062907
0.062747
0.060727
0.061532
0.063175
0.074353
0.062393
0.062584
0.062879
0.064433
0.062719
0.060666
0.062926
0.062792
0.063386
0.061872
0.063367
0.060863
0.062932
0.062479
0.062839
0.063632
0.063941
0.062462
0.062598
0.072593
0.063134
0.063140
0.063122
0.062721
0.062368
0.060343
0.062376
0.062601
0.064114
0.063257
0.062771
0.060865
0.062873
0.062857
0.061507
0.062644
0.062345
0.062445
0.062267
0.074046
0.063578
0.061256
0.063259
0.063336
0.062936
0.062808
0.064409
0.061216
0.063097
0.063102
0.062914
0.062903
0.064137
0.064322
0.063798
0.064577
0.064708
0.064344
0.064118
0.075610
0.064211
0.064751
0.064649
0.064713
0.065132
0.064696
0.063693
0.065487
0.061974
0.063915
0.064342
0.063136
0.065029
0.062818
0.062699
0.062639
0.065967
0.063397
0.064363
0.076630
0.064930
0.062829
0.064611
0.065102
0.063094
0.064889
0.064770
0.065156
0.064187
0.064730
0.064418
0.062310
0.065462
0.062747
0.064548
0.064968
0.062562
0.064450
0.064525
0.075841
0.064329
0.063006
0.064325
0.062353
0.062896
0.065062
0.062416
0.064209
0.064521
0.064148
0.061931
0.061305
0.061683
0.061153
0.065679
0.062319
0.060185
0.062858
0.066676
0.076209
0.063341
0.062909
0.062366
0.063179
0.062864
0.063767
0.061401
0.063551
0.064105
0.065162
0.063981
0.064512
0.061584
0.063122
0.062986
0.062896
0.062711
0.062967
0.063275
0.074067
0.062546
0.063699
0.062806
0.062616
0.063741
0.063139
0.063085
0.061287
0.061260
0.066760
0.064152
0.063423
0.063261
0.063301
0.063356
0.063001
0.064678
0.062699
0.062916
0.074455
0.062813
0.063027
0.061828
0.063771
0.063211
0.061458
0.061353
0.063408
0.062858
0.063821
0.063094
0.061362
0.063302
0.063722
0.063944
0.062058
0.066677
0.067259
0.067303
0.069369
0.067639
0.067124
0.066704
0.063443
0.064797
0.064128
0.061340
0.063737
0.065908
0.063014
0.062899
0.063130
0.062476
0.063256
0.062200
0.063111
0.062958
0.063042
0.062851
0.074315
0.063926
0.064028
0.064246
0.063950
0.064158
0.065418
0.064581
0.064534
0.062111
0.064051
0.064026
0.063202
0.064821
0.064772
0.064796
0.064931
0.065509
0.067080
0.064782
0.078180
0.062845
0.064344
0.062744
0.063919
0.064953
0.064916
0.064335
0.064328
0.065054
0.065656
0.064085
0.065822
0.068480
0.065768
0.063934
0.065166
0.067905
0.064150
0.067689
0.076093
0.065728
0.064368
0.063556
0.063479
0.064941
0.066981
0.061483
0.061957
0.061613
0.062504
0.060971
0.063602
0.042622
0.042528
0.043307
0.042305
0.040615
0.042264
0.040635
0.047676
0.042609
0.042329
0.042723
0.040606
0.042128
0.042225
0.040404
0.042452
0.042134
0.041937
0.042003
0.042271
0.042165
0.045292
0.042161
0.042252
0.045316
0.044185
0.045340
0.048741
0.042260
0.045126
0.042085
0.040509
0.042243
0.062489
0.060866
0.063322
0.062728
0.062846
0.062689
0.062912
0.063667
0.065211
0.063993
0.061292
0.063045
0.063004
0.062734
0.070397
0.062777
0.062711
0.061213
0.063291
0.064517
0.065585
0.061805
0.063649
0.063716
0.063741
0.061544
0.064407
0.062038
0.061756
0.063580
0.064339
0.064337
0.065060
0.064209
0.073145
0.063463
0.064306
0.063401
0.063469
0.063812
0.061019
0.063001
0.063312
0.061043
0.063073
0.063395
0.063166
0.061433
0.063554
0.063927
0.063652
0.064730
0.063738
0.061628
0.074959
0.063555
0.063219
0.063865
0.063984
0.063061
0.063157
0.063109
0.062985
0.061938
0.061851
0.063795
0.063861
0.063620
0.063827
0.063711
0.064653
0.064135
0.063386
0.061357
0.074283
0.061289
0.061488
0.063686
0.061501
0.062919
0.062809
0.063057
0.064461
0.064423
0.064291
0.064007
0.063576
0.063490
0.062059
0.061574
0.063760
0.063724
0.063461
0.063665
0.076146
0.067112
0.064301
0.062984
0.062859
0.062769
0.063243
0.064193
0.063440
0.061600
0.063277
0.061520
0.061433
0.064242
0.063432
0.064960
0.063884
0.063769
0.061548
0.064363
0.075175
0.063330
0.062885
0.063489
0.061007
0.061312
0.063109
0.062754
0.064106
0.063379
0.062932
0.063392
0.061981
0.063834
0.063634
0.063640
0.061713
0.063420
0.064931
0.061548
0.074795
0.062855
0.063180
0.062625
0.062986
0.063198
0.061527
0.063145
0.061069
0.061331
0.063719
0.063473
0.061123
0.063184
0.064987
0.062958
0.063160
0.062811
0.060330
0.060422
0.073599
0.062914
0.060659
0.063577
0.060684
0.063067
0.061182
