0.100454
0.060007
0.058042
0.061496
0.060865
0.061506
0.058625
0.060493
0.060423
0.058430
0.060269
0.060162
0.059235
0.058144
0.060364
0.058286
0.060590
0.060470
0.058446
0.061115
0.069162
0.060594
0.058543
0.060408
0.060531
0.059380
0.060824
0.060663
0.060842
0.058733
0.060378
0.063004
0.061102
0.058824
0.060713
0.061172
0.058901
0.058830
0.062264
0.063442
0.065762
0.062044
0.059979
0.059995
0.062377
0.062813
0.061809
0.039718
0.061802
0.061485
0.062117
0.059911
0.059680
0.059901
0.061579
0.060301
0.062379
0.061022
0.061772
0.060208
0.071857
0.059620
0.061338
0.061280
0.059409
0.061028
0.062671
0.062193
0.063910
0.064420
0.064477
0.061463
0.061406
0.061928
0.064430
0.061687
0.063313
0.063380
0.066065
0.066704
0.072343
0.062971
0.061395
0.062041
0.060550
0.060355
0.062287
0.061125
0.060653
0.060552
0.060349
0.060070
0.060925
0.060512
0.060403
0.062401
0.062391
0.060464
0.062377
0.061027
0.072061
0.064256
0.062531
0.062218
0.062042
0.062405
0.060194
0.061727
0.059958
0.061395
0.061832
0.059864
0.062382
0.060548
0.061918
0.062955
0.059910
0.060024
0.062617
0.063921
0.073658
0.060109
0.059998
0.060070
0.060134
0.062716
0.060854
0.059823
0.062335
0.062632
0.062201
0.061956
0.062859
0.063092
0.062984
0.063086
0.063115
0.063503
0.063727
0.063055
0.075759
0.063512
0.063879
0.063594
0.063541
0.063199
0.062591
0.062457
0.061658
0.062552
0.060710
0.060750
0.060796
0.059726
0.061869
0.059464
0.060664
0.061480
0.060967
0.061075
0.072392
0.061860
0.061976
0.062079
0.061932
0.060776
0.062058
0.060347
0.061847
0.062518
0.059716
0.059742
0.063423
0.059530
0.061119
0.059003
0.061294
0.065384
0.059670
0.059455
0.071999
0.059600
0.061594
0.062331
0.060090
0.060647
0.059719
0.061049
0.062531
0.063503
0.063342
0.061335
0.063884
0.063766
0.061580
0.061373
0.060703
0.062989
0.062389
0.061817
0.073023
0.059651
0.059634
0.062016
0.061888
0.062755
0.061533
0.061165
0.058875
0.059733
0.062872
0.064095
0.061295
0.062744
0.062932
0.063330
0.063464
0.063245
0.062760
0.063822
0.074500
0.060911
0.062667
0.063376
0.063730
0.061363
0.063673
0.061387
0.062454
0.063434
0.063319
0.061841
0.063555
0.061584
0.061959
0.063504
0.062160
0.064647
0.065373
0.061872
0.074820
0.061974
0.062845
0.062948
0.062356
0.063157
0.060671
0.061995
0.060454
0.060280
0.060446
0.062879
0.063553
0.062199
0.062588
0.060527
0.060938
0.061432
0.061068
0.060422
0.071501
0.061854
0.061957
0.061902
0.062537
0.063108
0.062167
0.062420
0.062011
0.060274
0.062200
0.063012
0.063095
0.062880
0.060611
0.061920
0.061776
0.063239
0.060122
0.063697
0.073424
0.062714
0.062789
0.062464
0.062217
0.062055
0.060693
0.062549
0.062523
0.063230
0.061352
0.062640
0.062617
0.061409
0.060648
0.060695
0.062200
0.062825
0.062005
0.062030
0.073283
0.059981
0.062114
0.060520
0.059887
0.062738
0.062406
0.062781
0.062315
0.060152
0.060806
0.062287
0.060465
0.062008
0.062149
0.062077
0.060540
0.062364
0.061842
0.060085
0.074666
0.062143
0.061989
0.063080
0.062224
0.063102
0.059965
0.061985
0.060106
0.062176
0.060613
0.061894
0.060148
0.061901
0.062912
0.060162
0.060623
0.061976
0.061913
0.061984
0.073454
0.060526
0.061892
0.062890
0.062214
0.060055
0.061913
0.062325
0.061861
0.062668
0.062125
0.060369
0.060453
0.061896
0.061590
0.059752
0.061049
0.061756
0.062370
0.060025
0.073396
0.061864
0.062468
0.062382
0.061976
0.060441
0.062208
0.060537
0.063123
0.063633
0.062408
0.062211
0.062738
0.062784
0.062207
0.062935
0.062397
0.060841
0.062072
0.062099
0.071620
0.062076
0.063209
0.059717
0.061446
0.061254
0.059805
0.062259
0.062156
0.061769
0.060552
0.059969
0.062119
0.062047
0.062290
0.060488
0.060867
0.060267
0.060309
0.062129
0.071619
0.061753
0.061468
0.062330
0.063177
0.060359
0.059795
0.061961
0.061733
0.062363
0.059848
0.061720
0.061690
0.059984
0.061808
0.062783
0.060835
0.060095
0.059827
0.062037
0.073111
0.062031
0.060451
0.062023
0.061661
0.062089
0.061699
0.059536
0.059595
0.060400
0.060946
0.059849
0.061811
0.059585
0.059675
0.060222
0.060038
0.060100
0.061545
0.061826
0.071410
0.061460
0.061943
0.060425
0.061284
0.059964
0.059820
0.061625
0.061565
0.061250
0.059422
0.061375
0.059475
0.060098
0.059825
0.062600
0.062205
0.061586
0.061266
0.061873
0.071280
0.061083
0.063124
0.062889
0.062449
0.060514
0.062869
0.062650
0.062606
0.063039
0.062456
0.060684
0.060669
0.060666
0.062271
0.061055
0.062593
0.062567
0.060097
0.062352
0.072026
0.062045
0.061051
0.060001
0.062689
0.061604
0.061033
0.062754
0.063305
0.061371
0.061439
0.061021
0.062880
0.062438
0.060631
0.063158
0.060871
0.062306
0.062229
0.061717
0.074217
0.063086
0.062149
0.063988
0.064780
0.064434
0.061893
0.064648
0.065076
0.063925
0.063892
0.063894
0.063293
0.064029
0.062459
0.064120
0.062086
0.064021
0.062400
0.062362
0.075303
0.062396
0.063837
0.061963
0.064384
0.062177
0.062218
0.065284
0.064404
0.064196
0.064172
0.062194
0.063874
0.062325
0.064847
0.063601
0.062201
0.063751
0.063961
0.062868
0.075876
0.061907
0.063795
0.064072
0.064200
0.063555
0.064133
0.062218
0.063972
0.063955
0.064074
0.063940
0.065224
0.065696
0.063978
0.061983
0.061806
0.064968
0.064674
0.065130
0.073616
0.064061
0.063450
0.063986
0.063805
0.063480
0.062329
0.062238
0.063758
0.064120
0.064096
0.064080
0.064242
0.063777
0.063813
0.063786
0.063865
0.063400
0.062064
0.063337
0.075478
0.062256
0.064248
0.064140
0.064063
0.065406
0.062141
0.064283
0.063792
0.063807
0.063600
0.064421
0.062696
0.061613
0.062077
0.063699
0.064719
0.063760
0.065172
0.063569
0.075110
0.061400
0.064195
0.064322
0.063652
0.062069
0.061543
0.063138
0.061245
0.063664
0.060946
0.062770
0.061507
0.061655
0.063154
0.063685
0.062833
0.061594
0.061107
0.064397
0.072797
0.063470
0.064039
0.063597
0.063071
0.061500
0.063977
0.061476
0.063657
0.061471
0.064014
0.061522
0.064189
0.063776
0.062952
0.063026
0.062847
0.063718
0.063340
0.063059
0.074542
0.061295
0.063253
0.063873
0.061428
0.062929
0.062309
0.063121
0.062909
0.062446
0.062211
0.063094
0.061211
0.060931
0.062813
0.063094
0.063089
0.061357
0.063503
0.066599
0.071290
0.068303
0.064890
0.066822
0.067846
0.067348
0.063722
0.061854
0.063608
0.043730
0.061999
0.063757
0.042843
0.040827
0.042380
0.061621
0.061384
0.062103
0.064188
0.042873
0.046085
0.042675
0.042690
0.061054
0.063167
0.065757
0.063574
0.061118
0.061053
0.062605
0.063179
0.063691
0.063587
0.060445
0.062305
0.062765
0.062393
0.062656
0.062728
0.060493
0.069412
0.065758
0.062258
0.067026
0.067548
0.064688
0.066463
0.064235
0.064550
0.063427
0.063706
0.063582
0.060927
0.065978
0.064089
0.062020
0.065746
0.064712
0.064063
0.061482
0.074696
0.061082
0.063290
0.064108
0.061279
0.061073
0.062818
0.060710
0.060698
0.063451
0.063811
0.062656
0.062913
0.061041
0.060650
0.062280
0.061270
