0.095654
0.063167
0.062664
0.062876
0.060545
0.060862
0.063397
0.061177
0.060752
0.062753
0.060521
0.062262
0.063543
0.062659
0.062672
0.060778
0.062789
0.063082
0.064182
0.061314
0.070616
0.063996
0.063193
0.063204
0.063136
0.040664
0.060719
0.060796
0.062779
0.063692
0.062822
0.063679
0.061205
0.064037
0.063337
0.060744
0.061034
0.061264
0.063540
0.066474
0.074871
0.063550
0.063098
0.062920
0.064456
0.063711
0.063526
0.061690
0.061346
0.063125
0.064114
0.063404
0.063414
0.061041
0.063076
0.062970
0.062883
0.063478
0.063097
0.062802
0.075586
0.060771
0.063245
0.064375
0.063353
0.063769
0.063082
0.060471
0.063268
0.061109
0.062921
0.063100
0.063248
0.065150
0.061244
0.063069
0.061713
0.061327
0.063307
0.063398
0.074752
0.063216
0.063951
0.061250
0.063166
0.063068
0.064787
0.063615
0.063973
0.063601
0.063514
0.063300
0.063221
0.063088
0.063274
0.062623
0.063318
0.061257
0.040150
0.063292
0.076249
0.063594
0.061682
0.063459
0.063517
0.063424
0.063252
0.063166
0.061977
0.063391
0.063035
0.063283
0.063232
0.062024
0.063918
0.063056
0.062982
0.063754
0.063955
0.063477
0.073022
0.061373
0.061349
0.063269
0.061175
0.060893
0.062104
0.064420
0.063350
0.063163
0.063247
0.063295
0.061252
0.061651
0.063693
0.062457
0.063513
0.063302
0.063385
0.063640
0.076794
0.063393
0.063500
0.063471
0.063326
0.064242
0.064895
0.061317
0.063225
0.061343
0.063066
0.061172
0.061731
0.062521
0.063921
0.065260
0.062714
0.064413
0.063624
0.065430
0.075787
0.062124
0.062299
0.064275
0.064615
0.063853
0.064976
0.062247
0.064164
0.061205
0.063832
0.064936
0.064746
0.062732
0.064945
0.064860
0.062796
0.065083
0.065220
0.064137
0.075920
0.063170
0.062640
0.061038
0.061862
0.063066
0.061009
0.063426
0.062684
0.062612
0.063038
0.063053
0.063392
0.060922
0.060854
0.062579
0.062431
0.060636
0.062759
0.062421
0.072223
0.062776
0.062836
0.064637
0.060401
0.062311
0.061976
0.061067
0.062782
0.062454
0.063241
0.042145
0.040008
0.060683
0.062552
0.060401
0.062438
0.063066
0.062161
0.064273
0.076663
0.061695
0.063776
0.064683
0.064325
0.062221
0.062170
0.064163
0.062302
0.064626
0.065670
0.064248
0.064781
0.066234
0.064053
0.063945
0.062661
0.063125
0.064030
0.062022
0.073538
0.065166
0.062052
0.064005
0.064341
0.062051
0.063084
0.063921
0.062182
0.064411
0.069647
0.064554
0.061408
0.064122
0.064867
0.063981
0.063698
0.061629
0.061672
0.064641
0.072481
0.061146
0.062858
0.063309
0.063064
0.062999
0.060871
0.063096
0.063055
0.060502
0.063279
0.063224
0.064654
0.063241
0.063130
0.063290
0.064094
0.063035
0.062843
0.063039
0.074505
0.061111
0.062166
0.063552
0.061103
0.064370
0.061174
0.063406
0.061579
0.064302
0.061605
0.061638
0.063408
0.063625
0.063330
0.064162
0.061881
0.063615
0.063648
0.061878
0.074827
0.063796
0.063945
0.060991
0.063054
0.063081
0.063499
0.063758
0.064286
0.061819
0.063387
0.061548
0.064075
0.063406
0.064418
0.063543
0.063520
0.063385
0.063557
0.061404
0.075277
0.063695
0.063372
0.063328
0.066690
0.063705
0.066732
0.063053
0.061012
0.062593
0.062766
0.062933
0.063060
0.064145
0.062859
0.065762
0.060937
0.063206
0.064542
0.061737
0.048490
0.042364
0.063440
0.061322
0.063419
0.066627
0.064173
0.067529
0.069213
0.063143
0.066975
0.064112
0.062200
0.061540
0.063200
0.063252
0.063363
0.060668
0.060789
0.066028
0.068963
0.063700
0.042434
0.063230
0.061581
0.062991
0.042589
0.060703
0.042654
0.065799
0.066269
0.060869
0.043440
0.061653
0.063089
0.060831
0.062778
0.062980
0.040868
0.044448
0.072822
0.040947
0.042149
0.042008
0.042438
0.042157
0.042149
0.040571
0.042643
0.062884
0.042200
0.042043
0.060430
0.062586
0.066126
0.065644
0.061319
0.062958
0.061120
0.062961
0.074408
0.061082
0.061101
0.063053
0.063179
0.063503
0.063540
0.063454
0.062105
0.064216
0.063456
0.061303
0.063450
0.063468
0.064335
0.063359
0.060903
0.062856
0.063078
0.063493
0.074587
0.064459
0.064563
0.063945
