0.099143
0.062581
0.060179
0.061807
0.063219
0.062274
0.062038
0.060588
0.060870
0.064380
0.063191
0.063381
0.062563
0.062202
0.060004
0.062058
0.062063
0.062845
0.062972
0.062523
0.071045
0.062432
0.062093
0.061612
0.063279
0.062788
0.062724
0.060813
0.062619
0.062737
0.063861
0.060972
0.060915
0.060669
0.062497
0.062368
0.064611
0.064411
0.062548
0.060200
0.072035
0.064072
0.063270
0.064359
0.063263
0.061308
0.061101
0.063031
0.061473
0.063276
0.064054
0.060774
0.062880
0.061059
0.063218
0.063214
0.063764
0.062997
0.062827
0.062815
0.074250
0.062778
0.040148
0.043549
0.041699
0.042591
0.040595
0.042523
0.042622
0.040625
0.042413
0.042126
0.044305
0.042346
0.040476
0.040562
0.042194
0.040512
0.040546
0.042273
0.047999
0.040781
0.043943
0.040673
0.042568
0.042388
0.040699
0.042382
0.042302
0.042429
0.041798
0.043204
0.043223
0.041290
0.043029
0.041197
0.041051
0.041254
0.041348
0.041559
0.048866
0.043328
0.041163
0.063857
0.043687
0.064714
0.044410
0.043969
0.062511
0.064597
0.041481
0.041236
0.043144
0.041286
0.041596
0.043784
0.043222
0.043447
0.043795
0.041522
0.047224
0.041566
0.041408
0.043703
0.043700
0.043395
0.043139
0.043308
0.043873
0.043004
0.043208
0.043219
0.044508
0.041388
0.043143
0.042014
0.042158
0.063311
0.065122
0.065073
0.074794
0.064429
0.064305
0.064317
0.062657
0.065037
0.063001
0.064731
0.041810
0.044145
0.043009
0.043638
0.020208
0.020391
0.022055
0.022100
0.065453
0.064828
0.065390
0.065432
0.076644
0.062563
0.065276
0.067653
0.067588
0.066151
0.068351
0.068086
0.065296
0.064371
0.067891
0.067446
0.067483
0.067543
0.069001
0.067493
0.067360
0.067264
0.068481
0.062185
0.076143
0.067270
0.064283
0.067449
0.067580
0.063085
0.064714
0.068023
0.064717
0.064669
0.062802
0.069346
0.064633
0.063972
0.062084
0.066013
0.062537
0.060452
0.062891
0.062761
0.071765
0.061893
0.060808
0.066000
0.066726
0.066185
0.066313
0.062651
0.062878
0.060696
0.061013
0.061271
0.063786
0.063538
0.062937
0.063178
0.060664
0.063064
0.067395
0.065083
0.072109
0.063144
0.062458
0.062447
0.062783
0.063221
0.062504
0.065733
0.060492
0.062677
0.060355
0.060607
0.063128
0.062685
0.062977
0.062881
0.063073
0.063060
0.067592
0.062422
0.073938
0.064727
0.064548
0.064741
0.064675
0.063995
0.062744
0.064610
0.063971
0.065064
0.065096
0.065825
0.062900
0.064909
0.064540
0.062226
0.064428
0.064682
0.065952
0.062441
0.073693
0.062754
0.063583
0.063981
0.062954
0.062433
0.064206
0.063794
0.063843
0.061752
0.065505
0.064342
0.064850
0.063902
0.063663
0.063715
0.063610
0.062119
0.061673
0.063672
0.075217
0.061879
0.061874
0.062700
0.062326
0.063773
0.062382
0.062604
0.062393
0.061512
0.064143
0.061369
0.063274
0.061291
0.061300
0.062907
0.064288
0.062891
0.063257
0.063589
0.072056
0.062755
0.062706
0.063241
0.061067
0.061306
0.061363
0.063280
0.061203
0.062644
0.063136
0.061042
0.062262
0.063267
0.063030
0.061157
0.063810
0.061050
0.061374
0.061042
0.074641
0.061255
0.063718
0.063324
0.061159
0.063305
0.064471
0.061382
0.063267
0.062210
0.061194
0.063276
0.063118
0.063212
0.063242
0.061268
0.060875
0.062666
0.062723
0.062935
0.075353
0.060892
0.061545
0.060930
0.063347
0.063255
0.063271
0.063080
0.061359
0.061359
0.061047
0.061264
0.062883
0.064271
0.062881
0.062285
0.063045
0.060984
0.062967
0.062804
0.072476
0.061439
0.063943
0.063541
0.061713
0.063622
0.061819
0.062525
0.065560
0.062575
0.064495
0.064200
0.062200
0.064245
0.064295
0.062670
0.063959
0.061973
0.063733
0.063773
0.074570
0.064927
0.062124
0.064172
0.061701
0.065101
0.064406
0.064581
0.062622
0.064584
0.062504
0.063825
0.064267
0.064814
0.065618
0.062465
0.064403
0.064216
0.064089
0.062266
0.073713
0.059350
0.062212
0.063448
0.063245
0.063675
0.063274
0.064741
0.063690
0.061151
0.063029
0.063176
0.061147
0.063182
0.063820
0.063190
0.061098
0.062136
0.061707
0.061810
0.077083
0.064422
0.063822
0.063487
0.063430
0.063194
0.061385
0.063829
0.063319
0.063133
0.062794
0.062861
0.062820
0.064245
0.063078
0.063731
0.063425
0.063293
0.061127
0.062633
0.074016
0.062074
0.062063
0.064067
0.063822
0.063946
0.064750
0.064345
0.064967
0.062147
0.062078
0.062079
0.064172
0.065074
0.064529
0.062179
0.063599
0.063982
0.063789
0.065029
0.075503
0.063759
0.062548
0.064533
0.064742
0.065274
0.062881
0.064604
0.062642
0.062565
0.064472
0.062577
0.065300
0.064528
0.064919
0.065304
0.064570
0.062908
0.064873
0.064646
0.075954
0.064269
0.064266
0.063670
0.063702
0.062888
0.062101
0.063985
0.065223
0.062032
0.063841
0.062558
0.063687
0.064980
0.064903
0.064847
0.062371
0.062080
0.065578
0.062759
0.075795
0.066763
0.063322
0.065205
0.065779
0.065405
0.065103
0.063091
0.063910
0.064147
0.062066
0.062164
0.063214
0.062947
0.063091
0.064888
0.063297
0.061929
0.062706
0.062615
0.073846
0.064288
0.064343
0.064384
0.063061
0.065356
0.063760
0.063885
0.063836
0.062063
0.065663
0.064237
0.062566
0.063825
0.064006
0.062407
0.064172
0.062774
0.064151
0.062549
0.076157
0.064901
0.065557
0.063339
0.064638
0.064110
0.064249
0.062448
0.062436
0.064570
0.064609
0.064291
0.064465
0.062236
0.063226
0.063207
0.062139
0.061838
0.063565
0.063396
0.074689
0.063399
0.063334
0.063569
0.061107
0.063131
0.063027
0.061217
0.061226
0.063201
0.060916
0.062814
0.060639
0.060570
0.062568
0.062702
0.062205
0.062769
0.062570
0.060767
0.074046
0.060787
0.062309
0.061617
0.060695
0.061129
0.063057
0.061154
0.061350
0.064371
0.063229
0.063191
0.063203
0.062622
0.060713
0.062773
0.061810
0.061097
0.062601
0.061000
0.072448
0.063205
0.064560
0.061306
0.061450
0.061340
0.063285
0.063203
0.063064
0.064369
0.063636
0.063278
0.062323
0.063063
0.063456
0.063868
0.063452
0.061267
0.063007
0.060910
0.071827
0.062471
0.063968
0.063150
0.063722
0.060535
0.062524
0.062485
0.062654
0.062709
0.061122
0.062931
0.060685
0.060526
0.063601
0.064301
0.060920
0.063217
0.063391
0.060674
0.071988
0.062251
0.062961
0.062534
0.062409
0.062119
0.062390
0.060948
0.062989
0.061117
0.062721
0.064931
0.061270
0.063591
0.063402
0.063788
0.040149
0.041696
0.062127
0.062083
0.072933
0.062502
0.063615
0.061163
0.061019
0.061034
0.061638
0.060945
0.062448
0.064924
0.062811
0.060958
0.060561
0.062519
0.062581
0.062658
0.062716
0.062586
0.041979
0.063230
0.075594
0.063013
0.061522
0.063044
0.062909
0.062699
0.060625
0.062465
0.062152
0.061748
0.060754
0.062883
0.060786
0.062507
0.061518
0.063114
0.060920
0.062753
0.062541
0.062137
0.073715
0.062867
0.064080
0.062839
0.060903
0.062806
0.062256
0.064622
0.062563
0.061645
0.060736
0.060584
0.062850
0.062701
0.060801
0.063582
0.062574
0.061552
0.060925
0.062780
0.074186
0.061899
0.063751
0.060788
0.063076
0.062979
0.062801
0.060505
0.064484
0.061172
0.060665
0.062572
0.062350
0.062468
0.060895
0.064014
0.063224
0.063169
0.063301
0.062988
0.074413
0.063270
0.063058
0.062733
0.062775
0.061336
0.062708
0.062799
0.064607
0.063149
0.061029
0.062957
0.060986
0.063509
0.060863
0.063363
0.062931
0.063038
0.060684
0.062734
0.071999
0.063507
0.064257
0.062894
0.060747
0.060733
0.062538
0.062618
0.063746
0.060848
0.063193
0.063902
0.063836
0.063395
0.063507
0.061671
0.062627
0.063249
0.063011
0.062962
0.074366
0.064259
0.063195
0.063262
0.063102
0.063004
0.061130
0.063451
0.062988
0.064743
0.063328
0.061040
0.060678
0.062797
0.063713
0.060494
0.062901
0.060460
0.061177
0.063249
0.074738
0.061625
0.063089
0.064231
0.063255
0.060713
0.062919
0.063272
0.063125
0.062853
0.062866
0.065774
0.062712
0.062861
0.063940
0.062756
0.061031
0.061773
0.062963
0.061283
0.075026
0.063729
0.061025
0.063073
0.062967
0.062970
0.060950
0.061535
0.062817
0.063012
0.063298
0.061346
0.060977
0.060927
0.063358
0.063500
0.060897
0.060976
0.062801
0.063061
0.074712
0.062949
0.062820
0.063295
0.064049
0.062923
0.062783
0.063896
0.062745
0.062647
0.062713
0.062626
0.060835
0.062679
0.060948
0.062855
0.062787
0.060837
0.062015
0.062804
0.072608
0.062737
0.062711
0.062657
0.062841
0.063724
0.063125
0.063085
0.062899
0.060802
0.061217
0.063391
0.063061
0.062790
0.062861
0.062881
0.060753
0.062888
0.062797
0.062789
0.072844
0.062649
0.062491
0.063083
0.062588
0.062225
0.063719
0.063076
0.060976
0.063045
0.063302
0.061471
0.063157
0.064421
0.063123
0.063136
0.063315
0.063061
0.062701
0.065469
0.072645
0.063229
0.063427
0.061369
0.061388
0.063200
0.063959
0.063373
0.063466
0.061193
0.061031
0.062937
0.065082
0.061912
0.063281
0.063114
0.063078
0.060811
0.063267
0.064138
0.072668
0.061344
0.063764
0.061659
0.063562
0.061760
0.065207
0.063288
0.063216
0.063118
0.063560
0.063618
0.061794
0.061602
0.063568
0.061428
0.063400
0.063482
0.064215
0.065097
0.074194
0.063592
0.063576
0.063317
0.062084
0.064476
0.062044
0.064118
0.064455
0.063091
0.064068
0.063683
0.064952
0.063476
