0.094923
0.063533
0.064181
0.062883
0.062720
0.062394
0.061002
0.062514
0.062164
0.063188
0.062266
0.060797
0.061433
0.063103
0.063121
0.064184
0.064546
0.061631
0.062763
0.062357
0.070411
0.062479
0.062998
0.062063
0.062497
0.060812
0.062334
0.061134
0.061282
0.064526
0.061047
0.061942
0.062387
0.060154
0.062199
0.064031
0.062670
0.063061
0.066244
0.066022
0.071386
0.065614
0.062825
0.061799
0.060490
0.063070
0.062947
0.062582
0.067757
0.066470
0.062857
0.062563
0.062222
0.062355
0.064020
0.062331
0.064574
0.063461
0.060628
0.062501
0.074305
0.060903
0.060306
0.062429
0.062414
0.061795
0.062263
0.064102
0.062678
0.061377
0.064548
0.061042
0.062656
0.062330
0.062919
0.060322
0.062402
0.062515
0.060368
0.062217
0.074733
0.060510
0.063054
0.061218
0.063383
0.062685
0.060493
0.061923
0.062415
0.063128
0.060713
0.063073
0.061414
0.063229
0.062673
0.060433
0.060626
0.063868
0.062571
0.062625
0.075010
0.060526
0.062963
0.062838
0.060363
0.062266
0.063054
0.060957
0.062859
0.062869
0.061314
0.063305
0.063148
0.064799
0.063061
0.062995
0.060575
0.060612
0.062409
0.063741
0.074786
0.063543
0.063081
0.060971
0.063792
0.061120
0.062703
0.063044
0.063072
0.063039
0.063000
0.061073
0.064482
0.062746
0.062965
0.062881
0.062002
0.063327
0.061339
0.061742
0.074202
0.062874
0.062823
0.060917
0.060786
0.063787
0.062960
0.060853
0.062551
0.062346
0.060756
0.065241
0.063021
0.062349
0.062426
0.062506
0.060348
0.062495
0.061768
0.062923
0.074470
0.063196
0.063293
0.062724
0.063781
0.063238
0.062717
0.060497
0.060286
0.062370
0.062594
0.064409
0.064374
0.062417
0.067135
0.064246
0.064441
0.062797
0.063238
0.064387
0.073136
0.063647
0.063712
0.062305
0.065166
0.063940
0.063696
0.063393
0.063297
0.063118
0.064968
0.064767
0.062118
0.064358
0.063711
0.063664
0.061769
0.064221
0.063339
0.063528
0.074743
0.065021
0.063388
0.063311
0.064564
0.064248
0.063746
0.061610
0.063679
0.062109
0.062158
0.063559
0.063627
0.063518
0.062784
0.062686
0.064144
0.062672
0.064694
0.063147
0.074140
0.063053
0.062732
0.062616
0.060096
0.062427
0.060890
0.064319
0.063154
0.062229
0.063440
0.065378
0.063371
0.064207
0.063145
0.064599
0.063116
0.061010
0.063006
0.063094
0.073900
0.063676
0.061464
0.061055
0.062702
0.063423
0.060544
0.062830
0.061307
0.061426
0.063068
0.060957
0.063163
0.062847
0.062627
0.063273
0.061870
0.062304
0.060854
0.060722
0.073927
0.063765
0.062019
0.062560
0.062312
0.062355
0.062052
0.061982
0.064146
0.062087
0.060917
0.060569
0.064346
0.060992
0.064100
0.065568
0.063859
0.063093
0.063025
0.062410
0.074561
0.061480
0.060643
0.062570
0.063081
0.062956
0.063238
0.063959
0.062669
0.062534
0.062544
0.062480
0.063065
0.063066
0.061394
0.062545
0.062567
0.062340
0.062730
0.064159
0.074557
0.062072
0.062518
0.062043
0.062570
0.061955
0.062770
0.060817
0.062047
0.062346
0.062470
0.062405
0.062833
0.063865
0.060312
0.060494
0.062583
0.060676
0.062229
0.062564
0.069469
0.068423
0.065803
0.060070
0.063414
0.062926
0.064345
0.060358
0.062612
0.060136
0.060201
0.062190
0.060584
0.063137
0.062129
0.062124
0.062368
0.062455
0.062260
0.064636
0.071992
0.063395
0.062375
0.061959
0.060029
0.062634
0.062953
0.062851
0.060804
0.062418
0.062845
0.062930
0.064050
0.063879
0.063010
0.062631
0.062536
0.062746
0.062964
0.062689
0.073452
0.062131
0.060117
0.062617
0.063674
0.064237
0.065257
0.062604
0.063462
0.064285
0.064057
0.064227
0.062196
0.063229
0.061479
0.062500
0.062881
0.060576
0.061887
0.062802
0.074923
0.061636
0.063150
0.063339
0.061718
0.063785
0.062899
0.061359
0.062828
0.060909
0.063510
0.064189
0.061155
0.061242
0.063393
0.060910
0.060933
0.060981
0.062743
0.062306
0.073988
0.061352
0.061905
0.062493
0.063776
0.062584
0.060887
0.064353
0.063802
0.063061
0.063076
0.060912
0.063154
0.060711
0.060186
0.062019
0.062071
0.063868
0.062104
0.060634
0.074076
0.063802
0.062809
0.063757
0.064121
0.063754
0.061950
0.064246
0.063606
0.064323
0.064544
0.061823
0.067088
0.063723
0.062728
0.060905
0.063781
0.063309
0.063063
0.062974
0.072282
0.063218
0.062834
0.061809
0.063308
0.062795
0.063518
0.064465
0.064234
0.062961
0.063359
0.064179
0.064381
0.063144
0.062711
0.063143
0.063749
0.061351
0.063339
0.061609
0.074246
0.062067
0.063569
0.062727
0.062648
0.062730
0.060475
0.062590
0.061042
0.063648
0.063321
0.063207
0.063119
0.061182
0.062182
0.063890
0.062409
0.060451
0.065079
0.067083
0.077150
0.068680
0.071835
0.077950
0.069149
0.063856
0.061095
0.064226
0.061479
0.062926
0.060632
0.079195
0.077492
0.065318
0.070587
0.088889
0.090666
0.065742
0.064449
0.085496
0.115564
0.063163
0.063399
0.062306
0.061639
