0.093944
0.063081
0.062907
0.062754
0.063760
0.063449
0.061505
0.063090
0.064594
0.061493
0.062965
0.063333
0.062706
0.063331
0.061794
0.062088
0.063719
0.064684
0.064917
0.065435
0.073722
0.065218
0.063124
0.065332
0.064013
0.066355
0.065306
0.063015
0.063925
0.063954
0.063485
0.064321
0.043477
0.062011
0.064328
0.065542
0.065056
0.064544
0.063453
0.062021
0.074980
0.065032
0.062389
0.063998
0.063091
0.064383
0.063910
0.064002
0.063533
0.063447
0.065147
0.065552
0.062408
0.064126
0.062594
0.063808
0.062197
0.062128
0.064152
0.064313
0.074946
0.064251
0.063867
0.062038
0.064064
0.069169
0.064357
0.062725
0.062711
0.062748
0.060992
0.066076
0.063098
0.060812
0.062644
0.062554
0.062148
0.062693
0.063622
0.061268
0.074372
0.062872
0.063046
0.062798
0.062886
0.063049
0.063514
0.063068
0.063020
0.063131
0.063195
0.062959
0.062233
0.060395
0.062313
0.062454
0.065949
0.060900
0.062881
0.063238
0.073798
0.062365
0.060535
0.065961
0.062448
0.064471
0.062739
0.062392
0.062177
0.062372
0.062672
0.063040
0.061535
0.062968
0.062756
0.062865
0.062780
0.062329
0.063365
0.062615
0.072415
0.063078
0.062595
0.062863
0.062757
0.062423
0.060548
0.062572
0.062696
0.062837
0.062606
0.063566
0.063653
0.060919
0.062583
0.062493
0.061638
0.040115
0.061028
0.062184
0.073471
0.063107
0.061036
0.060705
0.063088
0.065917
0.064036
0.063148
0.061774
0.063111
0.062983
0.063531
0.063024
0.063009
0.060871
0.063280
0.061329
0.064284
0.062800
0.064567
0.075959
0.063243
0.060471
0.062469
0.063724
0.062952
0.062751
0.065830
0.063123
0.062330
0.062753
0.060796
0.063905
0.067651
0.066176
0.060861
0.060734
0.064208
0.063544
0.063982
0.072061
0.062671
0.062497
0.063285
0.060513
0.063177
0.061227
0.061577
0.062788
0.060707
0.063994
0.062697
0.062568
0.062057
0.062864
0.060550
0.062713
0.062701
0.062611
0.062963
0.075828
0.061390
0.062836
0.063790
0.061244
0.063075
0.063133
0.061412
0.062676
0.060807
0.061217
0.060839
0.064018
0.061033
0.062037
0.062890
0.066600
0.062975
0.062830
0.062839
0.072528
0.064084
0.063431
0.062680
0.062693
0.060703
0.062564
0.064368
0.062899
0.062721
0.062777
0.062245
0.060881
0.063411
0.063496
0.063121
0.042355
0.040416
0.060887
0.062998
0.074636
0.064484
0.063195
0.062746
0.062565
0.062634
0.062574
0.063227
0.062311
0.060295
0.065410
0.062399
0.063163
0.063469
0.063251
0.064489
0.062711
0.062677
0.062145
0.060752
0.075411
0.062756
0.063370
0.063411
0.040618
0.062643
0.062671
0.064425
0.063506
0.061736
0.061130
0.062920
0.062001
0.063423
0.063030
0.061000
0.060641
0.062346
0.062278
0.062343
0.071262
0.064450
0.065246
0.064550
0.064061
0.064363
0.065093
0.063902
0.061905
0.063729
0.063767
0.063720
0.064052
0.064261
0.061746
0.063596
0.064070
0.063840
0.063642
0.065569
0.074957
0.066989
0.063992
0.067830
0.062658
0.063079
0.060623
0.062454
0.062939
0.064307
0.062659
0.062860
0.060973
0.062366
0.062060
0.060819
0.062759
0.062427
0.060811
0.062797
0.074069
0.062716
0.064194
0.063895
0.060919
0.062738
0.063636
0.063421
0.063641
0.063720
0.063806
0.062031
0.063779
0.066869
0.063626
0.063873
0.064958
0.063762
0.064335
0.063231
0.072656
0.062883
0.062852
0.060905
0.063306
0.061029
0.062845
0.063326
0.063592
0.063034
0.063606
0.064122
0.063356
0.063240
0.063408
0.061728
0.063878
0.064241
0.061617
0.063692
0.075566
0.063756
0.065394
0.065062
0.063564
0.064401
0.064227
0.061966
0.062221
0.064127
0.065333
0.064056
0.062427
0.062406
0.064116
0.064144
0.066708
0.064271
0.064228
0.067235
0.072967
0.061996
0.063949
0.064903
0.062326
0.063940
0.064186
0.062243
0.063956
0.069321
0.064471
0.062207
0.063963
0.063816
0.063968
0.064085
0.064741
0.064301
0.066831
0.063318
0.075321
0.063894
0.064017
0.064190
0.062026
0.064106
0.064078
0.063719
0.067578
0.064802
0.064478
0.064518
0.064675
0.064872
0.062907
0.065304
0.066275
0.063553
0.065194
0.065444
0.076795
0.069228
0.064737
0.066518
0.071988
0.068412
0.068244
0.068387
0.067568
0.062414
0.063626
0.063843
0.067285
0.063042
0.068455
0.065891
0.064529
0.064317
0.064517
0.064389
0.076071
0.064185
0.063515
0.064689
0.064279
0.063802
0.064043
0.061508
0.063174
0.063669
0.063898
0.063813
0.064001
0.064886
0.069607
0.067440
0.064079
0.062949
0.066397
0.064151
0.074957
0.063733
0.063198
0.061404
0.063413
0.061905
0.064010
0.065126
0.067581
0.067255
0.064703
0.061388
0.063763
0.063176
0.063320
0.063644
0.063450
0.061595
0.063993
0.063310
0.072219
0.063662
0.062827
0.063867
0.061898
0.062396
0.063944
0.064774
0.063239
0.062843
0.062898
0.063738
0.063226
0.061115
0.063022
0.061672
0.063401
0.062957
0.063798
0.063514
0.075170
0.063670
0.063650
0.066954
0.064164
0.063598
0.062898
0.062800
0.063105
0.064623
0.063626
0.061625
0.063046
0.063007
0.060778
0.062843
0.060990
0.061983
0.063140
0.062622
0.074479
0.063212
0.065513
0.061294
0.066606
0.063175
0.061119
0.063352
0.040838
0.062940
0.042835
0.040775
0.021704
0.021844
0.063525
0.040540
0.066225
0.063217
0.064246
0.064477
0.072354
0.062894
0.063337
0.063497
