0.094761
0.062213
0.062912
0.062169
0.062178
0.062842
0.063084
0.060340
0.062247
0.061861
0.063080
0.063357
0.063542
0.062927
0.063539
0.063667
0.063457
0.062919
0.060879
0.061536
0.071463
0.065100
0.065483
0.064553
0.064254
0.067985
0.060935
0.063197
0.060873
0.062903
0.062764
0.062652
0.061289
0.063096
0.060597
0.061752
0.063711
0.069057
0.065483
0.067112
0.048321
0.063847
0.063951
0.042656
0.042969
0.043405
0.042935
0.042907
0.042931
0.042869
0.042998
0.043268
0.063878
0.066465
0.064097
0.063783
0.064233
0.064059
0.064112
0.064066
0.074184
0.063768
0.064217
0.064000
0.063910
0.064777
0.065274
0.064415
0.062164
0.064652
0.064376
0.064448
0.064574
0.062180
0.061842
0.063119
0.063429
0.063696
0.063806
0.064564
0.073960
0.067786
0.067791
0.066489
0.067213
0.064989
0.067425
0.066954
0.063919
0.064202
0.067408
0.064621
0.062356
0.065269
0.062262
0.064960
0.064069
0.064483
0.066353
0.064371
0.075169
0.066960
0.063388
0.064171
0.064651
0.063573
0.065875
0.061912
0.063772
0.063726
0.065118
0.067428
0.061979
0.063946
0.064372
0.064229
0.063951
0.065135
0.067042
0.064558
0.075622
0.063756
0.064945
0.067846
0.063675
0.063728
0.063630
0.064043
0.063766
0.067283
0.063904
0.063644
0.064404
0.062832
0.065076
0.070759
0.067681
0.068591
0.065129
0.064217
0.075763
0.064622
0.066372
0.063143
0.065206
0.065948
0.063801
0.064930
0.064851
0.062873
0.065214
0.064894
0.064932
0.064973
0.062920
0.066007
0.064512
0.064267
0.062318
0.068752
0.075837
0.068602
0.070967
0.067764
0.067545
0.064281
0.067651
0.068404
0.067877
0.065572
0.064425
0.067799
0.065934
0.063438
0.068585
0.064841
0.062796
0.064760
0.062475
0.063875
0.074338
0.064197
0.064107
0.064090
0.064000
0.065587
0.065200
0.065053
0.062737
0.064617
0.068061
0.065855
0.065361
0.064533
0.070610
0.067714
0.067268
0.062006
0.065528
0.065127
0.075938
0.064152
0.064217
0.062516
0.064765
0.065286
0.064452
0.062182
0.064380
0.064342
0.064763
0.066366
0.064657
0.064728
0.064131
0.064935
0.065115
0.064141
0.063472
0.064662
0.073774
0.067197
0.064430
0.067494
0.063938
0.068258
0.064436
0.064293
0.064503
0.064578
0.065061
0.064954
0.064607
0.065309
0.065033
0.064952
0.062817
0.066599
0.068885
0.065773
0.076160
0.067410
0.064436
0.065698
0.064355
0.062483
0.064543
0.064250
0.043402
0.063915
0.064445
0.065967
0.065469
0.064871
0.063126
0.064583
0.065625
0.062565
0.063063
0.065336
0.076505
0.067872
0.065079
0.064535
0.066041
0.064599
0.062980
0.064970
0.065580
0.065144
0.064739
0.063033
0.064872
0.064764
0.062748
0.065757
0.064870
0.065238
0.064883
0.065047
0.073890
0.064006
0.064651
0.063817
0.064209
0.067607
0.064382
0.068053
0.068237
0.064202
0.064797
0.067796
0.064253
0.063935
0.063059
0.064453
0.064576
0.064462
0.063956
0.064639
0.076939
0.065028
0.062407
0.064697
0.066033
0.064696
0.065482
0.065390
0.064427
0.064651
0.064214
0.064113
0.063684
0.064595
0.063986
0.064161
0.064196
0.065411
0.063829
0.065388
0.075501
0.064578
0.063953
0.064598
0.064324
0.064600
0.069196
0.067363
0.064982
0.063452
0.063521
0.066319
0.062395
0.064295
0.064693
0.067906
0.064455
0.064298
0.063303
0.064369
0.075651
0.063778
0.064045
0.066146
0.066701
0.064115
0.063599
0.064444
0.064366
0.064374
0.064430
0.064785
0.064701
0.064744
0.064797
0.064207
0.065910
0.065899
0.064413
0.062331
0.075684
0.063769
0.062237
0.065083
0.063937
0.063768
0.064088
0.062062
0.062007
0.065014
0.063280
0.064481
0.064802
0.064289
0.064093
0.064246
0.068624
0.062811
0.063595
0.064059
0.075264
0.064363
0.065021
0.064944
0.064643
0.064699
0.064284
0.062205
0.064040
0.065318
0.064588
0.064349
0.064348
0.064182
0.064926
0.065324
0.065842
0.064577
0.064355
0.064209
0.075833
0.065195
0.064941
0.062672
0.064612
0.064682
0.064610
0.064384
0.065546
0.065844
0.064952
0.064788
0.064918
0.041253
0.064544
0.064436
0.065547
0.064548
0.067323
0.065372
0.076310
0.067843
0.063450
0.063689
0.063833
0.063934
0.064023
0.065215
0.061505
0.062886
0.062391
0.062356
0.062712
0.041644
0.061286
0.042413
0.063844
0.063435
0.063371
0.063366
0.072196
0.062965
0.062546
0.063123
0.063070
0.062843
0.060697
0.066491
0.061956
0.062586
0.061026
0.063286
0.062422
0.062824
0.062833
0.061070
0.062868
0.062620
0.060759
0.062902
0.075266
0.063525
0.063079
0.064360
0.062533
0.062294
0.063064
0.062552
0.062518
0.062304
0.062337
0.062342
0.062123
0.063740
0.063139
0.062696
0.060592
0.064044
0.062927
0.063032
0.074003
0.061897
0.061985
0.062331
0.061864
0.059961
0.063500
0.040515
0.042724
0.063438
0.066534
0.062230
0.062903
0.063750
0.062858
0.062152
0.062261
0.062737
0.062795
0.063082
0.074162
0.063211
0.063332
0.060746
0.064557
0.061172
0.063748
0.063267
0.062877
0.062751
0.062996
0.060502
0.064600
0.062560
0.062573
0.063156
0.062918
0.063001
0.064031
0.063874
0.074402
0.042209
0.062651
0.061050
0.062561
0.063787
0.062797
0.062214
0.065277
0.060355
0.062339
0.064642
0.061384
0.061292
0.062965
