684.000000	517.000000	20.000000	21.000000
684.243042	528.236877	17.303200	25.298086
682.834473	546.332764	17.713404	22.041111
681.537964	548.621216	18.899675	22.544184
681.007751	545.978577	18.733421	20.175966
681.193604	537.844360	16.636925	21.649088
679.831238	528.152710	16.766842	20.384781
676.059937	516.958923	18.240404	22.954422
674.128296	509.349640	16.833776	21.893715
670.507629	503.850250	17.028603	22.213589
670.718506	499.479187	16.971186	21.337610
664.709473	490.460449	17.396519	22.848726
663.343567	486.554779	18.490351	23.599813
661.326477	480.474274	19.542984	26.133692
657.914795	475.897888	17.441977	23.586527
655.431213	473.663971	17.310312	20.303455
652.496765	469.147888	17.591169	25.874546
649.762939	465.260803	16.955563	21.519463
646.278015	461.688477	17.419714	24.511936
644.125610	457.839996	17.801453	22.042213
642.828186	453.751190	17.035025	26.120785
642.094116	451.957916	18.747375	21.965137
641.426636	447.914764	17.036739	26.662281
640.791199	445.933594	17.287590	21.709829
641.830139	442.349182	15.964893	24.588175
641.937134	439.594208	17.569567	21.681108
643.300598	428.412933	15.824244	31.472773
642.812805	433.949219	17.385977	22.327482
643.548462	431.357147	16.397295	22.710527
644.426331	429.609375	17.178112	21.907949
644.801392	419.771057	16.521948	30.309860
643.510132	423.963501	16.765873	22.432829
643.321899	422.897247	16.768553	20.544605
643.593201	416.623627	18.520773	22.838526
643.295715	413.923767	19.681295	21.507273
644.236023	409.204224	17.263178	21.047228
644.447266	406.543549	15.432276	21.436550
643.913269	400.683960	14.814204	21.422089
645.097900	394.667328	15.311694	25.364969
644.666382	390.803864	17.137768	22.443499
646.074341	385.957489	16.888281	22.974401
645.412231	378.299286	15.915621	22.939735
645.479004	367.734741	17.003674	29.851982
642.992371	364.819794	17.451645	23.431509
644.501404	357.732635	18.315033	29.045164
643.101501	354.957733	17.332882	24.490051
641.577026	349.243652	17.739319	31.447611
639.481262	351.260223	17.285198	26.536352
639.386414	352.149628	18.320063	32.250134
639.493225	360.697998	15.666858	25.773909
640.109558	368.134308	17.753288	30.776804
642.375183	381.615479	16.516939	28.081470
644.151917	391.259125	18.427929	26.587479
647.171448	409.661011	17.589405	25.186636
649.375488	425.964630	16.811995	23.812729
651.374939	432.531494	16.713945	24.056757
652.687012	446.119629	15.067403	25.476578
654.856445	458.018311	17.741091	25.732054
656.647522	466.006836	16.367546	22.913443
656.059570	469.562164	16.178621	23.769442
658.584900	467.997894	16.399370	22.662952
659.109253	460.464661	15.056083	26.438465
659.257812	455.115692	17.269812	23.523323
661.232483	450.690826	16.503563	22.997210
665.197388	445.293335	15.290846	21.858406
667.250061	437.414673	16.528852	24.057407
667.968750	431.040802	17.889795	24.135931
670.506042	427.257996	17.017441	24.374554
673.601013	424.395233	17.473217	22.584696
674.636597	416.271301	19.119097	28.816597
675.382202	419.762726	20.315918	22.572598
677.118286	418.301422	20.617626	22.752476
679.286133	418.934967	21.765820	22.200832
680.485840	417.397858	20.827085	20.833420
679.190491	410.607635	21.591810	21.234480
680.762878	406.332367	19.764933	20.921467
682.092651	404.246185	19.925636	19.550722
681.260925	401.748627	19.472445	21.116579
679.808899	397.154053	19.946598	23.813452
679.129395	396.035950	20.466057	25.632074
679.134216	397.555206	21.499182	23.291016
678.572388	399.892731	20.409245	21.304241
679.000916	400.275513	18.322857	21.277905
677.639526	401.347992	18.703878	26.127388
679.033630	399.327393	18.585236	20.713739
677.802490	395.719971	19.018044	22.650696
677.410156	390.628662	19.505474	20.797119
678.294067	386.140656	18.309849	24.553585
677.745178	381.487823	18.981913	21.385963
676.860474	372.399109	20.053802	29.044897
675.864380	372.648224	19.538309	23.653206
675.100281	364.395294	18.062916	27.135395
675.591187	362.522766	18.309618	24.870264
673.583374	353.025604	19.318415	29.137930
672.810059	350.265106	20.052551	24.172974
672.661255	342.493011	18.955788	27.713900
671.867249	342.256409	19.934557	26.884035
670.564941	341.475830	20.860929	30.858841
669.208557	343.484802	19.428686	25.522696
669.579407	341.952057	19.406803	28.099508
671.048218	344.167603	18.171434	25.742966
670.706116	346.595673	17.923382	30.683849
669.911438	349.462585	18.548363	25.449699
672.217712	351.059967	18.810577	29.921013
674.920044	353.274078	18.371429	24.967386
676.384399	357.717926	15.966475	26.474344
679.125549	351.673187	19.289345	24.985291
681.484985	348.724579	16.452070	25.958214
685.153503	347.844757	16.278116	24.179398
687.296082	343.187134	18.607494	30.061235
688.699036	333.942078	16.470648	30.020044
691.860718	332.791229	19.265442	32.113209
697.121399	331.961365	18.058151	24.864967
700.791931	323.526764	18.286436	30.683540
704.382507	318.441406	18.545393	23.886791
708.226013	309.874054	18.838585	32.245651
710.438538	307.770447	20.912445	23.511551
713.126648	302.611420	19.634733	31.069458
715.303650	303.308228	17.964760	21.448721
714.343628	298.622406	20.002281	30.006695
717.073608	301.340851	20.961113	25.553530
715.149109	301.806152	18.742748	28.705566
714.612671	305.076782	17.959158	23.391958
714.309753	307.422241	19.769983	29.837507
715.024170	309.963928	18.855680	25.692318
714.043030	311.842834	19.442793	30.883545
714.302612	316.992981	18.168936	23.674885
716.582947	318.052429	17.915388	29.234467
719.300659	319.936249	18.188559	24.659597
719.737915	321.711365	19.259583	29.762514
721.941650	327.905487	18.347778	23.623642
723.207886	326.430115	18.313366	29.756973
724.896423	324.376587	18.654911	25.175983
724.530762	321.178680	19.080757	31.500473
723.704285	325.169983	18.551762	24.096289
721.206177	329.458832	18.264212	28.991299
717.102295	339.665405	16.535679	22.178278
710.923340	349.940765	18.192566	26.731199
707.502991	360.727173	18.363600	24.614271
701.379700	378.804657	18.661905	25.433958
699.243103	387.207001	18.489891	24.968901
696.685608	391.931000	14.202411	18.185350
696.943176	384.072571	16.205135	20.356554
694.286987	372.809631	14.217583	23.985727
690.917725	361.820190	15.412702	26.228186
689.688049	359.052582	15.880196	23.618156
686.043884	363.833466	21.258255	22.689878
686.997681	371.449707	19.373962	22.700209
687.138184	377.875214	17.581654	27.325888
684.788635	397.996674	16.994041	22.215406
684.883301	406.947021	18.115162	24.808199
684.221375	420.628662	17.622248	19.607103
682.818726	415.588959	18.523115	23.079927
681.352295	412.993744	17.089569	21.679602
681.643738	411.120239	17.280149	21.823044
681.375183	410.584961	18.207766	21.846556
682.314331	410.371674	17.104403	24.246178
680.461243	412.782745	19.350615	22.589767
680.187134	414.981567	19.354923	27.139624
680.311768	417.341217	20.908421	30.365658
682.106873	415.436768	18.868162	25.282825
680.710327	414.682312	18.208206	21.357159
680.855713	406.852661	17.473438	24.400766
680.695862	400.286713	18.025015	24.007488
684.119812	395.607544	15.827224	22.217670
681.855347	388.415009	17.702066	20.732540
680.435059	380.233948	19.800209	24.777437
681.925659	373.687805	18.741032	22.630772
681.252319	368.064758	17.441603	23.421478
678.568909	364.349457	19.036154	20.566753
676.635986	354.395081	18.566628	25.302319
676.538208	352.626343	18.030239	22.173239
675.738586	344.053802	17.976597	28.337212
674.514526	340.447388	16.305958	21.255322
674.446350	331.782410	15.181869	25.050739
672.414734	330.561493	17.042816	24.496595
672.688904	325.265594	16.964043	29.997084
668.748230	323.073608	19.720301	25.949150
671.838684	319.162384	18.848577	26.832716
672.841980	322.016418	18.624512	22.742199
672.395020	319.810303	18.501730	25.376228
672.737915	318.110321	19.693369	21.937843
673.925781	313.097412	17.203583	28.655787
675.788391	311.008270	17.936808	22.706728
676.925476	307.065887	18.890984	24.774736
680.806702	308.920258	15.714356	21.788862
681.686401	311.729431	16.100422	24.167374
680.693604	322.016724	18.172031	22.416866
681.615906	329.628815	17.506935	27.261496
680.821106	345.582397	18.739420	22.615334
682.823914	353.077179	17.210018	28.964376
682.789185	362.327271	19.789068	24.023666
683.602051	357.437225	18.022596	32.553020
682.933105	359.009430	19.254549	22.726311
683.674683	350.616089	18.735243	31.166744
686.482361	351.110291	18.390284	22.592844
686.830627	345.528870	18.689228	30.369865
687.559998	343.832153	17.700304	24.364775
691.147156	341.156647	18.334736	29.637501
694.495300	338.234283	15.764570	24.871578
693.704163	334.498901	18.244339	28.549498
695.943115	335.245392	18.340261	24.346006
694.128052	334.331573	19.473333	27.354212
698.315796	339.026672	15.855241	23.609749
692.037964	344.827423	17.385962	27.055616
688.724731	349.516754	17.870951	28.178082
688.229187	360.833038	16.740782	25.852261
685.521667	365.130890	17.045605	27.143688
684.106018	366.922333	17.338890	26.212368
683.521301	359.004761	17.482788	27.511055
682.401733	357.168579	18.250395	26.304873
683.018677	348.460236	16.523775	28.910246
679.844727	347.185089	18.861383	26.549311
677.688965	340.049500	18.454866	28.066210
675.560181	341.433167	17.140566	26.633591
672.804749	341.495148	16.000540	22.783499
669.976196	337.033112	16.750315	26.239809
665.549377	328.711975	17.909597	26.382294
663.798584	334.627533	16.735245	25.336649
661.743896	334.394196	16.093521	24.199385
659.350098	333.090240	17.462891	23.826242
656.259460	339.969086	15.270713	20.729708
652.396301	343.052643	17.203440	23.436636
650.170166	356.467072	16.352566	24.247225
647.038574	364.793579	15.941062	24.446175
643.643127	372.053467	17.695595	24.422537
641.887634	373.303711	17.811680	23.709602
641.678406	375.168793	16.702005	25.326927
638.472961	374.860352	17.512304	23.687115
637.095886	375.180115	17.515259	23.937426
636.314392	371.619751	17.073446	23.726702
634.290527	368.468872	16.391371	27.006397
630.041138	366.705414	18.085583	24.048538
628.506531	366.947723	18.267454	24.753759
630.011841	369.962982	17.151350	20.739573
630.011841	369.962982	17.151350	20.739573
634.210144	373.141632	13.059221	18.907784
631.505737	380.594574	17.025112	20.829042
632.441162	386.623169	17.713284	20.250410
636.653015	391.720978	16.706926	24.050188
638.133972	397.306152	19.038429	20.908314
641.705444	399.142242	19.768518	24.864988
644.895996	399.088226	19.519062	21.592339
647.453003	389.887360	16.617350	25.402056
645.508545	380.825806	16.516129	21.814066
645.311584	365.913757	17.871473	27.782148
646.809509	358.802643	19.271082	22.026222
647.106628	343.444885	19.266621	29.576326
646.932556	339.416351	18.703512	28.023659
648.198914	332.257751	19.576675	28.399817
648.635498	325.353516	20.091616	23.650665
648.741333	315.628296	18.819458	29.540375
648.291016	311.319611	19.732937	24.824253
648.597412	308.125153	19.130663	29.289106
649.509094	303.835388	18.879692	24.226299
649.428955	301.719818	17.669142	30.975836
648.543945	303.381561	17.980947	25.105673
648.501526	306.857635	17.524954	29.428366
649.844116	316.838898	17.320860	23.840378
649.067444	329.468292	16.935133	27.010920
647.537537	340.947327	17.729267	25.160582
646.456665	344.836212	18.627958	30.758892
646.677917	349.672089	18.584595	23.820805
646.769836	347.699249	17.623358	28.352930
643.338013	344.984650	19.558258	27.488342
642.698486	343.509521	16.374689	27.702536
644.397888	339.085175	17.669119	25.019667
642.952637	337.464447	17.234079	26.293762
639.281616	338.922333	19.609566	23.938232
639.113220	341.418243	18.925428	26.037125
643.425110	340.671600	14.174806	22.445044
638.087646	337.725159	16.497168	24.878031
634.226929	342.133087	19.090324	22.808878
634.243469	341.316528	18.737352	31.937750
633.524597	349.158264	18.401344	23.100977
634.078308	350.209320	17.365831	31.825424
630.207275	359.908173	18.455944	23.855907
629.433167	364.807983	18.465290	32.650459
628.695496	380.319855	17.886219	22.131176
626.359619	390.475616	17.470642	25.209475
622.702820	388.716766	18.055485	24.913265
621.236877	386.292694	17.203419	27.635021
617.725342	381.798645	15.601413	21.061569
612.907227	369.320953	16.132786	24.028130
613.465698	365.665649	13.823068	22.160566
610.384399	355.691589	17.104090	26.882519
610.665894	349.088409	15.702575	23.149534
611.613281	337.830475	13.739441	25.696615
612.657104	332.214417	13.032952	22.100470
608.919189	322.873260	17.765306	30.015333
611.448120	318.636108	15.465446	24.556799
609.401062	315.830811	17.174204	32.248005
609.043884	319.145844	15.500504	24.762138
608.748779	325.399109	17.303602	30.563463
609.890198	338.186584	15.165828	24.556810
609.753662	352.926453	17.972004	29.092617
610.707947	372.405212	16.545761	24.742163
612.204285	385.269104	16.921431	27.018183
612.204285	385.269104	16.921431	27.018183
613.364807	398.256104	14.686077	23.128729
613.552063	395.519867	15.689113	22.397243
617.306030	386.618774	13.130556	22.663015
615.947205	377.339661	15.437212	22.098314
615.308960	364.387665	16.573973	27.740940
616.505310	354.880707	17.754930	28.467886
619.240967	343.599854	17.250273	26.319210
621.168701	344.595093	18.819639	23.126245
624.875366	338.895538	17.141153	29.359493
626.268127	335.992218	17.706625	23.017103
628.715820	328.925140	18.170778	31.153540
632.150696	330.894012	16.727764	22.758848
632.809143	326.466217	17.641806	27.004967
632.513855	329.255737	17.989908	23.103329
635.130554	327.398926	17.703802	26.695013
637.784119	329.447174	15.699748	22.958561
637.275818	328.789429	16.944706	23.256163
637.167969	329.694580	17.258408	22.676134
639.107361	329.420868	17.231596	23.909536
639.656311	327.760956	17.965303	22.185854
642.008606	319.858093	17.650814	23.913940
644.937195	313.036133	17.910559	22.821598
648.247620	303.059204	18.380606	26.039608
653.021851	299.593903	19.083218	21.645519
655.138062	292.700989	19.644039	27.116795
657.753540	287.182373	18.987118	25.999420
661.462524	283.346741	18.679594	27.894585
664.645813	292.422150	17.676041	23.584751
665.406250	303.804871	19.306368	29.603806
667.965515	313.307037	19.029745	25.069954
670.964600	322.121735	18.652283	27.077320
674.791321	330.280212	18.978558	23.977823
679.998840	337.041595	15.641908	20.475655
679.279175	339.808746	18.091455	22.238079
679.066345	333.558807	17.109577	25.161221
676.124695	326.761963	19.418818	25.823034
674.581543	321.090546	17.650692	24.048506
673.285767	313.995148	18.175718	25.517231
670.381958	308.516754	18.450928	25.589998
667.463928	304.970306	17.830603	26.029194
661.408508	299.579254	18.471630	25.755220
654.533020	297.624939	19.986561	27.900345
650.396240	297.233704	20.237450	29.687454
646.926270	297.069336	18.759447	27.857452
642.308899	299.858887	18.204681	28.765806
636.294678	301.556854	18.705244	30.224483
633.111694	307.898743	18.280020	29.283381
630.416504	312.878357	17.912682	29.573700
631.707764	318.870087	17.869329	27.057434
634.218079	317.296967	16.583536	32.195778
640.485046	317.570587	15.082417	25.904007
642.606628	311.417328	17.042091	23.502010
641.878906	305.434540	17.719812	23.618170
641.082092	300.694244	18.806959	31.260506
641.266052	299.439392	19.016077	33.468102
642.987061	298.295349	16.700726	31.333710
641.338318	303.995087	18.965839	26.565758
643.131958	306.867615	16.815712	28.980959
692.880066	347.182922	19.858149	27.472147
643.850342	307.557587	19.606152	23.050104
645.856995	307.133270	17.557552	22.698421
647.587463	307.871155	18.581102	31.357752
652.438354	308.240997	18.273031	29.321800
654.777649	312.364197	18.289585	31.185411
659.161804	315.789490	18.011648	28.942324
660.707153	319.440704	17.393332	31.690128
664.669006	320.434082	18.562975	27.081478
666.297791	321.545441	17.886848	31.748968
668.186157	325.135376	18.325653	23.856874
669.750244	329.213013	17.817106	27.215029
673.575562	338.003784	17.010483	24.029980
672.229980	342.354797	17.709272	31.696754
671.476746	335.158783	19.824924	33.268192
670.601562	339.081757	18.958954	32.301491
673.111389	339.340363	18.797251	25.959209
675.227844	335.789551	16.740255	32.030060
676.324890	335.645386	18.453842	23.954998
678.029480	332.555328	19.258152	31.169905
681.638550	332.239838	18.103102	24.710989
683.396423	329.602570	16.829176	31.875950
685.309204	330.632355	17.838196	23.450121
687.208496	329.310059	18.516867	31.027248
689.000061	330.328674	19.010914	22.709991
689.000061	330.328674	19.010914	22.709991
691.830322	325.589539	18.468359	25.274170
691.513794	323.992798	18.616993	24.144388
693.533447	323.957886	18.209879	23.669786
693.164001	323.986694	19.387690	24.904902
692.266479	318.112579	16.548388	25.824789
694.621643	311.686676	16.281658	24.592062
692.075378	305.410095	17.870358	25.372252
688.873474	296.455994	18.593149	35.178074
685.782959	291.376221	17.921579	26.316889
680.003479	287.457489	18.306051	32.222534
674.485901	283.795502	18.811901	28.000959
666.687439	286.486450	17.384748	32.087402
661.681763	290.796082	17.096485	27.075970
658.335388	295.231079	18.223732	27.523491
656.440918	302.008118	17.613651	27.742706
654.270996	309.942017	17.499346	29.888622
650.888123	315.810760	19.003408	28.425121
649.831238	322.269348	18.318371	30.252619
647.765625	321.118256	17.500559	28.800713
645.299866	315.088776	17.526175	26.001673
641.908142	308.898834	19.138378	28.008743
643.173645	303.097687	18.304907	32.758644
642.944336	295.224670	17.486229	32.279194
642.499146	291.410034	17.705225	24.800812
642.482422	284.993652	18.859015	32.153614
643.045898	280.748749	18.509254	27.494812
644.501648	276.015167	16.900284	33.891823
644.922729	272.970886	17.997923	26.451006
644.631592	271.490112	19.829056	27.708462
648.020813	270.810333	18.501045	26.372627
648.139526	272.680145	17.673456	32.492226
650.840576	272.077789	17.751003	24.992809
650.784119	272.425446	18.445402	24.717228
654.334961	273.626862	17.301723	22.871687
653.860229	274.275360	18.309582	29.689486
652.601440	272.904602	18.686722	25.006327
655.482788	271.546082	18.846985	30.068876
658.915283	270.662964	17.752958	26.173212
660.817444	270.075623	18.084322	32.487976
662.109436	265.752869	18.462477	27.999294
664.661926	264.413330	18.329107	33.108971
665.721436	259.516785	18.067934	29.398548
667.475098	255.484863	17.799065	30.603439
662.545471	248.577072	17.072803	29.354204
659.307922	243.001877	16.121000	30.113127
654.266418	234.303741	18.008034	32.431538
652.237549	227.850021	16.380062	27.795341
650.406433	225.118210	15.725408	26.698996
656.544739	222.230026	15.639383	26.745016
656.583191	221.966476	17.417076	29.453638
656.500427	221.143570	15.294872	26.383518
654.748718	221.343414	16.423388	27.873896
655.683289	220.776352	16.436865	28.283848
655.408752	220.393677	16.813395	31.544909
655.880005	217.651840	14.982324	26.314266
659.881592	215.019592	17.843424	31.017502
665.442566	210.276474	17.029009	28.817263
666.931152	206.961441	17.529509	33.794708
668.717468	200.816177	17.042362	27.869226
670.364807	196.257858	17.868139	35.585377
673.710266	190.487564	18.064976	29.560884
676.450134	188.669464	17.144152	35.929123
678.173218	185.079361	17.522188	29.665632
682.996765	189.408630	15.858227	36.086273
687.290344	192.795425	15.682049	28.849028
687.793457	201.624054	14.699303	24.121346
685.626465	215.613663	12.349757	21.833891
687.740356	227.377884	15.747985	23.680927
686.375793	241.975677	17.279499	30.575987
684.542725	245.648132	18.143873	25.466856
682.925415	243.808807	18.703054	30.868359
683.584473	242.850739	17.681751	30.669849
682.171631	239.389252	20.419603	32.996494
680.407043	238.086487	20.484911	31.150204
680.244080	237.430664	18.690378	33.000504
681.393250	238.582886	18.484001	28.231577
681.481873	241.887436	19.227705	34.336517
681.528870	245.324371	18.042187	27.337759
681.284424	251.821213	20.309851	34.168133
683.576843	255.315399	19.673586	26.226246
682.405579	260.760681	20.735546	34.930317
679.987427	265.417877	19.989468	27.461094
678.583984	274.107727	21.575556	32.484238
678.503906	276.748230	18.969328	26.424335
677.396179	273.132263	18.271475	33.393063
677.084045	268.184509	18.359135	26.816744
676.631042	262.869232	19.188192	33.347424
678.193359	255.011154	18.379911	29.681185
676.612305	248.363541	18.415482	32.033722
674.994751	239.635818	19.345152	32.237080
674.709412	231.770599	19.482029	34.292896
674.733093	223.800262	18.511042	33.882694
673.429138	218.149658	17.886307	30.157867
673.031128	211.501953	19.197479	33.950085
675.905823	208.486115	17.605494	28.613474
676.516785	201.025848	18.448030	35.628334
677.318665	194.250000	18.356369	28.905497
678.807007	189.939529	19.431341	35.464115
683.841919	184.158524	18.914625	25.326746
687.411255	179.202118	19.728216	30.385521
690.559143	177.679718	19.764236	30.415363
694.801575	177.734116	18.155291	37.262028
699.407898	183.189590	18.150284	31.123846
704.080933	195.891739	17.398527	38.745716
707.273621	211.538544	18.440416	29.161209
711.169983	226.995117	18.539089	29.197512
716.886597	240.818146	18.301731	27.475121
719.685547	250.316254	17.874132	32.761787
722.489502	256.324921	18.735933	27.387474
724.230469	251.883514	18.888962	30.587645
724.343323	245.594147	18.542860	29.466801
722.145142	238.600861	18.730379	33.521339
721.599243	232.147064	17.922583	29.469700
720.535217	225.209930	17.841253	33.935524
719.010925	216.606415	17.569309	30.479996
716.401978	211.083374	16.974209	29.528183
713.645447	206.068054	18.039064	30.039192
712.072693	202.778763	17.723011	29.702511
711.504761	200.337433	16.829529	28.265635
709.094055	200.478180	16.545752	26.430964
706.923218	202.824066	18.978680	27.754580
706.659668	207.832321	18.453957	29.942884
706.513855	214.165283	19.306715	32.144459
705.217407	224.372818	18.863066	32.175323
704.244080	235.094177	19.203348	33.644547
706.898560	244.877991	19.823681	32.881821
709.073608	251.120895	18.049097	31.499903
709.388245	251.410095	17.949032	32.610649
708.564392	245.390213	18.955528	33.025352
710.287048	237.483627	17.677155	32.429272
709.347839	228.498672	17.896811	34.011208
707.888123	219.374481	17.277205	28.131275
705.969055	210.567017	17.705818	32.307915
704.066284	204.158661	18.419847	33.335190
704.123840	200.378433	18.051971	34.660217
700.818298	194.691635	17.702316	30.032438
699.788391	192.765915	18.574099	29.702698
700.031067	191.417786	18.049534	32.958511
699.621033	192.247040	18.485279	36.462276
698.513245	192.010223	17.676115	30.823391
698.488892	194.289612	17.824188	32.102665
699.212830	195.584839	18.294777	34.326183
699.353638	197.626663	16.498583	29.292873
