0.099775
0.062567
0.061982
0.063551
0.063322
0.063320
0.063267
0.063940
0.063400
0.063481
0.062489
0.062432
0.062786
0.062561
0.062397
0.062522
0.067899
0.061968
0.061840
0.065427
0.066844
0.064995
0.067489
0.063087
0.067476
0.065724
0.063802
0.065655
0.066408
0.069994
0.063384
0.067271
0.065700
0.066597
0.065921
0.063200
0.062984
0.063533
0.061801
0.063713
0.074766
0.063190
0.063691
0.063614
0.061830
0.062864
0.062575
0.067864
0.064140
0.064546
0.067886
0.067620
0.064146
0.064219
0.067524
0.065215
0.068101
0.065498
0.062972
0.066130
0.075993
0.068198
0.069304
0.071395
0.066232
0.064829
0.067896
0.066515
0.065780
0.064613
0.065450
0.062814
0.064578
0.064847
0.063090
0.068305
0.071513
0.065333
0.065398
0.064418
0.073514
0.064297
0.063620
0.064781
0.064489
0.062375
0.065845
0.064540
0.067754
0.067589
0.064454
0.067912
0.064321
0.067189
0.065022
0.063088
0.064554
0.062375
0.062989
0.064625
0.075914
0.063879
0.064058
0.064090
0.067625
0.063923
0.062029
0.065367
0.064383
0.064362
0.066596
0.063646
0.061658
0.061826
0.061832
0.063434
0.063533
0.064048
0.061808
0.064126
0.076715
0.061982
0.068020
0.062460
0.062859
0.062719
0.062540
0.060355
0.063208
0.062402
0.060245
0.059923
0.062129
0.063525
0.062905
0.062772
0.062693
0.062796
0.062531
0.062780
0.074314
0.060875
0.062617
0.062428
0.062599
0.060732
0.063318
0.063200
0.062640
0.062566
0.062501
0.062065
0.060010
0.063064
0.060345
0.062289
0.061895
0.062137
0.062755
0.064969
0.072252
0.063560
0.062722
0.062327
0.062344
0.060330
0.062837
0.062330
0.062779
0.060773
0.062842
0.062906
0.065307
0.042325
0.041781
0.042448
0.041997
0.039973
0.041889
0.041980
0.072771
0.063047
0.062924
0.062668
0.060641
0.062451
