0.092768
0.062306
0.062948
0.062365
0.063399
0.062498
0.062243
0.061831
0.059846
0.062034
0.059707
0.062155
0.062899
0.062908
0.062470
0.062106
0.061507
0.061128
0.063367
0.062231
0.070650
0.062669
0.062564
0.062633
0.063694
0.061053
0.062912
0.062800
0.062684
0.063064
0.063824
0.063726
0.063457
0.061532
0.063843
0.064127
0.063541
0.062397
0.063526
0.064007
0.075016
0.063723
0.064168
0.064391
0.063688
0.064390
0.063990
0.064212
0.064024
0.062824
0.063573
0.063356
0.063505
0.063681
0.063273
0.066504
0.064095
0.063253
0.063392
0.064486
0.074950
0.064665
0.063909
0.063859
0.061833
0.063706
0.063015
0.061763
0.064815
0.063608
0.060960
0.062695
0.061280
0.063022
0.063475
0.062333
0.062903
0.061163
0.063013
0.063555
0.075610
0.065073
0.061306
0.063265
0.063330
0.063501
0.064495
0.063406
0.063604
0.063210
0.063137
0.063317
0.064284
0.063621
0.064377
0.061447
0.063438
0.061125
0.062114
0.064048
0.073383
0.063926
0.061249
0.063463
0.064329
0.063688
0.061364
0.064288
0.063461
0.063556
0.063274
0.064114
0.061945
0.064067
0.063941
0.063758
0.064629
0.063929
0.063159
0.064061
0.075188
0.061565
0.063443
0.064468
0.063464
0.063328
0.063348
0.061854
0.063810
0.063566
0.063185
0.061129
0.064742
0.063597
0.062980
0.062794
0.062198
0.064014
0.064083
0.063586
0.075954
0.063958
0.063054
0.063068
0.063507
0.064087
0.063454
0.064012
0.062079
0.064000
0.063298
0.061211
0.063390
0.063117
0.061621
0.063029
0.063189
0.061388
0.064599
0.064071
0.074147
0.064859
0.065008
0.064730
0.062712
0.064526
0.066109
0.065092
0.064782
0.062544
0.064643
0.063637
0.062688
0.064801
0.064571
0.064357
0.064278
0.064403
0.062219
0.064786
0.075602
0.062362
0.064083
0.064674
0.063560
0.064542
0.062784
0.063723
0.063360
0.063243
0.063031
0.063853
0.063147
0.062640
0.060452
0.062161
0.061095
0.063576
0.062770
0.062073
0.074002
0.060203
0.062487
0.062378
0.061015
0.062417
0.062790
0.062755
0.061048
0.062932
0.064792
0.062782
0.062821
0.062678
0.060763
0.062567
0.062300
0.062322
0.060899
0.062593
0.073953
0.062690
0.062400
0.063390
0.060732
0.063135
0.062645
0.062748
0.062289
0.062696
0.062549
0.062551
0.060576
0.060621
0.062482
0.063172
0.062563
0.062867
0.062446
0.063334
0.071843
0.062826
0.062992
0.062747
0.042449
0.041873
0.063189
0.062864
0.062782
0.063452
0.066247
0.062124
0.069200
0.066783
0.067158
0.062899
0.062667
0.060206
0.062093
0.063036
0.074297
0.063774
0.063890
0.063014
0.062691
0.062604
0.064261
0.065251
0.062302
0.063565
0.063369
0.063449
0.061274
0.064786
0.063546
0.064862
0.063708
0.061650
0.061514
0.063748
0.073521
0.062038
0.063674
0.061556
0.061399
0.063700
0.063875
0.063510
0.064489
0.063590
0.061419
0.063825
0.063910
0.063359
0.061573
0.061151
0.063584
0.063156
0.064423
0.063695
0.074538
0.062947
0.063542
0.063372
0.062846
0.060974
0.062793
0.062483
0.062515
0.062651
0.063020
0.062974
0.062772
0.060343
0.063453
0.062029
0.060063
0.063214
0.062454
0.061037
0.074303
0.062945
0.060575
0.061331
0.062742
0.060427
0.062712
0.063767
0.060821
0.063273
0.062838
0.062457
0.062578
0.062645
0.062048
0.062771
0.063111
0.062977
0.062669
0.062171
0.075858
0.062991
0.062963
0.062403
0.062514
0.062770
0.060604
0.062593
0.062861
0.060127
0.062098
0.062146
0.060824
0.064088
0.063499
0.063004
0.061157
0.062858
0.062787
0.062414
0.074196
0.060844
0.062632
0.062449
0.062404
0.060637
0.063682
0.063262
0.062577
0.062551
0.060719
0.062747
0.062491
0.063130
0.062265
0.062318
0.062061
0.061936
0.061938
0.065025
0.074086
0.062207
0.062717
0.062286
0.062386
0.060465
0.062606
0.062079
0.060498
0.062406
0.063112
0.060474
0.061974
0.062670
0.062957
0.063075
0.062570
0.060476
0.063609
0.062743
0.071923
0.060345
0.062377
0.060666
0.062440
0.063978
0.062491
0.062196
0.062323
0.062429
0.062728
0.064372
0.062395
0.063015
0.062588
0.062371
0.062353
0.063232
0.064130
0.062791
0.073832
0.062393
0.062940
0.063788
0.060693
0.062797
0.062430
0.062305
0.062343
0.063725
0.064656
0.063984
0.064021
0.067186
0.066916
0.066752
0.067935
0.069647
0.066461
0.064533
0.069506
0.066527
0.063921
0.063412
0.064823
0.061344
0.066625
0.066384
0.065252
0.062959
0.063178
0.061091
0.063181
0.063215
0.061913
0.063116
0.063189
0.062721
0.063384
0.062994
0.075291
0.063262
0.042299
0.060631
0.062582
0.063162
0.063224
0.064958
0.063488
0.060960
0.064372
0.063674
0.063297
0.063617
0.063403
0.062933
0.063635
0.063736
0.063936
0.062374
0.072574
0.063648
0.063312
0.062441
0.063398
0.064102
0.063381
0.061900
0.062633
0.062476
0.065222
0.064257
0.064743
0.064173
0.063540
0.063423
0.065388
0.064197
0.062687
0.064395
0.073700
0.064378
0.064142
0.064199
0.067786
0.067059
0.062130
0.064111
0.069367
0.064606
0.063199
0.062239
0.064081
0.063791
0.064126
0.062195
0.063636
0.062327
0.063452
0.063643
0.075032
0.065153
0.064481
0.064886
0.064723
0.063972
0.064021
0.063568
0.064877
0.061967
0.061990
0.063854
0.063788
0.061832
0.065606
0.062541
0.063905
0.063642
0.063629
