0.100181
0.062675
0.062946
0.062954
0.062864
0.061740
0.063019
0.062196
0.061034
0.060096
0.062352
0.062051
0.063064
0.064336
0.062714
0.062485
0.062004
0.062567
0.062282
0.064359
0.070525
0.062092
0.062567
0.062396
0.062383
0.042149
0.061342
0.062968
0.041859
0.063031
0.062893
0.063005
0.066856
0.063078
0.060878
0.062692
0.062840
0.041444
0.042242
0.063260
0.074100
0.060759
0.062156
0.062493
0.062408
0.041572
0.044376
0.068888
0.065910
0.065814
0.069046
0.069463
0.064240
0.065521
0.062349
0.065468
0.064136
0.065698
0.066871
0.065641
0.071976
0.066251
0.066139
0.063200
0.061638
0.060977
0.062850
0.062670
0.060682
0.062574
0.061802
0.063401
0.064554
0.063653
0.062129
0.063521
0.061068
0.063336
0.063186
0.064271
0.072716
0.063191
0.063473
0.061723
0.063966
0.062727
0.064180
0.063984
0.063924
0.062553
0.062016
0.062013
0.064055
0.061979
0.061871
0.064343
0.063398
0.063531
0.064251
0.063883
0.075159
0.061977
0.063221
0.062802
0.061160
0.063405
0.061376
0.063663
0.063230
0.062816
0.061055
0.063246
0.062981
0.061630
0.063633
0.061090
0.063023
0.062829
0.062445
0.062075
0.075074
0.062399
0.060341
0.062711
0.063094
0.061085
0.063506
0.062376
0.062322
0.062018
0.062168
0.062269
0.062427
0.062621
0.062377
0.062270
0.062503
0.063348
0.063132
0.063550
0.072337
0.062868
0.062697
0.061076
0.063049
0.063898
0.062769
0.062438
0.062225
0.063579
0.063719
0.061975
0.060549
0.062005
0.062546
0.060670
0.062741
0.063317
0.061357
0.063129
0.074371
0.063214
0.063437
0.061751
0.063222
0.062542
0.062742
0.062376
0.062511
0.062297
0.062968
0.062881
0.061095
0.063609
0.063527
0.063188
0.062220
0.063176
0.063828
0.063659
0.074431
0.060954
0.061895
0.067955
0.063443
0.061620
0.063607
0.061608
0.064925
0.064158
0.061179
0.063357
0.063638
0.063600
0.066489
0.064152
0.062588
0.060358
0.062217
0.060280
0.073751
0.063985
0.062685
0.062298
0.062392
0.061915
0.061402
0.062520
0.060476
0.062425
0.062219
0.062113
0.060153
0.062078
0.062933
0.063639
0.062231
0.065407
0.063546
0.065602
0.072725
0.063849
0.065973
0.063679
0.063143
0.059988
0.066006
0.065867
0.063151
0.062112
0.060061
0.061902
0.062448
0.063000
0.062424
0.062367
0.060456
0.062836
0.062612
0.063244
0.074082
0.063105
0.062146
0.062064
0.060420
0.063072
0.062378
0.062001
0.062072
0.062027
0.061919
0.062636
0.062119
0.060837
0.062409
0.063116
0.063113
0.062560
0.064128
0.062911
0.072228
0.062813
0.060859
0.063237
0.063673
0.062902
0.060843
0.062095
0.063146
0.062807
0.063610
0.060524
0.061807
0.062485
0.062179
0.060039
0.062561
0.061280
0.062533
0.062878
0.074809
0.060348
0.061859
0.061090
0.062225
0.062286
0.060330
0.060604
0.062752
0.060892
0.060975
0.062583
0.062930
0.064297
0.062728
0.062852
0.061402
0.062162
0.060066
0.062166
0.073306
0.062445
0.060910
0.062020
0.060625
0.063291
0.063515
0.060839
0.063081
0.060897
0.062691
0.060665
0.063199
0.063046
0.062727
0.063038
0.060441
0.062687
0.062647
0.063343
0.074592
0.063285
0.062574
0.062533
0.062455
0.062252
0.062961
0.063967
0.063712
0.060550
0.062753
0.062486
0.060755
0.063349
0.062549
0.060193
0.062284
0.062479
0.060725
0.062681
0.075138
0.060615
0.062916
0.062860
0.064153
0.064888
0.063757
0.064268
0.064384
0.064111
0.064215
0.064332
0.064964
0.062229
0.063783
0.063580
0.063978
0.066978
0.065025
0.070955
0.072796
0.066946
0.066920
0.070338
0.070734
0.063782
0.067114
0.063651
0.066906
0.063619
0.063972
0.063251
0.063944
0.064245
0.062340
0.064241
0.064448
0.064532
0.063827
0.064397
0.073482
0.063693
0.063900
0.063944
0.062875
0.063458
0.063280
0.063607
0.063519
0.063088
0.063787
0.064027
0.063704
0.063268
0.064008
0.063530
0.064316
0.065784
0.062273
0.064369
0.075735
0.061726
0.063393
0.061509
0.063357
0.063566
0.061446
0.061577
0.064068
0.061517
0.062938
0.063451
0.063405
0.061771
0.064364
0.063585
0.061312
0.062543
0.064588
0.063962
0.077037
0.064117
0.064448
0.065291
0.064365
0.064235
0.065108
0.062342
0.064227
0.061991
0.064067
0.064068
0.064164
0.064631
0.064532
0.064876
0.063440
0.067763
0.062591
0.064673
0.076197
0.062845
0.064477
0.067845
0.064361
0.062862
0.067508
0.067249
0.065671
0.064033
0.064580
0.064828
0.063712
0.064499
0.064588
0.064486
0.064722
0.063684
0.064683
0.064734
0.075076
0.064083
0.064837
0.064344
0.062098
0.062123
0.062006
0.061729
0.062052
0.060109
0.060248
0.062197
0.061885
0.062480
0.063277
0.060396
0.062010
0.061993
0.061985
0.061925
0.073582
0.060360
0.061086
0.062049
0.062155
0.062325
0.062446
0.062090
0.060771
0.069039
0.065152
0.062256
0.062665
0.062681
0.062602
0.063985
0.062737
0.062796
0.062706
0.062528
0.075691
0.066762
0.062621
0.063966
0.066319
0.063276
0.063587
0.063827
0.066350
0.066632
0.066371
0.063786
0.065951
0.062525
0.060492
0.063390
0.062963
0.060583
0.063274
0.063722
0.072673
0.066388
0.066412
0.064664
0.063378
0.064090
0.064868
0.063249
0.063396
0.062864
0.062744
0.062959
0.063868
0.062658
0.062840
0.063138
0.060884
0.062575
0.064358
0.064379
0.074563
0.060935
0.060681
0.062522
0.062922
0.062985
0.062598
0.062727
0.063357
0.063230
0.063338
0.063754
0.062628
0.063560
0.063537
0.063344
0.063373
0.064071
0.063273
0.063462
0.074556
0.063402
0.063392
0.064034
0.063682
0.062448
0.063570
0.061308
