0.097656
0.061790
0.063766
0.061785
0.063421
0.061235
0.064574
0.063288
0.063398
0.062838
0.061510
0.063619
0.063937
0.062791
0.063793
0.063448
0.063453
0.063435
0.063571
0.065300
0.071757
0.063907
0.063516
0.063262
0.061627
0.064959
0.064253
0.064760
0.064005
0.062094
0.064171
0.064159
0.064479
0.064198
0.064156
0.064063
0.063837
0.063843
0.064477
0.067307
0.072376
0.063854
0.063945
0.063169
0.064045
0.064159
0.062435
0.062443
0.064329
0.062303
0.067836
0.069310
0.062372
0.065547
0.064314
0.065132
0.042976
0.064387
0.064718
0.064349
0.076525
0.064599
0.064384
0.065114
0.064446
0.062055
0.064814
0.064943
0.064177
0.064537
0.064810
0.064167
0.062052
0.064573
0.062320
0.062364
0.062513
0.064773
0.062333
0.064069
0.076624
0.064267
0.062224
0.066115
0.064802
0.062123
0.063861
0.061864
0.063728
0.064482
0.064118
0.064153
0.061840
0.063215
0.064549
0.064208
0.064996
0.063954
0.064171
0.063917
0.073528
0.064321
0.064502
0.063750
0.064079
0.064017
0.062808
0.067949
0.064423
0.064411
0.067516
0.063885
0.062006
0.065426
0.068269
0.065447
0.067986
0.068103
0.068324
0.062442
0.075101
0.063498
0.064868
0.064560
0.063025
0.064443
0.062197
0.064395
0.064177
0.063949
0.064548
0.064555
0.062132
0.065541
0.068012
0.064334
0.064102
0.062452
0.064286
0.064235
0.076710
0.062816
0.064701
0.064922
0.065354
0.065404
0.067269
0.065998
0.064821
0.064671
0.063921
0.060912
0.063209
0.063902
0.060499
0.062556
0.062450
0.060318
0.065255
0.063915
0.074989
0.064823
0.064683
0.064660
0.063030
0.061842
0.065189
0.066962
0.064972
0.060813
0.061970
0.064003
0.063685
0.067439
0.063247
0.062101
0.063081
0.063333
0.062859
0.063395
0.073263
0.060190
0.063181
0.062331
0.062553
0.063478
0.062351
0.063317
0.062889
0.063436
0.063260
0.062606
0.063427
0.062972
0.060854
0.062709
0.062943
0.063023
0.064915
0.062871
0.073500
0.062620
0.062493
0.060366
0.061904
0.062724
0.062679
0.062961
0.063045
0.060877
0.063954
0.063483
0.062638
0.063395
0.061210
0.062740
0.062693
0.061007
0.063711
0.062782
0.074003
0.060843
0.062812
0.063034
0.064132
0.062905
0.062858
0.064204
0.063331
0.062543
0.062407
0.062980
0.061821
0.061007
0.062771
0.042256
0.060827
0.063193
0.063002
0.062400
0.073365
0.063553
0.062784
0.061105
0.063647
0.060787
0.062773
0.062678
0.060817
0.063129
0.063483
0.064241
0.062328
0.060356
0.063332
0.062974
0.062567
0.063746
0.062323
0.063892
0.074293
0.062945
0.063097
0.060763
0.065911
0.060559
0.062131
0.060327
0.064966
0.062840
0.064700
0.066374
0.062399
0.065284
0.068786
0.069740
0.063312
0.064366
0.066129
0.069700
0.072185
0.062188
0.060681
0.062989
0.062393
0.060282
0.062034
0.062188
0.062678
0.061032
0.063124
0.060867
0.060591
0.062820
0.062811
0.061542
0.063771
0.062641
0.043569
0.062471
0.073694
0.062270
0.066015
0.060433
0.065416
0.062111
0.063086
0.062294
0.061204
0.064224
0.064403
0.064466
0.062402
0.064532
0.064127
0.065591
0.064924
0.062550
0.065001
0.064744
0.074019
0.065121
0.064764
0.065217
0.065413
0.065021
0.064695
0.064805
0.069783
0.068391
0.068952
0.067540
0.065550
0.067239
0.064502
0.066079
0.067601
0.063999
0.065695
0.070877
0.074407
0.066385
0.064785
0.062851
0.064926
0.067718
0.067726
0.069421
0.065855
0.067193
0.062150
0.063717
0.067332
0.068579
0.062663
0.064465
0.064297
0.064445
0.065661
0.067762
0.074292
0.065178
0.062470
0.064275
0.067301
0.064346
0.063003
0.064495
0.065345
0.064671
0.064568
0.065763
0.068324
0.064418
0.064106
0.062753
0.066027
0.063073
0.066556
0.065346
0.076689
0.062927
0.043102
0.062897
0.063280
0.066498
0.043560
0.041622
0.044765
0.065135
0.062963
0.065044
0.063936
0.063267
0.064950
0.064759
0.065133
0.065093
0.065072
0.063628
0.076123
0.065628
0.065107
0.064223
0.062330
0.065208
0.064660
0.064984
0.064574
0.064588
0.065010
0.065707
0.065080
0.064941
0.062951
0.065228
0.062674
0.062831
0.063213
0.064550
0.076346
0.064291
0.062535
0.064585
0.065088
0.064326
0.064247
0.064343
0.064082
0.064473
0.063879
0.061631
0.063779
0.062522
0.063078
0.063346
0.063278
0.062412
0.063487
0.063625
0.074464
0.065407
0.061987
0.063899
0.064200
0.063101
0.062935
0.062978
0.063011
0.069301
0.061637
0.062943
0.062694
0.063126
0.062927
0.064159
0.063640
0.062926
0.062758
0.060784
0.074121
0.063012
0.062761
0.063296
0.061063
0.063451
0.065660
0.062429
0.064864
0.063957
0.064791
0.063717
0.066571
0.061488
0.063686
0.066746
0.061333
0.066194
0.066134
0.066351
0.069460
0.063704
0.064143
0.063868
0.061204
0.063075
0.062971
0.062814
0.063698
0.063080
0.063041
0.061082
0.063456
0.063245
0.061765
0.066927
0.063821
0.063759
0.063147
0.062831
0.074284
0.063911
0.062964
0.062863
0.062943
0.063000
0.063522
0.063920
0.065280
0.064008
0.061582
0.063885
0.063155
0.063248
0.063568
0.062978
0.063014
0.063151
0.063006
0.062839
0.074879
0.063957
0.067418
0.066718
0.066808
0.061663
