0.100329
0.062919
0.060473
0.062684
0.060446
0.061748
0.062399
0.062827
0.063986
0.060774
0.062654
0.064740
0.063977
0.062670
0.061038
0.062784
0.062156
0.061851
0.062941
0.062416
0.068533
0.062377
0.060760
0.062447
0.060966
0.060763
0.062379
0.065187
0.061133
0.062003
0.060968
0.064138
0.061020
0.062974
0.063048
0.061028
0.063005
0.061179
0.064846
0.063278
0.073059
0.063488
0.063122
0.063861
0.064408
0.061254
0.063101
0.062747
0.060877
0.064137
0.061205
0.062949
0.061573
0.063048
0.062701
0.062820
0.065986
0.063689
0.062068
0.062436
0.073906
0.064220
0.064157
0.064960
0.063038
0.063376
0.064189
0.063478
0.063225
0.061499
0.064485
0.062087
0.063842
0.063956
0.063652
0.063281
0.062497
0.063503
0.065631
0.062013
0.075267
0.063670
0.064204
0.062289
0.063747
0.061452
0.063745
0.061903
0.061762
0.064320
0.063561
0.063827
0.063575
0.063954
0.064193
0.062021
0.063974
0.062155
0.063790
0.063710
0.076187
0.063620
0.064529
0.064263
0.064480
0.064734
0.062212
0.062407
0.063264
0.064251
0.063901
0.064002
0.063856
0.061867
0.064890
0.062019
0.061879
0.061787
0.068251
0.061460
0.070467
0.065730
0.061866
0.066574
0.067094
0.063445
0.066626
0.063700
0.066176
0.062877
0.066137
0.067857
0.065896
0.065314
0.061714
0.063309
0.062287
0.060801
0.065747
0.066002
0.074948
0.063054
0.065950
0.068754
0.063571
0.063649
0.067281
0.062311
0.062280
0.063220
0.065409
0.060379
0.062747
0.061293
0.064693
0.063252
0.066368
0.067171
0.061598
0.063724
0.070051
0.063989
0.060777
0.066500
0.064556
0.063816
0.064896
0.063509
0.066659
0.060844
0.065916
0.063883
0.063330
0.062558
0.060938
0.066204
0.066099
0.063802
0.063602
0.064089
0.072175
0.066503
0.066257
0.061440
0.066362
0.061175
0.066348
0.061456
0.064764
0.063310
0.061208
0.062059
0.062833
0.062715
0.062462
0.062165
0.060925
0.062108
0.061463
0.062848
0.072794
0.064136
0.060897
0.063546
0.063908
0.061330
0.061094
0.061532
0.063179
0.062849
0.061604
0.064703
0.060948
0.061323
0.061684
0.061182
0.061382
0.064653
0.063791
0.063385
0.074976
0.060749
0.063249
0.063697
0.064255
0.061347
0.062706
0.063043
0.060774
0.063024
0.063410
0.063040
0.062830
0.063577
0.061381
0.063669
0.064261
0.063149
0.064558
0.063614
0.075035
0.062903
0.063210
0.062773
0.064119
0.064696
0.061916
0.063312
0.061206
0.062175
0.062549
0.064197
0.063128
0.062773
0.062698
0.061643
0.060447
0.063220
0.064384
0.062397
0.075728
0.064245
0.063433
0.064727
0.065653
0.062736
0.064699
0.064601
0.066082
0.063149
0.065170
0.064930
0.065006
0.064968
0.062965
0.062826
0.064349
0.062762
0.063397
0.064801
0.076074
0.065383
0.064296
0.062520
0.065833
0.064499
0.064878
0.063295
0.068656
0.063849
0.063338
0.062119
0.063480
0.064551
0.063329
0.063209
0.061403
0.066617
0.066617
0.064505
0.073149
0.062928
0.063539
0.063389
0.067696
0.061431
0.067132
0.063435
0.061364
0.062775
0.062722
0.060316
0.063195
0.063756
0.063209
0.063673
0.063587
0.065311
0.063601
0.064757
0.074830
0.063339
0.063762
0.067157
0.066481
0.067526
0.061386
0.062921
0.066553
0.061329
0.068787
0.064090
0.065032
0.063591
0.063688
0.061519
0.063238
0.062842
0.064729
0.061452
0.074756
0.061439
0.066917
0.067018
0.068623
0.066922
0.064837
0.063331
0.067442
0.063948
0.067971
0.061643
0.061299
0.063597
0.061513
0.063548
0.063536
0.065705
0.063372
0.061387
0.074467
0.066574
0.061575
0.066466
0.066782
0.061440
0.065838
0.062708
0.060798
0.062871
0.065451
0.063935
0.061122
0.062913
0.061255
0.061449
0.064691
0.063623
0.063249
0.062847
0.074636
0.060886
0.063849
0.064327
0.060859
0.061018
0.061315
0.061495
0.063483
0.062217
0.063210
0.062900
0.062660
0.063146
0.062933
0.063811
0.061270
0.064055
0.062964
0.060679
0.074047
0.060689
0.061089
0.062755
0.060747
0.060990
0.060767
0.060873
0.062795
0.063283
0.061871
0.060880
0.062678
0.062572
0.060641
0.063130
0.060430
0.060805
0.062677
0.060856
0.074097
0.062992
0.063432
0.060665
0.063801
0.062658
0.060949
0.062763
0.063844
0.061317
0.063306
0.061123
0.061231
0.063298
0.063145
0.064669
0.063720
0.064800
0.063678
0.062808
0.074828
0.064034
0.060570
0.062978
0.063111
0.061249
0.063257
0.061422
0.061535
0.066400
0.063563
0.064012
0.063100
0.063515
0.064068
0.063134
0.062990
0.062849
0.060997
0.063075
0.075049
0.061384
0.063281
0.063209
0.062360
0.061358
0.063277
0.062229
0.063170
0.063870
0.063361
0.063305
0.063389
0.064715
0.061482
0.063372
0.063058
0.064860
0.066791
0.064271
0.072992
0.065852
0.065913
0.062798
0.065961
0.065896
0.066988
0.064017
0.065851
0.063738
0.060815
0.063489
0.064200
0.062849
0.067343
0.070160
0.066029
0.066353
0.067951
0.061133
0.066755
0.060802
0.067375
0.070445
0.067580
0.065264
0.069961
0.070228
0.066897
0.066859
0.070109
0.061890
0.066179
0.061152
0.063656
0.064740
0.063909
0.065381
0.061754
0.063569
0.075042
0.063711
0.063658
0.066954
0.063830
0.064346
0.066164
0.066132
0.066104
0.066518
0.067224
0.063513
0.061778
0.064816
0.066806
0.064321
0.063188
0.064391
0.064145
0.062213
0.075095
0.065318
0.065062
0.065153
0.067663
0.065595
0.067729
0.062076
0.068412
0.062436
0.063774
0.063828
0.064805
0.063478
0.063963
0.067947
0.065227
0.067412
0.061968
0.065289
0.071338
0.065671
0.067559
0.067325
0.066876
0.066953
0.064982
0.062412
0.064312
0.063509
0.065574
0.064679
0.064389
0.067289
0.062757
0.065502
0.062290
0.064238
0.064145
0.064759
0.074002
0.070856
0.070137
0.070784
0.068446
0.068203
0.068101
0.070433
0.068621
0.067623
0.070402
0.065317
0.067986
0.062221
0.065836
0.067918
0.064960
0.063682
0.064533
0.061853
0.067095
0.063758
0.067424
0.070621
0.064090
0.067930
0.065550
0.064442
0.068035
0.065132
0.070465
0.071611
0.070292
0.068380
0.070791
0.067371
0.061590
0.064648
0.064335
0.062727
0.077950
0.064764
0.064902
0.064770
0.062048
0.061903
0.063664
0.063718
0.061632
0.064922
0.062222
0.061978
0.064223
0.064239
0.066097
0.063129
0.062097
0.061181
0.062394
0.062498
0.074099
0.063375
0.066585
0.060741
0.062496
0.064090
0.063869
0.068517
0.064106
0.064871
0.067524
0.065995
0.065837
0.065430
0.062538
0.063769
0.064888
0.064502
0.062548
0.064221
0.074877
0.064894
0.064432
0.064300
0.064238
0.064197
0.064277
0.064447
0.064659
0.063938
0.064131
0.066831
0.063236
0.064858
0.061323
0.061692
0.060487
0.062569
0.060360
0.061788
0.074985
0.064502
0.064014
0.063854
0.062184
0.064196
0.062504
0.065701
0.063887
0.066828
0.067011
0.061933
0.063846
0.067522
0.067378
0.062233
0.064355
0.064110
0.067382
0.067985
0.074427
0.064270
0.064327
0.064230
0.065320
0.061588
0.064560
0.064582
0.062051
0.063388
0.066475
0.063998
0.065208
0.068413
0.061827
0.063212
0.063262
0.063200
0.063247
0.063775
0.074743
0.061522
0.062723
0.063166
0.063388
0.067032
0.066030
0.066655
0.063292
0.061225
0.063344
0.063844
0.062298
0.063824
0.061781
0.064372
0.064338
0.064640
0.062702
0.063879
0.075773
0.063814
0.061413
0.063786
0.065055
0.063375
0.063360
0.061419
0.063416
0.063179
0.061310
0.064170
0.061926
0.063531
0.064089
0.061959
0.062674
0.062472
0.063605
0.061328
0.074471
0.062977
0.063068
0.061228
0.063922
0.061131
0.065028
0.061852
0.062839
0.061189
0.064406
0.063665
0.061687
0.062582
0.060601
0.062711
0.062768
0.061441
0.062875
0.066102
0.076166
0.062964
0.060935
0.063133
0.060811
0.062476
0.062344
0.062403
0.060157
0.062207
0.062869
0.062442
0.062788
0.063356
0.062748
0.060885
0.063324
0.063543
0.061277
0.061415
0.074197
0.062982
0.061220
0.062863
0.060654
0.062146
0.062488
0.061655
0.062588
0.063890
0.060620
0.062423
0.062346
0.062251
0.065089
0.064080
0.062359
0.064297
0.061983
0.061998
0.075534
0.064497
0.064456
0.063774
0.061615
0.061451
0.063248
0.061366
0.062325
0.064090
0.063846
0.061250
0.063252
0.063494
0.062284
0.064245
0.061364
0.063401
0.063318
0.063042
0.074171
0.063724
0.063480
0.063152
0.061079
0.063133
0.061278
0.061774
0.064645
0.063422
0.064512
0.063356
0.061429
0.063305
0.063648
0.063585
0.061411
0.061319
0.063325
0.064625
0.073257
0.064296
0.064200
0.063956
0.063663
0.063624
0.061678
0.065240
0.061842
0.061232
0.062907
0.063278
0.063423
0.063300
0.065309
0.063542
0.063562
0.064066
0.063625
0.064971
0.073693
0.067057
0.067188
0.064166
0.064058
0.061942
0.062637
0.062209
0.062326
0.061176
0.063309
0.063285
0.063254
0.067109
0.066841
0.064919
0.066755
0.066410
0.066547
0.068094
0.075270
0.064114
0.063298
0.061271
0.046729
0.042490
0.046618
0.042656
0.043784
0.044059
0.045541
0.042324
0.044054
0.045665
0.042507
0.043342
0.042641
0.045732
0.046547
0.042597
0.048182
0.042406
0.042357
0.043657
0.042790
0.042632
0.045784
0.042350
0.042393
0.043199
0.042566
0.040827
0.043406
0.043518
0.042508
0.046766
0.040787
0.041807
0.041740
0.039822
0.046041
0.041091
0.040504
0.040352
0.042301
0.045191
0.042079
0.042267
0.041956
0.042060
0.042573
0.041965
