0.095184
0.064058
0.063300
0.063071
0.063731
0.063030
0.060971
0.062552
0.063311
0.063930
0.062610
0.063438
0.062983
0.062946
0.063072
0.062320
0.062978
0.063709
0.062984
0.063048
0.071276
0.062816
0.060786
0.063969
0.063506
0.062973
0.062158
0.063968
0.064571
0.064657
0.064890
0.064219
0.063960
0.063488
0.063761
0.063744
0.064043
0.062438
0.063687
0.063882
0.075497
0.062131
0.065588
0.064812
0.061830
0.063410
0.063080
0.063451
0.062994
0.063124
0.059117
0.061781
0.060961
0.062930
0.062880
0.063798
0.063238
0.062840
0.062795
0.060774
0.072345
0.063463
0.063143
0.063397
0.062638
0.062197
0.062277
0.062118
0.062173
0.062481
0.062569
0.062486
0.060669
0.060425
0.063029
0.062537
0.063518
0.063359
0.062568
0.062446
0.074340
0.062891
0.063224
0.062410
0.063199
0.062784
0.061016
0.063060
0.061462
0.064000
0.061004
0.063100
0.063150
0.062475
0.063055
0.063825
0.061915
0.063246
0.063026
0.062759
0.073793
0.062496
0.063788
0.062874
0.060777
0.062665
0.062715
0.060820
0.063089
0.063104
0.064312
0.063342
0.063156
0.063361
0.060727
0.063551
0.063321
0.064128
0.063420
0.063346
0.074743
0.063246
0.063479
0.064836
0.063432
0.062823
0.063022
0.062890
0.064876
0.064081
0.063258
0.062033
0.061049
0.062733
0.064221
0.064360
0.063388
0.062602
0.063057
0.062639
0.073922
0.063775
0.062786
0.060601
0.060631
0.062627
0.062682
0.060694
0.063696
0.063335
0.062398
0.063420
0.063110
0.060967
0.061561
0.061392
0.063287
0.063524
0.063288
0.061168
0.075262
0.063404
0.061739
0.063320
0.064409
0.063426
0.063236
0.064286
0.061316
0.063841
0.063316
0.061304
0.063029
0.060974
0.061028
0.062839
0.062987
0.062243
0.061986
0.063488
0.073086
0.062862
0.063179
0.063335
0.061232
0.063159
0.063070
0.061504
0.063387
0.063258
0.063119
0.062684
0.063628
0.064000
0.061742
0.063500
0.063098
0.064132
0.064214
0.063657
0.072517
0.063284
0.063700
0.061258
0.061460
0.063766
0.063993
0.061173
0.062719
0.060712
0.060629
0.060872
0.063604
0.063079
0.062695
0.060580
0.060896
0.063022
0.064369
0.064107
0.074364
0.063516
0.064549
0.066181
0.064439
0.065850
0.066440
0.060928
0.060691
0.062689
0.063675
0.065271
0.062355
0.066163
0.061107
0.063109
0.064337
0.064464
0.062914
0.063406
0.074781
0.061270
0.061467
0.061542
0.063439
0.066137
0.063750
0.063222
0.061554
0.061259
0.063072
0.064028
0.063730
0.063205
0.063223
0.066764
0.063323
0.066604
0.065654
0.063838
0.070397
0.063228
0.066335
0.063771
0.062245
0.063166
0.064368
0.061139
0.066360
0.067078
0.064402
0.061596
0.064727
0.066468
0.063537
0.063195
0.063347
0.064124
0.063466
0.063671
0.074104
0.063113
0.063549
0.064176
0.061346
0.062330
0.063181
0.063051
0.061244
0.062871
0.064359
0.063211
0.063213
0.063239
0.061362
0.063265
0.063119
0.063305
0.064346
0.067556
0.067115
0.063390
0.063492
0.063059
0.064127
0.063646
0.063522
0.063589
0.063751
0.065329
0.064056
0.063655
0.064909
0.063491
0.066423
0.066976
0.066750
0.066410
0.063182
0.063349
0.074557
0.064571
0.065146
0.061632
0.063729
0.064681
0.063812
0.063511
0.062132
0.063449
0.064977
0.062783
0.061471
0.064064
0.063399
0.064255
0.061260
0.063037
0.063595
0.061821
0.074736
0.062159
0.061781
0.063855
0.063796
0.063434
0.063529
0.063747
0.061792
0.063304
0.062929
0.063443
0.062629
0.063424
0.064193
0.063801
0.063773
0.061667
0.063721
0.062346
0.075594
0.063365
0.064128
0.062291
0.064430
0.063267
0.062729
0.064981
0.064940
0.065575
0.064765
0.062949
0.062935
0.065000
0.065759
0.062606
0.064898
0.064642
0.065154
0.063565
0.075081
0.064930
0.064549
0.062798
0.068011
0.068041
0.065397
0.064559
0.064979
0.063066
0.044026
0.064413
0.069771
0.068905
0.065394
0.062965
0.062952
0.064970
0.062962
0.063944
0.076406
0.064756
0.065721
0.064821
0.063158
0.067318
0.065339
0.063360
0.063146
0.065026
0.063042
0.064212
0.065280
0.063245
0.063301
0.065028
0.065344
0.063163
0.064589
0.068479
0.076489
0.064729
0.067992
0.064754
0.065357
0.064784
0.063129
0.064672
0.064718
0.064879
0.067147
0.066479
0.065754
0.065169
0.065021
0.063042
0.065063
0.063718
0.064053
0.064893
0.074457
0.064826
0.064872
0.063419
0.065789
0.062944
0.064318
0.064727
0.065067
0.065503
0.063732
0.063277
0.063426
0.061509
0.061058
0.062833
0.063646
0.064172
0.061200
0.063220
0.072497
0.064577
0.063009
0.061391
0.063720
0.063618
0.064092
0.062840
0.064497
0.063210
0.063083
0.061596
0.062688
0.062970
0.061565
0.062135
0.063184
0.061067
0.062688
0.062815
0.074431
0.063569
0.063149
0.061332
0.065645
0.063420
0.061544
0.063030
0.064586
0.061570
0.063020
0.062948
0.062877
0.062296
0.062545
0.061648
0.062882
0.063284
0.065023
0.063065
0.074359
0.061341
0.062022
0.060714
0.060946
0.062521
0.062891
0.064276
0.063472
0.062986
0.062665
0.063645
0.062678
0.062959
0.063579
0.060827
0.060890
0.062924
0.063008
0.061529
0.076234
0.061335
0.061174
0.061349
0.064020
0.064233
0.063346
0.063851
0.061934
0.062768
0.062759
0.060596
0.062658
0.063440
0.061678
0.063000
0.063103
0.061111
0.063979
0.063298
0.072920
0.063106
0.062945
0.062932
0.062805
0.062977
0.063434
0.063357
0.063298
0.063051
0.063143
0.065271
0.063494
