0.095119
0.062915
0.062905
0.060965
0.060708
0.063995
0.063214
0.061567
0.063428
0.063968
0.065175
0.062989
0.063092
0.064499
0.062816
0.062565
0.062692
0.064341
0.065310
0.062839
0.073210
0.065252
0.066894
0.063100
0.065155
0.063446
0.060874
0.063174
0.061129
0.063210
0.060969
0.064213
0.063411
0.063653
0.062942
0.063146
0.064149
0.065291
0.060932
0.062744
0.072464
0.062969
0.062686
0.060706
0.061269
0.062856
0.062486
0.060757
0.063226
0.065066
0.062376
0.064176
0.062771
0.063066
0.060541
0.062499
0.061841
0.063145
0.062618
0.062476
0.071966
0.062932
0.060751
0.064885
0.060646
0.062723
0.062735
0.062713
0.062944
0.063006
0.063430
0.041441
0.042186
0.061113
0.063338
0.064062
0.064086
0.065782
0.064049
0.064226
0.073364
0.063471
0.063689
0.062513
0.063930
0.063711
0.063928
0.063947
0.062006
0.061851
0.065460
0.064435
0.062223
0.061893
0.061990
0.063997
0.064670
0.062462
0.064196
0.064123
0.073511
0.063819
0.063186
0.064660
0.062176
0.064075
0.061861
0.064319
0.065690
0.064462
0.064581
0.064380
0.062284
0.064409
0.064132
0.065406
0.062400
0.065617
0.064407
0.064152
0.075707
0.066335
0.062564
0.064385
0.064125
0.064141
0.061952
0.064200
0.064829
0.062418
0.066326
0.062601
0.064584
0.064295
0.065453
0.062494
0.062411
0.062112
0.064920
0.064268
0.076323
0.061918
0.063443
0.063127
0.063670
0.061630
0.063698
0.064551
0.063534
0.061792
0.064302
0.064241
0.062146
0.066185
0.063956
0.064059
0.062515
0.064303
0.063661
0.061601
0.075607
0.063730
0.064296
0.063911
0.063931
0.064011
0.065592
0.062483
0.064509
0.064342
0.066067
0.064400
0.065573
0.062552
0.064101
0.064103
0.062762
0.064430
0.064452
0.065171
0.075779
0.064403
0.064286
0.065852
0.064938
0.065409
0.064410
0.062209
0.063710
0.064049
0.061982
0.062873
0.064474
0.062304
0.064198
0.064925
0.067058
0.064446
0.063262
0.062738
0.075714
0.062231
0.063927
0.061823
0.063192
0.063838
0.062075
0.063796
0.061675
0.065737
0.063251
0.062554
0.062679
0.064548
0.064456
0.064470
0.063864
0.065394
0.062475
0.062345
0.073315
0.062145
0.065016
0.066420
0.064111
0.063315
0.064113
0.061797
0.064058
0.062644
0.061474
0.066486
0.063334
0.061172
0.060635
0.062827
0.063731
0.063419
0.061376
0.063086
0.074641
0.063546
0.061149
0.061703
0.063638
0.063145
0.063531
0.062809
0.062809
0.062524
0.063454
0.062872
0.060840
0.063226
0.062798
0.063079
0.063200
0.063016
0.063333
0.063521
0.074974
0.063782
0.064057
0.063048
0.061544
0.063602
0.061693
0.061435
0.064142
0.064165
0.063285
0.061432
0.063201
0.064107
0.062768
0.065523
0.064807
0.061306
0.063137
0.063052
0.074665
0.062529
0.063589
0.063701
0.061820
0.063504
0.063408
0.064030
0.064241
0.061985
0.064416
0.063536
0.063157
0.063741
0.062119
0.062799
0.062741
0.062893
0.062749
0.062853
0.072671
0.063458
0.063501
0.066076
0.063629
0.063554
0.063479
0.064734
0.063382
0.060901
0.062646
0.062701
0.060719
0.061182
0.061450
0.063414
0.061306
0.061992
0.060916
0.062687
0.073140
0.063214
0.061203
0.064237
0.063798
0.063127
0.063912
0.063540
0.063146
0.060580
0.064848
0.063046
0.060802
0.063969
0.060637
0.060931
0.063963
0.063654
0.061604
0.063455
0.075215
0.063692
0.063380
0.062586
0.065260
0.066649
0.067564
0.064536
0.064519
0.063192
0.065845
0.066191
0.066914
0.064816
0.061703
0.064759
0.063787
0.067568
0.062429
0.064923
0.071751
0.065038
0.064596
0.064813
0.062610
0.063412
0.064705
0.064646
0.062706
0.062958
0.064096
0.067428
0.064659
0.067878
0.062740
0.064527
0.068135
0.065181
0.067533
0.060451
0.073956
0.062893
0.060888
0.067603
0.063422
0.062830
0.066108
0.061357
0.063544
0.064864
0.066584
0.066895
0.066867
0.066782
0.066841
0.061472
0.068341
0.063772
0.067850
0.063504
0.074428
0.061134
0.068547
0.063919
0.063698
0.063565
0.042887
0.042897
0.042525
0.042366
0.044626
0.043298
0.042618
0.040924
0.040866
0.042605
0.063055
0.066720
0.067640
0.063349
0.046026
0.066104
0.065053
0.066629
0.063957
0.068091
0.062047
0.066989
0.063650
0.067435
0.065346
0.065397
0.062666
0.064271
0.064019
0.067913
0.067386
0.069482
0.063756
0.064724
0.073526
0.067467
0.064477
0.064997
0.062629
0.064105
0.041014
0.064271
0.065319
0.064224
0.065233
0.064183
0.063572
0.062161
0.063276
0.063060
0.065432
0.064668
0.064461
0.062416
0.073869
0.060870
0.060307
0.062891
0.063259
0.065285
0.062979
0.062618
0.062622
0.063579
0.060999
0.062835
0.062862
0.060850
0.062901
0.063122
0.062937
0.063431
0.063783
0.061720
0.072170
0.062582
0.064152
0.062724
0.063454
0.060707
0.063009
0.065514
0.066394
0.062449
0.066487
0.062671
0.067483
0.066179
0.066383
0.067647
0.066250
0.067118
0.066355
0.064231
0.074160
0.067685
0.066565
0.063080
0.067490
0.065963
0.063205
0.068792
0.064659
0.066426
0.063228
0.063152
0.063088
0.061312
0.060840
0.065738
0.066641
0.066061
0.063529
0.063063
0.070412
0.065917
0.060857
0.062789
0.062480
0.063773
0.067176
0.063496
0.064474
0.062406
0.063627
0.066059
0.064299
0.063041
0.064471
0.064520
0.067605
0.067452
0.064256
0.065300
0.073473
0.070920
0.070875
0.067124
0.068189
0.065294
0.064318
0.067443
0.063725
0.067412
0.063783
0.065560
0.068015
0.067374
0.068695
0.065286
0.065953
0.071192
