0.100757
0.064313
0.065722
0.063227
0.064262
0.065649
0.062173
0.063691
0.061876
0.064331
0.063605
0.063484
0.063146
0.061555
0.063349
0.061756
0.065257
0.063646
0.063882
0.064293
0.072484
0.064058
0.064720
0.062719
0.062375
0.064401
0.069862
0.065138
0.063953
0.061810
0.064049
0.067424
0.064494
0.063565
0.063302
0.064588
0.061755
0.064112
0.065456
0.064157
0.075687
0.067401
0.063767
0.067348
0.067907
0.063883
0.067076
0.065018
0.066833
0.066905
0.063685
0.061916
0.063617
0.063956
0.062336
0.064297
0.064296
0.065803
0.064896
0.064081
0.074430
0.064238
0.064050
0.064049
0.063832
0.064306
0.065433
0.063949
0.063754
0.064348
0.062707
0.062764
0.061778
0.064515
0.063771
0.061784
0.063793
0.063612
0.063213
0.064251
0.072790
0.063553
0.063293
0.062072
0.066968
0.064708
0.063851
0.066918
0.063686
0.066908
0.067167
0.067335
0.062355
0.061846
0.061727
0.063418
0.063451
0.062934
0.063636
0.063791
0.075215
0.061784
0.064463
0.063746
0.064180
0.062393
0.064101
0.062786
0.064063
0.062362
0.064710
0.063355
0.063909
0.063566
0.061905
0.064259
0.064084
0.062637
0.064102
0.062071
0.075979
0.061835
0.064240
0.064766
0.065204
0.061879
0.063800
0.062502
0.066985
0.063725
0.065140
0.062501
0.063947
0.063613
0.064286
0.063947
0.065749
0.065996
0.064051
0.064076
0.075285
0.064317
0.064329
0.062309
0.063821
0.063801
0.063732
0.063900
0.063900
0.065171
0.065654
0.064441
0.064353
0.068265
0.065245
0.065488
0.062429
0.064010
0.063247
0.064139
0.073424
0.064385
0.062464
0.066517
0.064288
0.062472
0.064134
0.064138
0.064628
0.063806
0.064415
0.062055
0.063364
0.064340
0.061981
0.063727
0.063931
0.068344
0.063845
0.063590
0.073687
0.065053
0.064520
0.062100
0.061670
0.061849
0.063659
0.064523
0.064274
0.062842
0.065827
0.063910
0.061623
0.063769
0.063885
0.062292
0.061672
0.061635
0.061924
0.063628
0.075817
0.063623
0.063413
0.065427
0.062248
0.064341
0.063124
0.063697
0.063818
0.063372
0.063870
0.061879
0.063640
0.063179
0.063726
0.063987
0.064609
0.064946
0.062502
0.062902
0.073636
0.064932
0.064010
0.062131
0.067605
0.064546
0.063694
0.063679
0.063682
0.062021
0.063468
0.063672
0.068232
0.067258
0.070710
0.064084
0.068034
0.062453
0.068833
0.067503
0.067228
0.067957
0.068539
0.064471
0.068057
0.067418
0.070698
0.067106
0.067562
0.068322
0.068097
0.062742
0.068522
0.068733
0.068445
0.066414
0.063694
0.066561
0.063373
0.065058
0.076295
0.065656
0.068811
0.064516
0.063580
0.063499
0.061812
0.061527
0.064116
0.064957
0.061646
0.063291
0.063667
0.063382
0.063004
0.066951
0.063596
0.063695
0.064348
0.063230
0.074464
0.063905
0.064001
0.060841
0.062656
0.062736
0.063376
0.060868
0.063467
0.062980
0.063167
0.063892
0.062918
0.064011
0.063980
0.063554
0.063164
0.063550
0.062572
0.062702
0.071771
0.064865
0.063576
0.061981
0.063635
0.063547
0.062618
0.064936
0.066148
0.064456
0.063151
0.062716
0.062668
0.062664
0.062228
0.062916
0.064209
0.064125
0.063838
0.065624
0.075764
0.063812
0.065152
0.064090
0.063989
0.062022
0.067041
0.062846
0.066527
0.063693
0.065579
0.063631
0.064720
0.065819
0.066619
0.064911
0.064544
0.066519
0.064699
0.067852
0.072072
0.066428
0.064419
0.066201
0.062963
0.063872
0.060691
0.062922
0.062297
0.061063
0.062626
0.062530
0.063849
0.061005
0.060641
0.062418
0.060914
0.060892
0.063264
0.060930
0.074082
0.062909
0.066092
0.061048
0.042395
0.043100
0.042254
0.040456
0.063595
0.040769
0.062888
0.063616
0.064846
0.064087
0.063456
0.061659
0.063870
0.063795
0.061322
0.064537
0.074412
0.064411
0.063412
0.063550
0.063635
0.063728
0.061593
0.061623
0.063337
0.062813
0.062085
0.062762
0.063979
0.063715
0.063555
0.064223
0.064814
0.063797
0.064314
0.062786
0.074624
0.063025
0.063070
0.064814
0.060761
0.063627
0.060691
0.062924
0.062596
0.062282
0.062536
0.062842
0.063165
0.062709
0.062725
0.062690
0.062793
0.064157
0.063834
0.063485
0.074460
0.061225
0.063708
0.063191
0.063261
0.061371
0.062759
0.063767
0.060302
0.060450
0.063754
0.063677
0.060441
0.063033
0.063045
0.062605
0.060761
0.061651
0.061776
0.063447
0.074585
0.063611
0.063843
0.064586
0.062042
0.063308
0.064102
0.063647
0.063874
0.062119
0.064943
0.063244
0.062996
0.062933
0.062740
0.063337
0.061630
0.063735
0.063286
0.062809
0.074218
0.062737
0.063851
0.063624
0.063272
0.061033
0.062896
0.061632
0.062722
0.063111
0.061496
0.061773
0.061432
0.062953
0.062664
0.062996
0.063578
0.062835
0.060387
0.062486
0.073826
0.060751
0.063751
0.061447
0.065626
0.063439
0.063411
0.060968
0.061735
0.061171
0.063032
0.063603
0.062170
0.063779
0.061615
0.061680
0.061940
0.062105
0.062494
0.063575
0.074933
0.061712
0.064798
0.063730
0.064028
0.064034
0.063899
0.062428
0.064144
0.064131
0.063991
0.062594
0.063539
0.061942
0.061932
0.064379
0.063768
0.064109
0.063818
0.064249
0.075933
0.065169
0.064689
0.064769
0.066273
0.065112
0.061762
0.063845
0.064729
0.062871
0.063017
0.062715
0.063030
0.060414
0.064687
0.062987
0.062925
0.063266
0.063528
0.062935
0.074688
0.060413
0.062212
0.062393
0.062407
0.062302
0.062224
0.063384
0.062664
0.062551
0.060143
0.062090
0.060625
0.062744
0.062878
0.062900
0.060939
0.062582
0.063424
0.062997
0.072359
0.062648
0.060437
0.060768
0.065045
0.061325
0.062930
0.061555
0.063200
0.062898
0.063629
0.063162
0.063171
0.062013
0.062843
0.062900
0.062659
0.060398
0.064264
0.062666
0.072124
0.060911
0.062675
0.062411
0.062644
0.061064
0.064457
0.062818
0.063082
0.062891
0.062511
0.062079
0.063269
0.060709
0.062649
0.062500
0.063081
0.063186
0.060475
0.060745
0.073901
0.060709
0.062616
0.061021
0.063113
0.065296
0.062940
0.063056
0.063026
0.060803
0.062711
0.062971
0.063712
0.061084
0.060998
0.060888
0.062655
0.062599
0.062179
0.060634
0.074170
0.063216
0.063167
0.063452
0.062356
0.062932
0.062646
0.060448
0.062158
0.062238
0.062534
0.063863
0.062251
0.061118
0.063530
0.062768
0.061984
0.062281
0.061594
0.064827
0.074953
0.062935
0.061940
0.063522
0.064443
0.064563
0.063033
0.064065
0.062955
0.063100
0.063572
0.061282
0.064048
0.063303
0.063020
0.063013
0.061298
0.063013
0.062750
0.061267
0.074539
0.062670
0.062800
0.062939
0.063121
0.061541
0.061583
0.062613
0.060920
0.064289
0.064642
0.066178
0.064674
0.062978
0.062705
0.062448
0.062722
0.062397
0.062716
0.066398
0.071944
0.061174
0.061354
0.064039
0.063695
0.063142
0.063508
0.064023
0.061112
0.063267
0.063335
0.063712
0.063826
0.063617
0.061342
0.063907
0.063739
0.064056
0.065193
0.061396
0.072597
0.062865
0.063131
0.063351
0.064969
0.062225
0.063533
0.061671
0.066877
0.066193
0.066738
0.067328
0.064228
0.063434
0.063406
0.063731
0.066875
0.062555
0.066592
0.066570
0.074839
0.063911
0.069990
0.067301
0.063685
0.066612
0.064957
0.063483
0.066584
0.064075
0.061690
0.062843
0.061253
0.063190
0.063369
0.062832
0.066566
0.063144
0.062580
0.063262
0.074380
0.061884
0.067704
0.066710
0.063800
0.064893
0.064301
0.064487
0.066764
0.064104
0.062958
0.063836
0.066052
0.063051
0.066205
0.064846
0.062974
0.063422
0.063002
0.063705
0.074389
0.061639
0.061676
0.062819
0.064279
0.063369
0.062747
0.062720
0.060804
0.062307
0.064245
0.063289
0.062885
0.063037
0.062794
0.062418
0.060428
0.060632
0.061981
0.063201
0.072776
0.063348
0.063091
0.061344
0.063182
0.063148
0.063120
0.064446
0.063307
0.063585
0.063530
0.065207
0.061571
0.063752
0.063560
0.061330
0.063331
0.063094
0.063346
0.063345
0.074952
0.063932
0.063193
0.063877
0.063346
0.063839
0.064275
0.063781
0.063247
0.063446
0.062013
0.063376
0.063383
0.064865
0.063907
0.063438
0.063257
0.063625
0.062505
0.061645
0.074531
0.061070
0.061567
0.063254
0.063168
0.063296
0.061486
0.063735
0.067014
0.063359
0.063287
0.063127
0.064354
0.063757
0.063615
0.063811
0.063691
0.064100
0.063514
0.061309
0.072467
0.063197
0.063254
0.063944
0.064653
0.065016
0.061168
0.063072
0.062909
0.062954
0.063206
0.063438
0.063462
0.063823
0.063759
0.062602
0.063213
0.063753
0.065850
0.063752
0.075131
0.061060
0.063303
0.063728
0.063281
0.063531
0.061419
0.063970
0.063450
0.061195
0.062048
0.062411
0.063622
0.060959
0.063077
0.064182
0.063640
0.062837
0.061156
0.063559
0.072737
0.063020
0.063246
0.063271
0.061489
0.062437
0.062860
0.061693
0.060989
0.061106
0.061742
0.063196
0.063004
0.062394
0.062943
0.062827
0.062236
0.060747
0.063652
0.063441
0.072334
0.063072
0.060665
0.064125
0.062735
0.062408
0.062763
0.063335
0.063232
0.062713
0.063067
0.062804
0.062071
0.062763
0.061043
0.062920
0.063500
0.062729
0.062903
0.062706
0.074048
0.063092
0.061378
0.063116
0.062753
0.062011
0.062820
0.062542
0.062596
0.063367
0.062645
0.062967
0.060970
0.062815
0.062968
0.063647
0.062978
0.062743
0.062930
0.064328
0.069917
0.065842
0.061931
0.066283
0.066372
0.061061
0.064273
0.063350
0.067081
0.063348
0.063188
0.066662
0.064332
0.061443
0.061248
0.064004
0.063376
0.063101
0.061108
0.060971
0.072356
0.061908
0.062792
0.063849
0.063238
0.064065
0.063377
0.060669
0.064716
0.063237
0.063005
0.062815
0.063726
0.066889
0.064654
0.063504
0.061270
0.061427
0.061023
0.064616
0.074401
0.061472
0.063421
0.063338
0.062845
0.040519
0.040228
