0.108915
0.064318
0.065726
0.063231
0.064266
0.065653
0.062178
0.063695
0.061881
0.064336
0.063609
0.063489
0.063149
0.061559
0.063354
0.061761
0.065261
0.063650
0.063887
0.064298
0.072488
0.064062
0.064725
0.062724
0.062379
0.064406
0.069866
0.065143
0.063958
0.061814
0.064054
0.067428
0.064498
0.063569
0.063306
0.064592
0.061759
0.064116
0.065460
0.064162
0.075693
0.067406
0.063771
0.067353
0.067912
0.063888
0.067081
0.065022
0.066836
0.066910
0.063689
0.061921
0.063622
0.063962
0.062340
0.064302
0.064300
0.065810
0.064900
0.064085
0.074435
0.064242
0.064055
0.064053
0.063836
0.064311
0.065437
0.063954
0.063759
0.064353
0.062711
0.062768
0.061782
0.064519
0.063776
0.061788
0.063798
0.063616
0.063217
0.064256
0.072794
0.063557
0.063297
0.062076
0.066972
0.064713
0.063856
0.066923
0.063690
0.066914
0.067172
0.067342
0.062360
0.061851
0.061732
0.063423
0.063457
0.062939
0.063641
0.063795
0.075219
0.061789
0.064467
0.063751
0.064184
0.062398
0.064106
0.062791
0.064083
0.062367
0.064714
0.063361
0.063913
0.063571
0.061909
0.064263
0.064088
0.062642
0.064106
0.062075
0.075984
0.061840
0.064245
0.064771
0.065208
0.061884
0.063805
0.062507
0.067006
0.063729
0.065145
0.062505
0.063951
0.063618
0.064291
0.063951
0.065754
0.066000
0.064056
0.064081
0.075289
0.064321
0.064334
0.062314
0.063825
0.063806
0.063736
0.063906
0.063920
0.065175
0.065659
0.064446
0.064358
0.068269
0.065250
0.065493
0.062434
0.064014
0.063251
0.064143
0.073428
0.064389
0.062469
0.066521
0.064293
0.062476
0.064139
0.064142
0.064633
0.063810
0.064419
0.062059
0.063385
0.064345
0.061985
0.063731
0.063935
0.068348
0.063849
0.063595
0.073693
0.065057
0.064525
0.062105
0.061675
0.061854
0.063663
0.064528
0.064278
0.062847
0.065831
0.063915
0.061627
0.063774
0.063889
0.062296
0.061677
0.061640
0.061929
0.063633
0.075833
0.063628
0.063417
0.065432
0.062252
0.064345
0.063128
0.063701
0.063822
0.063377
0.063874
0.061884
0.063645
0.063184
0.063731
0.063991
0.064614
0.064951
0.062507
0.062907
0.073640
0.064936
0.064016
0.062135
0.067609
0.064552
0.063698
0.063684
0.063686
0.062026
0.063472
0.063678
0.068249
0.067263
0.070714
0.064089
0.068038
0.062457
0.068837
0.067507
0.067233
0.067962
0.068544
0.064477
0.068062
0.067422
0.070702
0.067110
0.067566
0.068328
0.068102
0.062746
0.068527
0.068738
0.068449
0.066419
0.063699
0.066566
0.063377
0.065063
0.076300
0.065660
0.068816
0.064520
0.063584
0.063504
0.061816
0.061531
0.064144
0.064962
0.061651
0.063295
0.063671
0.063386
0.063009
0.066956
0.063602
0.063699
0.064353
0.063234
0.074469
0.063910
0.064005
0.060845
0.062661
0.062740
0.063382
0.060872
0.063472
0.062985
0.063171
0.063897
0.062923
0.064016
0.063984
0.063559
0.063168
0.063555
0.062576
0.062706
0.071776
0.064869
0.063581
0.061985
0.063639
0.063552
0.062622
0.064941
0.066176
0.064460
0.063155
0.062720
0.062672
0.062668
0.062232
0.062921
0.064212
0.064130
0.063842
0.065628
0.075768
0.063817
0.065156
0.064095
0.063994
0.062027
0.067045
0.062851
0.066532
0.063697
0.065584
0.063636
0.064724
0.065823
0.066623
0.064915
0.064548
0.066523
0.064703
0.067856
0.072076
0.066432
0.064423
0.066205
0.062968
0.063877
0.060696
0.062927
0.062301
0.061067
0.062630
0.062534
0.063872
0.061010
0.060645
0.062422
0.060918
0.060896
0.063268
0.060934
0.074090
0.062913
0.066097
0.061052
0.042400
0.043107
0.042259
0.040461
0.063599
0.040774
0.062892
0.063621
0.064851
0.064091
0.063460
0.061664
0.063875
0.063798
0.061327
0.064542
0.074417
0.064415
0.063416
0.063555
0.063640
0.063732
0.061596
0.061627
0.063341
0.062818
0.062090
0.062766
0.063984
0.063719
0.063560
0.064227
0.064818
0.063801
0.064319
0.062790
0.074630
0.063030
0.063075
0.064819
0.060766
0.063631
0.060695
0.062929
0.062600
0.062286
0.062541
0.062846
0.063169
0.062714
0.062729
0.062694
0.062798
0.064162
0.063839
0.063488
0.074465
0.061229
0.063712
0.063196
0.063265
0.061376
0.062763
0.063772
0.060306
0.060454
0.063758
0.063682
0.060446
0.063037
0.063050
0.062610
0.060765
0.061655
0.061780
0.063451
0.074589
0.063616
0.063848
0.064591
0.062047
0.063312
0.064107
0.063652
0.063879
0.062124
0.064947
0.063249
0.063000
0.062938
0.062744
0.063342
0.061650
0.063740
0.063290
0.062813
0.074222
0.062742
0.063855
0.063629
0.063277
0.061038
0.062900
0.061636
0.062726
0.063118
0.061501
0.061777
0.061436
0.062957
0.062668
0.063001
0.063582
0.062839
0.060392
0.062491
0.073830
0.060755
0.063755
0.061452
0.065630
0.063444
0.063416
0.060972
0.061740
0.061176
0.063037
0.063607
0.062173
0.063783
0.061621
0.061688
0.061944
0.062110
0.062499
0.063579
0.074937
0.061717
0.064802
0.063734
0.064032
0.064039
0.063902
0.062433
0.064149
0.064136
0.063996
0.062598
0.063543
0.061947
0.061936
0.064384
0.063773
0.064114
0.063822
0.064253
0.075949
0.065173
0.064694
0.064775
0.066277
0.065116
0.061766
0.063850
0.064734
0.062875
0.063021
0.062719
0.063035
0.060418
0.064691
0.062992
0.062929
0.063271
0.063533
0.062940
0.074692
0.060417
0.062216
0.062398
0.062411
0.062307
0.062228
0.063388
0.062668
0.062555
0.060148
0.062095
0.060630
0.062749
0.062882
0.062904
0.060942
0.062586
0.063428
0.063002
0.072364
0.062652
0.060441
0.060772
0.065049
0.061329
0.062935
0.061560
0.063205
0.062902
0.063633
0.063166
0.063176
0.062017
0.062848
0.062904
0.062663
0.060402
0.064269
0.062670
0.072128
0.060916
0.062680
0.062415
0.062648
0.061069
0.064462
0.062822
0.063087
0.062896
0.062515
0.062083
0.063293
0.060713
0.062653
0.062505
0.063086
0.063190
0.060480
0.060749
0.073907
0.060713
0.062621
0.061025
0.063118
0.065300
0.062945
0.063060
0.063030
0.060808
0.062715
0.062976
0.063716
0.061088
0.061002
0.060893
0.062660
0.062603
0.062184
0.060639
0.074174
0.063221
0.063172
0.063456
0.062360
0.062938
0.062650
0.060452
0.062163
0.062242
0.062539
0.063868
0.062256
0.061122
0.063535
0.062773
0.061988
0.062285
0.061600
0.064831
0.074958
0.062938
0.061945
0.063526
0.064448
0.064567
0.063037
0.064069
0.062959
0.063105
0.063576
0.061287
0.064053
0.063308
0.063025
0.063017
0.061302
0.063018
0.062754
0.061272
0.074544
0.062674
0.062804
0.062943
0.063125
0.061545
0.061587
0.062618
0.060924
0.064294
0.064646
0.066182
0.064694
0.062983
0.062708
0.062452
0.062727
0.062402
0.062719
0.066403
0.071949
0.061178
0.061359
0.064044
0.063700
0.063146
0.063512
0.064028
0.061116
0.063271
0.063339
0.063717
0.063830
0.063622
0.061346
0.063911
0.063744
0.064060
0.065198
0.061400
0.072601
0.062870
0.063135
0.063355
0.064974
0.062230
0.063537
0.061675
0.066881
0.066197
0.066744
0.067333
0.064232
0.063439
0.063411
0.063736
0.066879
0.062560
0.066597
0.066574
0.074844
0.063915
0.069995
0.067305
0.063690
0.066616
0.064961
0.063488
0.066588
0.064080
0.061694
0.062847
0.061258
0.063195
0.063373
0.062837
0.066571
0.063148
0.062585
0.063267
0.074384
0.061888
0.067708
0.066714
0.063805
0.064898
0.064305
0.064491
0.066769
0.064109
0.062963
0.063840
0.066057
0.063055
0.066209
0.064851
0.062978
0.063426
0.063006
0.063709
0.074406
0.061644
0.061681
0.062824
0.064283
0.063373
0.062751
0.062724
0.060809
0.062311
0.064250
0.063294
0.062889
0.063042
0.062799
0.062423
0.060432
0.060637
0.061985
0.063205
0.072783
0.063353
0.063095
0.061349
0.063187
0.063153
0.063125
0.064451
0.063312
0.063589
0.063535
0.065211
0.061575
0.063757
0.063565
0.061334
0.063335
0.063098
0.063350
0.063350
0.074956
0.063937
0.063197
0.063882
0.063350
0.063844
0.064279
0.063785
0.063252
0.063450
0.062017
0.063381
0.063387
0.064869
0.063911
0.063443
0.063261
0.063630
0.062509
0.061650
0.074535
0.061074
0.061572
0.063258
0.063173
0.063300
0.061491
0.063740
0.067018
0.063363
0.063292
0.063131
0.064358
0.063761
0.063619
0.063816
0.063695
0.064105
0.063520
0.061313
0.072471
0.063201
0.063259
0.063948
0.064658
0.065021
0.061173
0.063076
0.062914
0.062959
0.063211
0.063443
0.063467
0.063828
0.063763
0.062607
0.063218
0.063758
0.065855
0.063756
0.075136
0.061064
0.063308
0.063732
0.063285
0.063536
0.061424
0.063975
0.063455
0.061201
0.062052
0.062415
0.063627
0.060964
0.063082
0.064186
0.063645
0.062841
0.061161
0.063563
0.072741
0.063025
0.063250
0.063275
0.061495
0.062441
0.062864
0.061698
0.060994
0.061112
0.061747
0.063201
0.063007
0.062399
0.062947
0.062831
0.062241
0.060751
0.063656
0.063445
0.072338
0.063076
0.060668
0.064130
0.062739
0.062413
0.062768
0.063339
0.063236
0.062722
0.063072
0.062808
0.062076
0.062767
0.061048
0.062923
0.063505
0.062733
0.062907
0.062710
0.074052
0.063097
0.061383
0.063121
0.062758
0.062016
0.062824
0.062546
0.062600
0.063371
0.062649
0.062972
0.060974
0.062820
0.062973
0.063651
0.062983
0.062747
0.062934
0.064333
0.069921
0.065846
0.061935
0.066288
0.066377
0.061066
0.064277
0.063355
0.067085
0.063352
0.063193
0.066667
0.064336
0.061447
0.061253
0.064009
0.063380
0.063106
0.061113
0.060976
0.072361
0.061912
0.062796
0.063854
0.063243
0.064070
0.063382
0.060673
0.064719
0.063241
0.063009
0.062819
0.063748
0.066893
0.064659
0.063508
0.061274
0.061432
0.061027
0.064620
0.074406
0.061476
0.063426
0.063343
0.062849
0.040524
0.040232
