339.000000	430.000000	18.000000	37.000000
339.279510	428.528961	18.463596	35.273594
337.000275	430.416656	18.201099	33.971951
335.353455	427.426941	18.818155	35.892731
334.804077	425.165283	19.229240	37.987644
331.635590	424.742065	18.652170	37.368435
330.043091	425.758453	18.098566	34.867538
329.028351	426.619202	18.247547	34.451214
328.010101	424.949219	17.567120	34.984039
329.236969	421.431396	18.746729	38.249428
327.362915	422.941315	18.986378	36.960594
326.682587	419.299744	18.204023	38.244980
327.616211	423.509949	19.040331	35.481628
329.297974	421.127502	17.583384	36.991489
330.459503	423.124359	17.860672	35.473545
331.285278	419.688019	20.060780	38.657051
333.714966	418.638184	18.702297	38.748955
337.307709	421.368805	18.925785	37.400734
341.310791	420.047791	19.152164	38.021919
345.742859	425.499298	16.153191	32.824036
349.234772	423.873077	18.817938	34.239956
357.520630	422.064758	19.700438	36.623989
360.491089	422.324005	17.637728	35.263931
367.388275	420.463440	17.771521	37.586441
372.872192	420.878021	18.061594	37.248859
379.156616	421.234985	16.821280	36.993744
384.819305	421.807495	17.527550	35.966175
392.585510	421.784729	17.616854	35.880562
397.452393	421.246887	17.013535	37.157387
403.191803	421.959015	16.238781	36.065075
407.956635	423.978790	16.384161	34.584621
412.649292	425.928192	16.197529	32.612259
417.692749	425.239380	18.350748	34.372391
420.889465	427.425690	16.357622	32.744606
418.829102	427.190613	15.735910	33.192535
408.251923	425.647919	17.367603	36.083923
392.820160	430.978882	16.601290	34.095322
380.912811	432.240875	17.069769	34.181717
378.743530	428.580536	19.267719	38.414982
376.806641	434.110260	15.564635	33.971558
375.613800	430.983948	16.932394	36.844505
374.651184	431.030945	18.679638	36.692432
375.540680	430.967560	16.330175	37.426167
376.733521	430.381622	17.656019	37.803135
379.140503	431.129425	18.137102	36.655499
380.539673	431.035736	17.792299	37.248032
382.537170	431.958191	17.861958	35.975834
385.116547	433.587738	17.760777	34.578091
388.025513	434.426300	16.756456	35.331474
390.027557	432.528076	18.309368	35.524204
393.380371	431.028961	18.999382	37.386753
394.780762	431.211090	18.579922	38.150333
397.457581	431.939758	17.564192	36.145538
400.096252	430.774231	18.189281	38.707256
402.673462	429.894073	16.919468	38.906055
406.160828	430.092621	19.082253	38.275135
408.408691	430.017853	17.736197	38.049706
408.949860	431.250702	15.295292	37.143147
410.149475	430.597992	17.416779	37.981838
412.552643	430.411133	16.257252	37.506733
414.497772	430.145264	16.651779	38.037048
416.909210	431.374451	18.860283	37.193050
419.699463	431.817535	16.338755	36.868099
421.542786	430.780365	16.737228	37.753181
423.574371	430.922180	16.769197	37.354816
425.997833	431.748138	15.952610	36.498055
428.224182	436.803162	17.972919	32.476841
429.355957	432.956238	16.710974	35.107025
432.008148	431.508240	17.209606	37.577065
431.893524	431.598663	16.205418	37.016968
433.860260	430.787354	15.314118	37.446487
434.760925	433.573486	17.836279	35.961315
434.498413	437.957916	15.977622	31.526785
434.459229	436.593842	15.687789	32.951210
434.729004	434.702911	16.150846	35.833614
435.293365	431.660614	15.623446	37.463013
433.865295	433.160950	17.668203	37.659496
434.307465	432.980194	14.950809	36.630268
433.983887	438.064026	17.070629	34.562611
433.434265	438.945892	16.275120	34.804615
432.233063	435.773926	16.069675	37.944366
432.489624	435.967957	17.779327	38.457058
431.462311	445.591827	14.828121	32.189003
430.266296	444.670593	17.647322	34.478539
429.657227	442.838776	16.754860	36.410229
430.028992	441.071228	16.481815	39.192005
428.897247	434.764374	18.380421	39.780380
428.355347	422.245178	16.998138	40.191319
427.640106	414.351624	15.916478	36.146633
426.063721	405.855774	18.934980	37.630360
426.106232	405.242035	16.614691	38.777317
424.330017	406.089569	17.441189	38.552483
423.056519	409.747955	17.925816	37.391926
422.827393	411.954834	16.364159	36.485996
420.941742	409.052246	18.145716	40.243481
421.619232	410.291412	18.597099	40.073044
419.372986	417.022095	18.243149	36.861843
418.341278	416.428589	16.868340	38.018909
419.428741	418.843048	15.864230	37.736771
418.398682	420.526855	16.131994	37.771423
417.218750	418.875244	16.701536	38.776711
418.479370	425.439087	17.350004	35.546169
417.322815	424.879852	16.906895	37.448143
418.169250	422.537781	17.525557	40.030685
420.027924	422.426483	17.084658	40.923183
420.867432	425.647980	16.381130	38.084148
422.487732	423.958496	18.985674	40.011848
423.992554	427.229706	18.628454	39.460712
425.990936	428.905182	17.825403	39.199829
428.559418	426.751160	18.846558	41.619465
431.899475	428.432404	17.145020	41.036316
436.341309	429.706177	19.459732	40.259796
439.073792	430.824188	19.450012	40.486626
441.677429	431.828400	17.577101	40.321690
446.563660	430.512817	18.340988	42.386017
449.725983	431.154510	16.490520	41.199776
451.776550	432.369720	17.345888	40.740852
455.672516	437.737732	17.717918	37.882610
459.224976	436.355621	19.530712	39.854736
463.153107	434.114105	17.638441	42.158451
467.850189	434.941864	18.065598	40.923405
470.812134	436.720245	18.445356	40.131943
475.837982	440.225922	18.200159	37.856331
480.488159	440.667389	18.562658	37.427605
484.791138	439.724884	19.672163	39.114956
488.998444	438.275909	18.364897	39.588589
493.395020	440.960022	18.746243	37.344017
497.721161	440.473328	19.461197	37.822792
502.706207	443.845154	19.227932	34.780224
503.458710	440.930481	21.749670	38.797886
502.792175	444.629395	20.040775	36.808430
490.819580	445.602264	19.158665	34.337639
477.821472	443.213837	20.754759	37.882122
468.395203	444.467224	19.387917	38.406712
467.853516	442.409241	16.892029	37.402386
462.797791	443.751007	19.420027	40.023903
464.214417	448.174103	18.886784	36.930798
466.076996	448.969604	19.437944	35.739281
466.076996	448.969604	19.437944	35.739281
472.916077	449.623901	20.143414	37.821346
480.000122	448.324799	19.454058	38.549843
485.910217	444.060822	18.593971	40.331848
489.925323	451.354065	16.725420	33.245586
496.862701	449.718628	17.156466	35.905983
501.634277	448.578430	17.631317	36.962822
507.582947	450.501770	18.905642	37.033787
514.859192	450.798248	20.105915	36.324577
520.239624	451.404541	18.740564	36.152714
525.873779	451.492218	17.192499	36.812534
531.370728	450.731445	18.497265	38.533272
530.800598	452.577667	17.501839	37.164349
523.735474	452.958679	16.729221	37.734310
514.516907	448.281677	18.345211	42.660656
507.197906	447.986267	16.524446	43.312592
508.362030	449.372498	17.046177	44.687565
511.599518	449.315155	17.051725	43.420692
515.034729	448.202820	16.526196	45.599270
519.852478	452.028687	16.509731	41.273346
523.757019	450.711853	14.457235	38.215134
527.024109	452.258667	15.214715	32.949245
528.687134	456.740601	18.344681	34.596516
534.113281	451.081665	21.598871	43.407791
537.647888	453.021088	19.502235	40.666492
543.729553	450.033325	16.839851	36.897747
543.729553	450.033325	16.839851	36.897747
543.729553	450.033325	16.839851	36.897747
553.894409	458.429657	18.192217	31.861252
563.028564	452.047729	17.449913	42.877659
565.608032	449.955780	17.411604	37.010380
571.479187	457.846405	18.834435	38.899490
577.418030	461.869873	17.614614	35.387985
581.335876	461.928528	19.149569	36.120525
588.019226	465.007324	17.122501	34.088406
592.943787	466.501221	17.813347	31.363089
594.810181	466.059387	17.967306	32.429241
604.845642	467.238495	15.433791	33.029129
605.726074	464.579102	18.686966	35.770950
611.235779	466.075500	16.428802	33.745090
615.247070	464.918243	19.242645	35.917515
619.884399	465.356232	17.838737	34.824806
622.749573	466.524261	19.273485	34.882080
626.042114	466.499237	21.011864	34.714825
634.246399	467.124084	17.113308	33.867962
639.166809	468.862396	16.694675	32.282406
645.449463	467.292450	15.938366	34.293259
648.637573	469.435608	16.806112	31.805387
652.440369	468.342102	19.230915	34.086834
659.119873	467.491364	17.174286	34.115227
662.939087	466.211273	18.373049	35.019093
658.679993	474.741028	20.256321	39.879635
658.679993	474.741028	20.256321	39.879635
658.679993	474.741028	20.256321	39.879635
658.679993	474.741028	20.256321	39.879635
683.471008	470.446686	16.134222	33.521427
683.100769	463.344482	19.888798	40.350899
683.100769	463.344482	19.888798	40.350899
688.750305	461.729858	19.663868	42.381229
694.794434	469.478149	19.582458	35.428089
693.029175	524.735168	14.116760	33.382259
703.871338	522.965576	17.843170	34.872108
713.665710	525.749573	18.910559	34.079273
724.991028	527.458557	14.885956	34.165260
727.062378	528.827271	19.409779	33.171692
732.562012	530.310303	16.573990	34.220032
732.074951	528.426575	17.322481	36.438881
725.867981	529.692383	20.229239	35.152695
730.538208	525.850037	14.941140	34.251919
728.338562	515.749512	20.972965	35.818874
735.777710	505.357910	17.003933	37.431141
740.878662	499.029175	15.860416	37.068699
742.048279	497.721191	21.714674	35.482204
755.836609	498.171570	15.298666	34.443695
760.758972	497.054901	19.092113	36.618484
770.499268	496.740875	18.354773	37.884941
781.632324	497.263397	15.836850	38.531914
787.713013	499.263458	20.721174	36.267399
801.806580	500.478851	16.775820	38.429863
810.163391	501.591431	19.461864	37.500584
827.019043	501.673859	14.809169	36.308887
836.751953	502.932892	15.059091	37.776405
850.409912	504.626404	14.306031	36.633446
861.662781	505.873932	13.892020	35.447956
869.216064	506.959106	16.978903	37.170303
880.061768	507.915649	18.238899	36.475838
895.491211	507.927185	15.513150	38.078991
910.293518	508.518799	12.262549	36.910007
921.266418	510.518097	13.124446	34.795574
927.860840	512.155579	17.685574	36.806747
936.135864	512.117859	22.490509	38.649837
952.853577	511.818481	16.978058	37.939205
962.605347	513.600281	19.151348	36.012871
972.576782	515.621033	22.517508	35.602310
985.723022	516.047241	21.283018	36.306656
994.251099	516.961609	24.526667	36.429928
1013.626892	516.996033	17.423569	37.434986
1023.205017	518.422485	19.572342	35.854229
1032.005859	520.124939	23.372358	36.222931
1045.737549	520.288513	22.097359	38.157993
1052.925537	521.602905	26.492430	37.539555
1071.830322	521.542847	19.616985	38.824783
1089.201904	521.681458	19.418293	37.927589
1096.641479	521.994934	22.690277	37.515663
1105.949219	521.688171	21.552954	39.585602
1114.416138	523.084290	21.973410	39.862835
1120.407715	522.413208	27.246965	40.473129
1137.828003	522.195679	21.799994	41.840042
1137.828003	522.195679	21.799994	41.840042
1160.141235	522.699829	19.062347	37.888512
1172.619019	520.508484	15.749290	26.514713
1178.925415	520.388611	16.399139	27.314037
1186.185547	522.981262	19.075460	31.935417
1192.168335	520.828857	22.651840	33.608349
1200.282349	516.657898	27.481928	36.652058
1210.405640	515.474792	27.386486	38.018559
1248.959961	468.464691	23.717371	35.634338
1251.705078	468.378998	20.599274	34.558270
1237.936401	513.367188	26.948402	35.868397
1253.552490	469.942352	18.559130	34.755363
1257.283691	514.596375	23.259058	35.668774
1247.783691	466.082855	22.796162	40.523537
1248.009033	470.761383	24.680019	38.698879
1249.200562	472.712219	20.138449	36.634495
1252.583618	471.729309	17.909994	35.752380
1246.456665	475.075897	21.217852	36.778622
1247.066528	474.590912	20.608601	36.066269
1245.725342	473.530212	20.806414	37.075100
1243.846924	474.797119	22.199383	37.002857
1244.270508	473.646912	20.297995	38.378620
1237.611694	475.674683	25.681959	37.459343
1240.600708	476.309601	21.776569	37.002869
1238.423340	474.777679	23.202654	37.182568
1232.342651	474.244659	27.396681	38.155231
1235.868774	474.139618	21.495171	38.975079
1234.376831	474.306885	22.350262	38.271156
1229.825317	475.959747	25.197124	36.661827
1232.750732	475.814117	21.460611	36.206009
1226.940308	474.030182	25.744200	37.095928
1226.145142	473.380646	24.073305	38.938908
1227.663818	474.353577	19.863705	37.236050
1222.548584	474.120239	23.560318	37.813663
1220.899780	475.564972	22.629189	37.365124
1221.392822	475.583466	21.933172	37.028343
1215.158691	475.274231	26.362309	37.530899
1216.799072	475.462921	21.373419	37.640564
1218.786987	475.245331	18.366854	37.383640
1211.190796	477.518158	23.881952	36.405369
1211.946045	477.936188	19.762526	37.575764
1210.101318	476.640167	21.473711	36.843636
1204.592285	477.481842	24.833855	35.205608
1206.214111	477.973541	20.763420	34.417652
1204.319458	479.221649	20.196001	34.404057
1200.033936	481.235352	21.493225	33.261265
1200.033936	481.235352	21.493225	33.261265
1201.961792	477.559937	16.447557	35.521503
1196.078369	476.067535	19.767803	37.206043
1195.568848	478.530640	18.160078	35.050644
1186.884766	477.842621	24.808481	37.086155
1188.982788	478.545105	19.482805	36.690369
1187.327271	478.321259	19.895466	36.156094
1179.932251	477.219269	25.062117	35.758598
1181.340332	477.374084	20.025473	36.031914
1182.848633	475.631073	18.555756	36.602493
1177.846680	478.388824	20.902824	35.038414
1179.820435	480.841461	18.170410	33.902348
1179.202515	481.250641	19.266739	32.298889
1170.304565	483.616699	23.608175	32.431095
1174.971680	451.828064	21.215208	40.620026
1167.057861	480.195007	23.552193	34.876846
1164.773071	482.619476	23.097937	32.872471
1166.865967	480.173218	18.414021	33.993378
1169.927979	477.678070	14.638287	35.140793
1168.013794	478.086243	13.159726	29.503206
1161.508667	481.383942	13.034210	31.441778
1153.710938	482.730316	21.084389	32.467060
1154.811157	481.606110	19.461983	32.912518
1154.447510	486.322388	18.086102	28.340904
1155.774658	476.957062	16.582426	35.445972
1149.857422	477.439209	20.180286	37.085434
1149.322266	478.039398	18.806753	37.327805
1150.664917	481.451263	15.498940	33.671032
1145.380371	481.908539	18.738960	31.802263
1144.127319	479.271515	19.135786	31.103121
1139.275024	479.073364	22.546913	34.233795
1140.949219	479.255615	17.785072	36.801098
1135.019287	485.656036	21.319181	32.781784
1134.914429	484.318787	20.771658	34.092499
1135.015381	481.279510	20.469091	37.240139
1129.612427	482.646576	24.694939	37.217121
1131.254517	483.653412	20.132103	37.295403
1132.398438	483.904114	18.916006	38.782673
1125.974609	486.676575	23.243584	37.295280
1129.269287	487.027496	18.810980	37.718746
1125.400757	487.263641	21.290703	36.588089
1120.469604	487.184174	25.125118	38.104675
1122.501709	487.976196	20.533829	39.368595
1119.198608	488.429688	21.671474	39.086514
1116.631958	490.438446	22.477251	38.017529
1117.553467	489.038208	19.737715	38.589012
1110.695923	488.833588	25.968109	39.066719
1108.632935	489.846252	23.936941	39.219318
1110.891724	489.771240	18.195463	40.181515
1101.898193	493.028503	22.635212	37.132233
1100.603638	492.960846	20.039488	37.836861
1097.104004	490.661255	20.721399	38.916809
1086.416016	491.218018	27.008976	38.534481
1087.877197	491.014404	20.613646	39.827583
1084.653076	491.610535	20.483793	39.017914
1078.838501	493.510193	22.458883	37.377384
1078.183594	492.001678	19.410313	38.631203
1071.014648	491.773895	24.994593	38.126038
1067.837769	491.558716	24.059166	38.615063
1068.998047	492.464203	19.269865	38.943333
1062.234375	494.809174	22.347183	38.232632
1060.862671	495.517700	20.308428	39.208714
1059.390381	494.503998	19.706566	39.021675
1050.812744	493.639221	25.397888	38.512104
1050.545044	494.566040	22.006187	39.781010
1050.589600	493.327026	19.032372	41.363880
1041.978027	497.432159	22.894218	38.109055
1043.005859	497.274414	19.038231	39.215702
1038.655518	493.757935	20.673588	39.210068
1031.350098	495.315399	24.629871	39.527782
1032.684937	494.206665	18.748552	41.404537
1027.479492	495.836395	20.901142	39.136543
1023.573547	497.416199	22.562878	37.276733
1023.790039	495.376404	18.707319	38.703999
1015.692749	494.524689	24.733927	38.396030
1014.396240	494.729126	23.153126	38.878410
1016.308167	494.540100	17.051878	38.146004
1005.706665	493.357971	23.836601	36.682148
1006.576416	476.667664	19.417967	36.330513
1003.472900	453.501495	18.696020	36.333580
997.273987	435.028046	23.000559	35.449688
996.921692	415.878143	18.132380	34.313210
994.637573	400.241760	18.323339	38.997044
994.617676	405.582062	16.097839	30.872808
989.973572	402.759064	16.463930	34.709740
984.561523	400.825714	19.878553	36.196030
984.734253	404.776245	17.862719	35.183567
981.022278	415.368256	14.640939	27.754961
972.025391	420.016754	19.304050	23.153908
964.385071	473.736481	14.695133	27.340689
971.054077	422.437622	11.578521	20.829918
972.050598	420.108032	13.056520	21.963326
971.104248	407.056396	13.304345	29.641214
964.307678	413.862610	13.745613	28.248951
981.081116	454.452698	15.159462	33.006905
958.107300	413.270142	16.157784	28.923468
955.842590	412.479004	18.368265	34.722389
956.759216	420.049683	21.023533	29.895132
969.537659	417.534088	17.655001	36.800480
971.014526	421.530426	18.030390	36.866234
964.375000	422.482208	22.062527	36.987606
967.095642	425.829956	19.072268	35.345428
961.919556	433.445831	21.474636	30.292994
960.824341	428.566254	19.427670	33.004128
964.685181	429.607178	17.072792	33.687946
959.334961	428.939819	19.604355	35.465405
956.484070	431.673676	20.046968	37.594845
956.702209	429.772766	19.399096	40.812080
949.543701	433.511566	25.266106	39.104393
951.828613	435.601135	19.219566	39.191891
953.464233	435.357849	17.376392	39.073811
943.793640	440.643402	23.001293	40.947781
946.390076	443.812561	18.120874	39.530811
940.743958	445.434082	22.326859	39.949505
935.760925	448.230316	25.103079	39.914444
938.193848	449.791168	18.771626	41.728439
932.012878	454.304962	22.764065	41.356487
928.321716	457.627258	24.411413	40.428085
929.403687	458.959808	20.263113	39.338051
885.797424	504.613281	27.341696	40.721432
921.783875	463.108948	22.449303	38.421658
923.360840	461.447388	19.105326	40.758869
926.838684	510.173035	26.336901	40.303082
938.120728	508.857880	23.237713	43.012852
947.561096	509.422363	26.371984	41.372681
956.364685	511.053009	30.268303	40.303871
975.712158	511.482086	23.900923	41.621532
983.367920	513.337585	31.249073	42.162155
997.855652	513.253296	24.327385	42.984173
974.579224	451.518494	21.896391	37.291290
980.820801	450.115326	24.414555	38.102161
994.720154	447.660095	19.253159	38.400547
1002.088623	447.409851	21.484377	37.480656
1007.512329	439.104309	24.082645	41.246490
1019.019897	429.348785	18.849854	41.140854
1023.089539	414.435944	23.606096	39.011105
1028.613281	398.338501	26.794994	38.041878
1042.000977	384.887787	23.192757	38.311131
1052.383057	386.340149	21.982344	36.939865
1056.724243	385.335327	25.880783	39.769005
1068.817017	384.340057	21.019020	40.848022
1074.985107	384.649017	23.343269	39.817974
1079.880493	387.087799	26.572102	38.172737
1089.429565	387.463287	28.029329	38.573368
1102.516846	389.407440	23.904791	39.080227
1107.929932	391.291412	26.886724	38.410717
1115.334717	391.893829	26.888517	40.740482
1127.090210	392.726685	22.567619	40.075821
1131.788086	396.760071	25.820871	37.868607
1139.084229	398.666595	29.112883	38.804607
1151.600830	403.025299	25.807549	37.700939
1158.859985	406.411987	26.949209	38.231037
1164.659912	408.080505	28.993195	40.417301
1177.924561	409.458984	24.109789	40.640472
1182.266479	369.884613	27.727045	39.205524
1187.990601	321.793518	33.462715	37.893208
1201.370972	271.570404	33.750038	38.719532
1213.278198	266.535645	29.573135	38.476044
1217.523438	267.295135	35.253540	40.377110
1228.421265	268.533447	33.483990	40.979000
1238.403809	268.611267	32.983498	40.685211
1242.646484	270.954987	33.878250	39.325855
1251.782593	275.196899	30.999231	37.411373
1251.782593	275.196899	30.999231	37.411373
1251.782593	275.196899	30.999231	37.411373
1251.782593	275.196899	30.999231	37.411373
1251.782593	275.196899	30.999231	37.411373
1251.782593	275.196899	30.999231	37.411373
1251.782593	275.196899	30.999231	37.411373
1251.782593	275.196899	30.999231	37.411373
1251.782593	275.196899	30.999231	37.411373
1251.782593	275.196899	30.999231	37.411373
1080.044067	268.056824	26.146116	32.487629
1103.169434	278.061829	30.020245	31.818317
1123.005859	286.668762	32.252323	33.035980
1144.964111	292.293304	27.489216	33.141464
1158.027832	297.270233	27.717152	34.488224
1167.294800	302.680359	31.502382	33.656952
1178.370605	308.068237	33.505547	34.284981
1196.039185	312.186829	27.201134	34.617485
1206.137207	315.608521	26.503717	33.769047
1217.174927	315.178345	25.643703	32.952911
1227.392822	306.100098	25.168461	33.574112
1238.003662	307.925018	24.918344	34.542107
1241.985596	309.492645	27.381218	34.132980
1245.801392	310.886597	29.563808	34.781750
1250.510132	313.714020	28.363941	32.831711
1256.906982	314.771393	24.406115	31.440157
1259.871460	315.426727	22.533123	31.514530
1266.377930	322.359192	15.836673	29.958921
1266.377930	322.359192	15.836673	29.958921
1266.377930	322.359192	15.836673	29.958921
1150.684937	386.499908	14.747904	21.841913
1131.478638	398.279785	14.747222	29.439074
1098.328735	431.605072	21.688896	29.481735
1061.480103	415.502136	28.007082	38.687378
1071.115967	415.518921	24.479830	36.182835
1071.533691	414.257721	29.125999	36.720825
1075.609741	412.405151	31.678711	32.898270
1077.750488	409.141541	36.153790	34.088001
1110.853638	447.255737	29.363668	31.361536
1123.459595	442.108612	22.355850	32.418850
1155.157959	411.797363	30.572495	32.795631
1121.924805	455.391815	29.196846	44.952934
1123.484741	451.451385	29.972239	46.415359
1135.223145	448.768524	34.258430	66.389488
1144.810547	399.312988	30.100473	60.771954
1142.076660	436.686768	33.284756	68.197823
1161.003784	405.975311	36.076424	59.709366
1177.826538	411.672363	38.122780	43.332108
1204.501587	422.783173	33.584373	38.160767
1222.917114	434.258514	41.826134	38.957767
1243.314453	443.057037	36.847267	38.896107
1238.951904	497.632202	27.178644	33.919041
1202.096069	535.891663	35.108223	30.440506
1258.869995	506.754150	22.000793	31.195320
1265.139404	510.823059	14.622684	33.878441
1222.435669	543.440857	17.424738	29.468260
1228.934082	546.784241	21.154541	29.830086
1228.223633	550.478149	25.976496	28.194647
1238.756348	554.638733	29.045580	27.375502
1235.695068	557.135864	27.466425	26.221991
1247.871460	558.698608	22.792355	31.209270
1243.663940	561.392578	26.251633	30.292751
1255.785278	565.350830	25.632658	27.010525
1255.363647	562.114929	26.666660	29.026712
1255.852783	559.357788	24.434721	27.925758
1259.519409	555.223145	20.058817	26.846697
1262.058960	551.498840	17.905935	29.681938
1254.629150	551.899170	23.590015	27.893488
1259.129395	550.687317	21.189196	28.340912
1264.828735	559.762390	15.626936	23.874804
1264.828735	559.762390	15.626936	23.874804
1264.828735	559.762390	15.626936	23.874804
1162.397827	507.769531	12.736132	29.374620
1160.605835	504.661591	18.990734	33.693321
1163.329834	502.982697	25.368870	36.686726
1178.315186	501.477173	22.661325	36.027363
1178.604004	496.294495	29.528460	37.908337
1182.619507	494.167389	33.764153	40.738071
1193.109253	493.227478	27.704165	40.524178
1159.618896	454.049591	23.563799	38.257465
1197.761230	492.104675	30.567379	38.093822
1161.601440	452.843262	34.445232	39.046700
1064.070435	451.038147	34.663277	37.751102
1062.882446	454.010315	39.163559	37.019211
1084.458618	454.752747	29.517214	36.603161
1085.475098	454.811462	35.432930	38.576569
1087.427246	461.661926	36.245159	34.858841
1091.045410	466.156372	35.683815	33.909382
1105.916626	465.014343	27.820444	36.861137
1110.374634	467.216949	30.595217	39.949986
1115.077026	469.906799	28.986526	35.287415
1132.883057	472.681458	23.816650	34.460163
1151.964844	470.870972	21.775940	32.797806
1158.177490	469.500549	21.839930	33.809578
1162.576172	467.005127	19.839041	33.550285
1174.452637	469.172852	23.312210	36.002010
1179.275757	469.105499	23.549555	37.439785
1178.809814	473.094208	30.236864	34.932335
1191.075806	477.869080	29.987688	35.632896
1214.722778	484.191193	23.303518	34.236107
1228.940186	492.845337	26.136148	34.723293
1253.373169	500.624664	25.232141	39.450237
1252.814819	513.658569	29.516190	35.436386
1252.814819	513.658569	29.516190	35.436386
1252.814819	513.658569	29.516190	35.436386
1252.814819	513.658569	29.516190	35.436386
1252.814819	513.658569	29.516190	35.436386
1252.814819	513.658569	29.516190	35.436386
1252.814819	513.658569	29.516190	35.436386
1252.814819	513.658569	29.516190	35.436386
1252.814819	513.658569	29.516190	35.436386
1252.814819	513.658569	29.516190	35.436386
1142.476685	541.906982	23.692381	34.642048
1142.476685	541.906982	23.692381	34.642048
1161.392578	561.600159	23.460392	30.522640
1167.461426	573.065308	20.803436	31.380173
1181.828979	581.083191	22.679117	29.305843
1190.054321	589.012817	22.950075	30.139612
1190.054321	589.012817	22.950075	30.139612
1190.054321	589.012817	22.950075	30.139612
1190.054321	589.012817	22.950075	30.139612
1211.071533	623.045776	21.094868	30.523684
1211.071533	623.045776	21.094868	30.523684
1222.594971	632.922607	23.455873	31.440369
1225.779419	638.448486	24.824688	30.602505
1221.584595	643.782104	25.565491	31.217548
1221.584595	643.782104	25.565491	31.217548
1227.771484	651.315369	23.891895	30.666965
1232.458618	653.173462	20.506355	26.027174
1231.929077	654.493286	24.172632	30.193726
1232.015259	654.991211	24.592131	31.821829
1231.084106	655.732971	24.308525	31.426018
1231.359741	655.057312	23.696615	32.093056
1233.919312	654.567566	20.794165	29.795790
1233.770020	652.507812	20.399860	30.475321
1235.453979	652.582336	21.670135	28.897955
1234.794312	651.493835	22.128012	31.283689
1233.532837	648.184021	22.239832	33.814281
1116.256104	596.499084	21.419256	24.955664
1121.799561	621.038818	17.619612	36.422813
1109.376465	616.624390	27.202810	39.807995
1130.678101	623.055176	26.755299	41.109196
1136.856323	629.103333	31.597939	37.374336
1144.160156	624.370117	37.022125	44.158958
1164.528198	620.705750	34.510548	49.160233
1172.541870	617.309143	38.438446	51.485722
1173.495361	626.029846	43.456661	51.550011
1192.116455	634.342468	39.501274	46.325485
1198.307617	640.490234	39.215275	47.476429
1044.951416	577.511536	30.191196	37.849911
1053.651123	584.867859	23.524521	35.117428
1062.171997	575.370850	24.260056	41.586487
1073.742310	586.465088	23.477087	38.645588
1084.533447	588.910156	20.396997	35.297421
1092.411743	587.570862	20.482786	34.460636
1097.473877	596.069092	27.483252	32.672218
1108.428589	598.972229	31.134521	31.584455
1114.341675	599.318359	37.305084	32.673595
1129.355835	603.382019	33.045238	31.043074
1135.218872	605.750000	35.943851	30.337227
1143.103149	684.130981	25.302385	32.806656
1163.040649	610.213928	28.457235	31.698774
1180.303467	615.335693	29.222450	33.205940
1181.858032	622.433960	28.998598	27.976521
1201.286743	621.421570	37.903759	30.702995
1097.129639	572.306641	28.797430	31.750626
1108.938477	576.486206	34.747585	28.301643
1123.998169	578.189331	33.274010	32.966640
1140.557251	581.266052	28.485970	32.695206
1153.778198	582.911011	35.324726	30.480110
1172.085693	589.226807	32.530033	27.077791
1182.110962	587.260925	39.056179	31.628914
1205.532104	589.199707	34.628635	42.078617
