529.000000	442.000000	243.000000	137.000000
535.437195	454.048370	233.805344	117.670082
526.988586	441.829620	230.540756	124.217842
522.162048	445.571777	227.810303	118.978798
513.056152	447.022766	230.452255	113.090950
497.479584	448.001221	239.764481	105.107574
498.685852	450.641174	243.621307	101.284538
466.452332	447.074982	260.756073	100.321693
474.654785	453.880676	266.964966	92.599495
441.904755	450.114929	286.157654	92.380745
418.201111	444.707458	263.693634	85.067001
405.859161	441.691498	259.770203	91.553581
416.378906	447.550964	249.761002	87.417023
414.255981	446.893738	251.869278	79.318573
409.628784	442.988342	251.870712	82.903374
398.611359	436.424622	249.674866	94.135231
395.526733	438.997192	250.195831	88.613312
514.508667	511.278473	243.647644	120.170097
534.372864	460.938354	232.684616	169.035645
554.850525	448.166809	211.109100	196.493805
571.708862	463.319397	192.799606	171.783173
588.412598	477.814301	174.324692	218.121140
595.590637	477.525879	177.119629	220.023544
597.979004	453.280457	180.786926	223.565323
598.993225	449.802307	179.972076	233.568756
607.236755	463.973907	184.678619	248.793045
607.978943	467.258789	189.991608	248.439178
618.700806	473.626770	181.513321	236.222061
627.177795	473.076843	180.753159	243.101776
628.445862	460.483673	185.222031	252.222366
634.788452	500.017639	184.340881	218.070679
641.203857	474.505493	188.761902	237.354965
327.041809	382.674164	293.265411	162.310440
576.808167	484.326202	326.326080	162.393600
609.451904	483.324799	300.130737	173.315628
653.330688	481.353851	243.744904	206.361145
672.565247	470.205048	192.598740	245.196732
691.170532	493.143677	173.324860	226.602570
691.014832	467.320251	184.730560	240.063980
308.635925	366.866272	264.866211	157.973801
681.545044	483.419861	222.234573	162.468903
714.636963	503.138367	179.231949	173.055023
723.994812	493.244537	165.251099	193.303909
742.058228	478.653076	158.539780	241.173981
286.050690	449.251740	296.410645	205.417679
302.507202	400.733917	303.036255	136.960281
294.542725	448.462402	301.197021	90.964531
292.672180	455.532379	274.048126	73.826744
289.260620	457.261383	278.450714	73.306808
296.083099	457.986328	275.886597	73.534271
295.872131	459.690338	275.563782	73.055946
297.530945	457.995850	271.205719	77.592766
293.277893	459.567841	269.101074	78.278160
286.880859	459.969818	265.833221	75.809250
290.857361	458.543610	261.772491	74.869423
290.500305	459.082977	259.970520	75.555130
286.272980	456.949371	256.760010	77.187195
283.318726	457.946869	256.006683	78.908508
282.590576	459.088989	255.158951	80.266045
279.940979	463.943970	264.663696	80.446045
281.440369	461.186462	269.751099	82.472542
283.080780	461.756073	273.036438	74.774727
280.018738	464.367859	263.027252	75.573357
279.749939	465.928558	261.681549	77.175606
282.205902	464.426758	259.047607	78.511200
278.355072	471.019745	265.038147	69.996048
285.430664	471.732666	256.315063	71.898415
282.371948	471.370728	262.597076	72.095428
279.077759	475.076385	269.169952	67.613815
280.526123	474.371521	266.161163	72.693268
282.613281	474.903748	262.384399	74.178848
281.935425	475.015381	259.376984	75.807518
275.908142	475.777985	267.263367	78.352867
276.754028	476.533142	260.644196	77.221558
282.247131	476.081177	255.491257	81.623665
279.465332	477.058838	258.303925	83.698875
283.312866	476.916748	258.838684	83.112053
284.948639	477.806000	258.437683	85.479454
291.123291	478.526276	258.056000	85.844566
293.827576	482.335388	257.066925	77.306740
302.333130	478.533691	255.904572	81.388199
306.204224	483.257874	250.723007	81.632957
306.763580	482.187439	256.156128	79.697517
300.472046	482.451172	254.169495	77.757179
306.473053	482.676422	257.070129	79.582970
304.635559	484.260010	259.563629	77.962173
304.490234	485.817169	266.313660	76.307579
299.354401	485.614777	270.350952	76.345993
309.779236	485.274261	279.491974	78.273842
302.266724	485.008087	287.050323	78.987961
301.295471	481.433197	308.601257	83.999832
296.963409	481.695251	310.034912	89.520721
294.215820	481.848602	320.509735	80.266159
291.174103	482.886139	337.947876	76.362968
298.865540	478.809052	295.741486	82.115166
304.985718	477.221375	264.313812	85.463959
7.685989	611.414307	264.428131	75.821991
308.033386	473.579163	264.279755	73.752289
312.119141	473.598358	270.360779	76.321098
322.435577	466.281525	269.647583	78.435242
304.661804	465.416565	268.369965	78.159637
306.373596	463.561584	268.505463	78.819695
308.587280	463.140930	265.983673	78.548561
303.622253	460.612915	267.175629	79.790558
314.923859	461.831848	261.240662	77.947624
313.985840	457.888428	262.959717	77.156372
318.596619	456.027008	263.037384	74.090530
313.305084	454.398682	264.766846	71.126106
312.955475	451.326294	261.255798	69.833992
311.488647	448.049896	261.194244	69.473129
325.521667	448.862213	258.964844	68.917931
318.996582	443.020142	265.241119	73.514740
314.206421	439.245514	268.278992	71.799637
318.298309	437.679138	274.490356	71.731598
323.772491	436.487152	299.773865	71.648918
325.431976	432.327545	305.699280	77.023117
315.153076	428.654510	299.523468	78.731430
332.112915	428.003967	291.162292	73.145485
324.565369	426.676270	289.858582	71.171761
329.995789	424.301300	289.011536	72.522141
331.140015	424.009521	282.695892	70.437965
329.532959	423.388275	276.963715	73.077354
332.644592	422.954193	267.871704	71.078224
331.194275	422.187805	267.168854	73.899391
331.131561	422.624084	262.772400	73.138351
335.511292	420.965790	263.128418	75.637253
329.736023	422.120178	260.302277	76.167358
328.320862	420.050323	255.746140	80.691360
340.586609	418.943390	250.738968	75.430954
339.418945	419.379517	248.544876	78.019157
341.382538	422.143982	249.051575	76.006805
341.796600	420.251587	245.962570	77.819168
341.505554	421.801331	250.108017	77.421997
348.202332	421.998138	250.256134	78.640465
351.847229	421.947327	247.832077	79.348228
349.652618	422.417908	250.060440	82.626099
349.423828	424.118469	253.095093	81.289017
352.506653	425.306335	255.971710	81.313133
341.961121	426.371887	249.722824	79.405792
351.237854	430.262756	256.639404	75.824471
353.852875	429.896667	250.532394	78.414299
356.248169	432.089783	247.488220	76.075142
353.646240	435.095856	255.119141	76.953957
356.445831	438.101166	254.472580	74.235558
362.007538	441.139496	253.991653	75.175209
358.350739	445.106415	259.807983	72.233902
362.193665	446.510742	250.418640	72.280365
365.375061	447.658356	254.121765	74.416916
367.175018	451.014862	250.839600	74.002579
374.186340	451.953613	256.276398	72.844971
368.070374	456.080231	250.264328	72.587685
369.609192	457.044098	255.800629	77.530922
369.884979	461.144958	252.964661	74.358734
367.865723	462.620972	258.497375	74.857162
371.937744	465.326172	256.792511	76.807617
375.039856	468.992920	257.078949	73.365585
376.439331	472.292877	250.429626	71.258713
382.167816	475.185516	257.699768	67.609581
389.271057	479.203125	254.645004	66.502541
387.843689	478.236694	258.632050	68.791367
385.996399	481.323700	262.090302	66.055092
384.992432	481.224304	263.473175	66.892464
385.186554	482.455414	263.713440	68.143257
382.248047	484.270294	268.044891	67.414482
381.343811	484.773010	267.732819	65.241356
391.624756	483.296539	268.169769	69.865440
391.406494	484.283142	273.008759	66.026016
392.796814	483.227448	270.109100	68.364449
393.562500	484.726471	279.721558	66.455040
392.997375	482.938965	286.908325	67.760025
395.132660	484.092224	295.123840	66.005745
399.231445	482.697968	310.011719	67.062943
400.099609	480.809937	275.450226	65.478516
385.030212	481.756836	280.558319	61.446301
401.763245	476.500244	258.589722	65.873238
407.592072	478.231628	250.609436	61.596195
409.287323	473.457062	250.333176	68.761284
403.504089	471.695129	259.169159	68.281059
412.234589	467.343567	250.623093	73.504250
411.776154	466.887604	253.995193	70.364441
416.461243	462.870728	256.743927	72.688583
413.476868	461.980255	263.812500	70.043884
412.011108	462.024902	262.227173	66.465851
406.725128	456.022278	301.888000	74.558365
394.032532	455.386627	258.318756	70.929146
409.895264	451.454651	290.231476	71.731354
405.300629	448.297729	263.992981	69.477966
411.440857	446.850555	300.792938	72.469643
408.233398	444.965118	300.736053	69.540726
417.823975	442.286133	298.678131	69.331726
411.220032	441.444702	287.603119	68.952133
409.463074	435.915405	291.654083	71.908882
419.602112	433.764252	284.997162	72.889793
408.646545	433.218811	280.054352	69.277809
414.032898	433.594971	276.679779	68.429886
413.146973	432.049988	264.381470	67.781235
409.946350	430.198059	263.461517	68.751465
408.945007	431.131042	261.802368	67.976219
418.134369	431.348083	260.285706	68.366737
412.631531	425.744873	258.572510	73.484955
420.118011	425.144836	251.395828	70.911873
406.065674	429.472443	256.216675	69.508896
415.970795	427.263855	252.604416	71.409309
418.537628	432.636932	250.607239	65.971153
420.049347	431.619263	251.616394	66.840271
413.592194	433.702087	254.523865	66.011978
420.612671	436.702911	251.163345	65.049484
418.746277	438.728180	251.461197	66.176460
416.494537	434.408173	251.797806	68.540916
423.251160	438.335632	251.088882	67.750404
420.484863	441.074738	260.961182	66.918068
420.809265	443.305511	257.089996	65.134506
428.372375	442.590118	256.092255	67.678810
430.550049	442.330048	257.849976	71.598732
435.555847	447.125946	253.817642	68.791451
424.397827	446.251068	256.762543	70.448891
431.958710	449.018982	255.770432	70.510239
438.710327	450.748474	256.663788	67.082405
437.252441	453.023438	259.995575	70.899567
439.187744	453.705353	258.449951	72.462608
440.047302	456.385193	261.415436	73.254387
444.088470	462.332367	261.990173	69.218445
447.194153	463.612610	258.289429	68.898666
454.111298	464.616028	249.268875	68.035645
455.274719	469.753693	253.739746	67.383919
456.563934	472.072876	254.968811	65.026527
457.254852	474.623932	268.308899	67.380661
462.813538	476.436279	259.046478	64.941025
464.055115	478.120300	263.433136	68.482529
464.595093	481.327728	261.481079	66.877502
464.655029	483.447144	258.992889	64.768951
469.562561	484.511841	257.327301	64.274651
476.025208	485.237305	249.603622	67.637718
470.016113	488.289673	255.759369	69.058586
475.309631	486.248169	259.791962	69.501236
481.715393	485.749329	251.712997	71.794327
477.035675	485.303162	254.498123	72.808868
480.112122	483.580719	248.787735	78.817299
481.650269	485.650146	258.002289	75.553818
491.267181	486.367798	252.741531	74.039688
486.990234	488.552032	251.406158	69.525826
493.122620	488.118622	251.876450	70.867516
485.711670	488.729919	253.021011	65.746857
496.584351	487.605194	258.079742	66.187820
495.700623	486.319702	260.621368	68.207367
495.545959	485.968872	263.189850	69.489281
506.125549	485.497742	268.398407	69.856926
511.250458	485.692078	268.542297	65.820908
522.748291	484.651184	271.694641	63.294292
509.894379	482.615570	267.195496	61.918770
502.250763	479.438843	301.744934	64.815170
514.946411	474.247681	270.386292	71.792343
526.694092	474.421753	269.914276	68.031738
517.270874	470.001587	276.227325	72.549217
522.687195	466.995239	289.949951	70.227295
532.512817	464.020386	289.695007	69.931541
524.057129	462.440155	301.883972	70.709068
541.105652	459.249969	294.593964	66.468140
540.032166	454.959473	297.103760	69.618286
543.745483	455.695465	319.101776	67.551308
535.381226	453.978638	332.476929	65.445778
534.999939	448.310455	338.485992	70.593140
535.799744	446.084900	314.418182	64.008621
535.847717	441.442566	301.035431	65.597717
556.381165	439.542633	287.074951	64.876465
565.609375	435.495880	286.585327	65.326607
574.277771	431.227966	276.777679	67.034416
572.724365	428.579468	297.462646	67.767220
582.744751	424.184814	284.574432	71.425026
592.347290	421.020569	277.212555	70.351784
585.451538	418.457520	278.685150	69.983490
600.580200	416.621674	274.375916	70.325584
607.462280	410.579559	278.163208	72.987831
601.375061	408.929138	298.760834	73.172424
602.882812	407.697662	297.982239	74.079765
600.726868	403.467255	268.271484	76.107048
604.408752	398.454987	289.778534	79.299583
618.878540	395.612213	281.569855	77.901070
622.130676	397.559265	290.807373	73.983658
626.717834	396.020355	291.330414	76.567955
630.981873	386.813751	286.752930	83.181252
635.214417	380.827209	283.730591	87.520660
639.571960	382.679688	276.870697	85.176872
642.267700	378.137421	273.641388	87.527534
643.131592	373.580872	276.454163	91.613152
647.987061	377.508545	270.097809	85.679840
645.668457	374.582001	268.269104	88.387733
659.082458	369.324219	269.998199	93.402512
652.537964	370.630920	268.950500	90.540222
655.993591	377.074371	265.148071	82.247581
650.336365	367.104523	270.863403	90.815598
651.425415	369.176239	268.493500	89.077110
642.357849	372.140472	272.221436	84.585876
658.225037	368.609283	268.711029	86.433853
639.942261	368.664490	285.758270	87.478996
646.734192	365.403290	272.542267	88.391182
648.205444	367.656433	275.691315	85.353302
656.896545	366.408966	267.475800	86.343582
658.519165	368.273682	267.049652	84.245857
653.369629	371.731964	267.580414	80.865334
655.040161	372.984924	268.460846	78.090240
654.051514	369.331757	267.385803	80.982246
655.271545	373.250153	267.812134	77.644119
650.743896	370.782318	268.721405	79.745430
659.116760	372.648682	261.731293	77.752106
656.570435	375.633240	258.192352	72.927353
657.876892	375.227783	255.609940	74.293854
661.239624	373.677216	254.758240	75.282875
657.462402	374.215942	259.654663	76.455505
657.148376	372.863434	260.380707	75.736557
651.116516	371.815216	264.825439	79.077827
654.168274	374.625854	254.817520	74.728020
653.311157	373.793823	248.675278	75.024406
658.655762	372.696350	260.251343	77.404610
649.999207	375.165405	261.247284	73.850365
650.164185	374.716644	254.401993	74.046700
649.432251	371.983551	252.491486	76.488586
649.598877	374.588928	254.379639	73.785301
647.089050	374.507202	257.537201	73.182877
650.445801	373.940765	252.185364	74.398270
644.126770	373.771881	258.777008	73.753105
640.286255	374.388916	254.538239	74.349289
648.441345	373.691498	255.403183	73.156013
644.368652	371.620575	255.366974	74.398064
649.797668	373.180328	246.076309	74.408607
644.565735	372.842255	248.266159	72.757866
657.064392	371.959198	253.993454	76.327202
635.170044	368.054688	261.400848	80.427864
639.331604	373.870392	258.865601	73.315331
644.776428	372.615601	251.183441	74.063934
644.053650	371.866241	253.762695	74.144638
647.355530	375.404022	248.640717	71.243782
639.296997	375.025177	257.249207	70.788033
657.414551	370.943481	251.729431	76.332909
644.168884	371.963837	257.984772	75.756348
647.545532	374.143372	245.938690	73.224953
645.469849	372.993683	250.532562	73.218124
656.713013	371.731018	248.579147	74.167145
641.250305	373.896057	258.055450	72.135948
645.189026	372.065460	250.868759	72.379066
641.760010	371.857269	254.845963	71.809242
648.661011	368.882111	248.689102	75.682930
648.787537	372.594238	249.414703	72.383484
644.371338	369.732483	253.431137	76.261810
647.676392	367.847412	253.392685	76.683868
648.195557	372.229828	249.048462	71.584908
649.056946	371.409790	251.085587	72.410423
647.988464	371.791260	250.179718	72.750214
656.674133	365.977051	249.351089	80.064980
651.912842	371.532104	252.795441	73.282425
649.172424	372.435181	249.844986	71.209061
650.475769	370.688965	249.547363	73.549446
657.880859	370.709442	250.650864	74.378891
650.571960	371.877197	254.171005	73.530846
655.312195	373.702484	248.906357	68.666687
648.551025	371.076599	251.414612	72.281693
659.099243	372.654846	249.773712	72.643280
645.232483	371.003082	258.061310	73.611427
649.929260	373.170013	249.396606	70.982178
649.469177	373.069244	251.474503	70.985237
649.704346	370.690582	249.076721	73.165085
650.668884	372.863190	245.838516	71.075813
648.540283	372.370697	249.655106	70.701775
655.139343	369.559753	250.807587	74.162025
650.052368	371.214691	253.764297	73.290054
647.206116	373.528992	250.968170	69.453545
647.412048	372.404968	251.103989	70.247742
648.397217	370.224701	252.691391	72.119453
649.541565	371.895966	245.380127	71.868362
649.848083	370.269104	248.891388	71.873566
642.703613	372.225403	252.137177	71.340218
648.827820	369.922546	246.547943	73.874962
651.942322	371.655945	241.543091	70.556084
644.569580	370.632690	250.379181	72.327515
651.381531	370.201141	242.038422	73.008255
647.092651	372.165375	246.180222	69.739151
643.978821	370.996979	255.298691	71.643257
647.556458	369.823792	247.385651	74.082458
647.883057	370.040863	246.495819	71.811523
635.616089	364.492493	259.324066	76.928757
634.793823	365.654907	259.736755	76.903839
634.927002	367.293976	261.320038	75.748573
639.054626	366.646027	253.369400	76.001183
640.484192	370.476440	254.747345	73.364502
644.489014	368.175629	248.365540	77.227280
643.134399	368.555725	255.273453	76.710732
640.703857	365.169342	254.274780	79.584267
637.447083	365.833801	255.397675	75.990387
635.217163	362.956512	260.754456	81.816574
634.732971	367.875946	259.111816	78.904854
633.641541	365.628632	260.717041	79.497139
633.870300	368.273163	259.920074	75.466202
635.721680	370.468292	257.290131	72.361008
642.124817	370.236969	253.060837	73.088753
650.479248	368.035187	245.480118	74.334450
639.334473	369.029694	250.123367	72.881020
642.534607	368.391022	254.630493	75.680313
646.820557	366.980194	257.028320	75.980858
647.242249	366.849823	255.394135	75.982155
651.016418	367.910126	255.475967	76.553917
647.309265	366.311646	253.243988	76.792976
649.540527	367.695343	254.174515	76.856499
663.733337	368.637573	248.041733	74.255241
659.526184	370.664825	248.493912	69.992355
654.347778	367.233368	245.612137	74.307518
658.250427	368.474243	244.725708	73.116493
654.831604	369.872192	246.916855	73.825569
655.078125	372.044952	245.216415	70.822189
657.195251	371.965118	248.881180	71.418495
651.625488	369.746704	251.847046	71.002205
653.174011	369.217743	252.428665	74.407471
654.612488	367.279083	251.851959	75.531570
654.597229	367.209045	251.300507	77.642723
648.892700	367.626099	255.842178	74.979340
655.375122	369.240997	252.336609	73.379982
648.847229	369.074036	254.810501	72.428131
649.264099	371.095520	249.293472	71.217918
647.604858	368.909393	250.939926	72.702164
647.155334	368.635162	254.218170	74.088013
649.620361	368.678101	251.537048	75.084068
651.362610	369.299103	253.411011	75.520386
653.360413	369.882080	248.092316	75.356964
653.159851	367.094666	252.001617	76.700996
653.179199	368.916931	249.493149	75.279587
653.470093	368.543976	245.415482	75.677368
653.661499	370.206573	245.008713	73.419861
654.085266	368.789246	244.590744	74.991089
655.616943	369.792358	256.039215	75.680252
647.356506	365.224182	259.674896	82.296722
649.745117	366.031891	253.678482	79.258484
649.352295	367.776001	255.911575	75.669426
651.414307	367.211182	250.805634	77.054367
654.003418	368.566864	252.130188	74.882393
647.948608	366.907043	255.254120	79.239525
649.788208	368.022125	253.578857	73.871513
650.087280	367.415039	251.845703	76.699928
648.397583	368.719299	248.338562	75.259918
650.050049	366.963898	247.053162	75.625023
648.318298	370.193573	246.358810	70.789589
645.470825	367.129730	252.906403	76.798775
646.051941	368.288391	250.966568	75.708038
646.586121	370.440948	255.427017	71.540947
644.237854	368.074646	248.000763	75.217400
648.855652	367.587097	247.529327	75.572189
646.510315	371.333099	246.690643	72.870476
648.947205	369.672882	242.354462	74.628922
651.642334	372.530670	240.780426	70.854347
648.742859	369.085968	249.827118	74.724419
647.407654	369.752106	245.362701	72.098587
653.675476	370.271240	243.509293	73.729202
644.194336	369.457733	246.543152	73.540833
652.058533	369.888458	244.773193	73.888916
646.714294	373.062805	245.732697	70.117554
649.338562	367.718170	244.769623	75.283005
647.916687	368.275757	253.388031	75.922516
647.143860	369.469299	249.498703	71.175446
644.683289	370.076324	252.626114	72.719315
647.166931	369.243561	250.641190	72.331116
646.131836	372.109619	249.247726	69.379036
649.255066	369.586182	248.744415	72.918442
652.405884	370.950897	246.601868	70.379814
652.838196	368.030182	249.289902	74.805260
654.480591	366.524963	250.842621	76.376434
659.639771	366.561462	253.254181	76.151436
656.577637	369.205872	254.124771	74.253662
651.514221	364.523041	251.734406	76.409958
652.903687	368.764648	256.614777	74.082176
656.955505	365.101166	254.647247	76.623169
653.012512	365.718567	256.975922	77.490295
656.107239	364.639221	247.371353	78.621979
658.197876	372.377808	250.991394	68.486710
654.473328	370.114563	251.637329	70.686096
659.081665	370.789062	247.217072	69.274109
656.577209	366.735443	250.197433	75.369484
657.988464	365.106232	245.138657	74.430099
657.356323	360.992188	250.158859	80.043182
657.250366	364.689270	244.972656	76.105690
661.548828	362.611572	246.937851	78.909821
663.398254	364.553558	246.036972	75.173546
664.631653	368.477539	245.528809	70.056549
672.145935	366.296173	249.393631	71.102516
668.205200	364.166504	251.530014	76.067986
662.413086	365.291168	258.738220	74.924545
667.329407	366.226501	256.930420	74.839645
663.769836	365.145294	255.916245	77.183899
672.885437	363.098846	255.512222	79.605858
674.101807	368.731079	253.250473	73.087349
670.367188	365.769348	252.297256	76.590317
667.400879	365.078796	257.112213	77.431107
674.293152	362.998505	250.842331	79.285133
675.411560	364.354279	249.071609	76.894356
682.887207	365.370392	246.480240	81.914307
671.325012	361.309753	249.765823	82.659767
670.939392	364.206757	249.046219	77.669128
671.766052	361.895569	246.067352	81.580490
670.461060	364.900391	249.030029	75.668625
671.114807	361.516327	249.847275	79.459641
670.283936	363.289856	252.641296	77.444710
671.893433	362.775177	253.761932	76.128189
665.645264	364.060547	257.970734	74.859520
672.503174	367.136475	259.115692	71.756889
668.233765	365.826691	256.718903	71.687943
677.223877	369.199951	252.675430	67.048309
667.647217	364.137329	252.948547	77.383499
668.723328	363.944977	257.459961	75.304878
671.969482	366.944550	253.285843	68.830742
672.351196	370.540039	250.940048	70.359543
667.533691	366.738342	247.325455	68.767570
675.810181	372.940674	238.358154	65.606384
666.353882	370.330292	244.715790	68.100418
659.604065	369.614319	251.594467	67.982109
661.540710	367.545074	247.718704	70.375793
670.727905	370.210510	248.073303	68.966957
669.671021	369.515076	254.760910	71.327957
661.158997	369.833282	251.051315	69.114197
661.887756	363.772552	254.899200	73.490654
661.896545	370.763977	252.080124	68.040756
655.880371	367.314697	248.489441	71.109184
650.042847	368.283752	255.523651	70.315788
645.426147	364.447937	257.037659	73.302582
650.426147	360.126190	252.255676	79.212608
644.106445	360.971558	262.415710	76.350937
642.580139	358.548798	255.930466	81.097481
637.581177	360.063873	260.602203	79.313034
635.484314	358.225677	258.731232	83.384964
637.901001	358.637207	259.675415	80.553986
626.556458	357.901123	259.707306	82.267395
622.494629	360.741394	261.589233	78.229599
626.503540	359.715363	259.290802	76.046074
621.422974	358.539154	259.990601	79.151474
613.606689	360.002441	266.862488	77.494911
616.493164	358.469574	260.017792	80.542732
627.164001	361.601654	256.971771	73.849548
619.975891	360.505127	259.231842	76.412849
622.725403	359.072784	253.133820	77.392586
618.045837	358.169830	249.187592	77.841721
620.684204	359.518341	255.613312	82.374809
626.175415	357.576324	252.208328	80.441818
625.603821	355.505554	245.593170	80.072861
626.170837	355.504761	247.724228	84.042946
630.564453	357.640503	249.170624	78.285538
629.197327	355.971710	249.596832	84.427139
631.555298	357.452454	250.557755	82.309967
645.290283	359.369141	247.640930	84.254738
634.578491	358.110474	248.354126	81.998482
634.222534	356.464081	249.339661	83.762932
644.676208	364.403107	252.019699	76.040108
647.432556	366.708527	240.014984	75.099442
644.683899	364.921051	244.571762	75.986740
644.307556	365.177856	247.642456	76.068573
643.947388	369.313568	247.380920	73.518051
652.520935	368.602417	239.217300	72.834221
640.169556	370.052002	248.074646	73.595497
645.860352	370.012115	240.596649	75.402458
649.825562	368.683777	237.630676	76.050003
634.439209	365.057159	245.652588	82.511917
636.900635	366.358521	250.786285	80.761353
638.689880	365.789551	237.277802	80.725784
635.691833	365.057800	239.912003	81.601593
639.948181	364.514313	237.615265	83.162033
636.299255	360.436462	236.899490	87.570168
634.558838	369.364624	241.623047	76.293266
634.822388	352.172882	237.525955	96.025040
627.301636	347.045105	241.979248	103.379364
624.365784	363.062592	247.402298	89.476151
618.420166	355.544556	254.918442	94.803871
625.566040	364.896027	250.801636	88.421211
624.991821	369.505554	244.346085	81.797218
629.159180	369.715576	246.600739	82.765472
628.630066	363.561615	244.773361	91.238602
626.223816	369.942413	251.881470	84.334801
635.044434	374.434875	242.376770	77.661156
636.419495	375.034088	234.735870	79.707352
635.393616	365.160889	238.291977	90.727631
639.446289	377.421600	240.122864	75.370804
644.729675	364.263794	233.396240	87.189346
641.200500	366.258606	236.288834	91.350723
643.640320	380.508575	243.755600	72.070946
644.899902	384.387665	242.665604	68.529625
639.225525	380.783081	242.249985	73.656555
659.126221	353.819641	231.846344	97.719269
649.664429	374.429565	244.455719	83.971336
648.493164	372.028290	252.108398	85.886513
656.792480	383.195679	248.721390	69.834641
664.941895	386.299896	237.656219	66.804489
659.319214	386.865204	238.544983	69.227608
667.796021	388.170105	238.251450	68.735016
663.541565	387.307007	244.731094	72.161652
669.076599	390.497833	233.785065	66.707748
660.421753	388.409424	251.868103	68.450417
658.480225	391.544678	246.333939	69.362564
656.611511	391.577240	244.855576	67.564842
652.538818	395.419586	248.391418	64.622116
653.452942	391.398682	252.850876	69.509155
654.730225	393.432373	249.469666	66.825897
653.214600	389.318207	256.784271	74.677879
654.068176	394.105133	251.326889	70.267395
651.164978	395.603027	254.148819	67.383804
649.321045	393.922882	259.349030	72.304527
644.528931	403.689667	260.007812	61.834282
637.633301	400.659088	271.529297	67.010727
628.421143	401.985107	270.297028	64.486290
630.183105	401.960297	273.774261	65.647560
631.163818	403.477386	258.978973	62.256310
633.173828	403.509827	255.396454	64.594902
623.648926	401.995270	269.387329	66.880730
630.395874	402.428223	266.598450	66.686134
623.444458	401.944916	259.433746	66.898239
627.069397	401.082397	258.475342	70.567421
630.283752	402.029114	265.028595	67.466766
620.292053	402.906647	258.255768	68.794968
632.862671	404.997742	251.649231	66.278786
625.270508	402.423431	253.202591	68.322037
628.581238	405.619263	259.756927	64.922424
627.748840	403.128632	251.621246	69.052925
623.938416	402.393524	260.055206	72.354851
627.672607	405.565552	254.838531	68.107529
637.113281	404.950928	254.618118	68.338531
646.413391	405.065826	274.092621	73.238998
634.617310	405.576599	256.105042	68.882660
651.148193	406.301361	258.601746	68.710655
646.646118	404.796997	257.279297	74.414520
646.152771	403.827606	246.529800	72.530594
646.966553	404.944458	263.699646	73.392097
636.887634	406.597748	272.708710	73.309486
449.063019	396.028900	343.881531	83.010063
251.348740	569.597046	226.295868	130.288345
299.746948	574.657715	179.167465	115.376022
307.629120	577.110840	185.392776	107.932411
316.585297	576.554321	186.408310	102.745178
311.033813	562.371277	190.916031	119.696640
324.801331	572.317078	183.760742	104.373589
330.982422	563.979370	182.715225	111.971298
341.683167	575.647644	182.932831	94.705086
350.844940	580.669922	178.204147	88.060822
363.744934	585.863403	169.591156	78.718552
374.095795	583.716675	168.355606	77.526695
379.907318	583.009583	171.461304	75.206223
389.187927	584.404419	170.961823	71.540642
395.480713	586.352173	167.933090	69.626793
640.220642	418.652954	165.537384	65.377632
639.961731	417.842560	240.554550	64.562096
635.948059	416.153076	243.087143	71.432182
434.890350	581.771240	191.911697	70.644806
435.199951	580.168091	184.663956	67.421844
460.600800	577.921570	182.495407	68.170250
644.670410	419.569061	238.441696	65.025200
646.502502	419.134338	256.334961	66.344009
476.106140	582.929321	190.160065	65.177238
649.626038	423.350128	253.389053	63.013084
654.809326	420.931427	254.928726	72.401428
519.465332	421.751312	227.472702	100.594437
671.338501	419.450928	261.030487	76.354027
665.192810	420.951538	263.071777	70.673332
673.908447	419.506409	264.735077	81.638779
667.190063	415.867584	260.060455	81.553818
675.871094	422.391846	259.359619	72.747543
669.243896	424.956573	271.677582	73.338989
684.667908	422.296417	264.420685	79.692688
634.490112	423.073486	309.397400	73.960907
612.824829	422.954224	360.345184	80.048698
620.337585	426.645142	374.401459	73.737175
564.172729	422.001587	406.310455	75.887558
588.947266	420.730469	421.781586	90.107780
574.239380	421.451508	439.899200	126.540085
572.696411	397.911469	449.530701	150.991409
576.832458	425.100250	467.097504	122.911339
565.225220	428.518433	467.491211	120.715790
577.040283	403.065033	447.327209	143.737793
560.083130	423.650177	466.807465	126.897842
564.708618	424.654846	442.992767	125.166466
567.781921	426.251251	461.150146	126.151802
574.326538	428.075836	444.011322	119.880226
581.882263	424.849670	449.053192	125.126961
573.807007	425.702820	458.255157	123.571503
574.698669	426.387512	457.129791	121.489723
568.620178	429.669434	462.523834	120.932747
579.354248	425.980194	460.485138	123.265175
576.828247	424.709106	464.723969	124.641090
580.102905	425.117584	452.093536	126.579529
579.120972	424.937744	454.095184	124.200584
590.636658	423.678711	450.661224	123.419563
592.460693	423.068817	434.364471	128.015808
594.782959	421.982269	435.700867	130.363831
586.898804	427.057007	446.445435	125.341980
583.918457	422.131958	474.077271	132.720779
581.203674	425.815582	425.311981	123.326218
590.559326	425.311218	430.180389	125.233330
558.738953	423.231659	376.715942	125.442688
598.384644	422.708954	414.431335	126.600700
586.615479	424.236084	424.086945	124.354752
598.384644	423.967346	412.359436	124.202980
579.841553	389.640625	464.308746	160.258286
573.762207	423.006287	472.174713	128.295746
577.587158	424.130798	474.325012	124.469696
581.192505	402.520874	425.548798	145.990463
579.082336	422.532135	433.666595	127.481056
570.416626	385.956360	440.986328	162.819519
575.122070	401.160217	432.546539	147.993637
555.201050	389.946014	393.515656	159.167953
566.154907	396.968811	454.896881	151.988235
568.705322	403.870453	478.435638	143.187424
578.637756	422.821503	469.445435	122.932564
569.808777	414.346130	463.612457	129.931473
559.742126	390.977722	471.532135	158.326416
549.574829	390.425323	440.875427	160.762695
552.112244	364.007935	445.510040	185.303452
557.022583	427.059845	427.206604	118.355049
551.789185	410.925598	425.624390	137.018402
554.092712	390.170471	425.992432	157.449432
527.395325	387.508789	407.669281	160.769424
535.791077	375.386993	414.005585	172.196167
542.445068	388.605225	431.590637	163.676483
545.486023	382.177124	425.723480	169.957001
541.560913	391.415039	425.311707	157.325287
574.053040	357.918213	395.814941	185.700424
545.752136	396.169037	423.266754	148.763809
550.629517	372.845581	410.821228	172.494080
529.609192	350.983795	445.218781	191.809265
524.598755	351.155426	447.545105	188.236710
653.942200	369.746674	330.601929	173.511292
658.341370	348.509399	312.352814	186.823914
668.696533	346.805817	306.155701	188.601624
662.884277	348.951111	297.558563	173.299088
677.351562	345.051117	289.167633	189.647903
690.295776	349.471802	286.010071	188.413559
670.999146	345.946869	306.110168	186.724747
675.618103	397.785400	303.670532	152.374573
710.440918	419.657745	271.320435	126.208824
717.737061	416.340668	268.033722	128.001755
727.887756	419.123779	266.145905	112.271034
731.603760	421.392090	277.222260	110.280365
733.204529	424.287476	278.567963	97.623726
736.882874	434.775208	257.101959	71.511971
738.855103	431.177734	270.936157	70.886391
743.771851	432.258575	267.176849	70.817093
743.653870	432.650818	274.993042	70.704124
749.585449	432.405762	279.537384	93.000458
738.011719	427.256866	287.297821	113.416550
717.353638	424.350403	301.354279	123.750359
727.523438	418.950043	290.526886	132.379807
748.011230	429.125916	282.783783	120.641937
725.220764	421.437073	289.357635	126.730873
728.183594	425.056854	294.627014	129.423599
721.869873	421.882080	298.577637	135.769272
727.924316	423.828125	286.008362	132.657928
728.000122	422.110413	292.059021	134.907120
724.526672	424.837769	286.859344	132.147003
732.146118	427.231018	277.702728	127.269279
720.392456	426.098419	293.097473	122.620865
723.210571	424.927887	303.781006	126.796089
727.036377	425.286469	300.755585	128.963257
730.596619	423.008575	290.107269	134.453171
726.152100	425.754456	291.468292	132.738068
728.928833	425.949524	276.544556	126.239716
720.513794	426.209137	313.862000	119.610214
735.664673	427.148193	277.936523	127.667473
723.883423	409.029114	312.238953	150.944672
720.348633	425.539032	314.120667	129.603165
733.630493	433.913452	312.160217	125.130600
734.109192	420.161255	311.783081	139.572433
745.529358	431.046478	278.684784	101.416565
737.150879	429.481537	276.185211	123.784355
749.098877	408.200897	305.389648	143.800674
746.322998	433.416260	260.691223	103.449432
749.888977	431.350342	297.578094	124.413788
751.370117	418.770050	291.439392	139.331406
748.610474	417.701416	275.097595	145.086441
745.181580	414.852142	280.818024	143.496170
754.264282	413.804932	290.974548	148.351410
740.607605	423.483887	315.721100	139.282867
755.987305	429.263672	307.827850	131.398407
754.328003	420.588745	307.289978	137.169769
751.794922	395.169312	328.933655	170.723846
759.543213	424.490753	288.032532	120.504196
766.683472	396.336273	299.774536	127.484886
765.611145	435.308228	301.995453	110.475555
762.077515	441.553894	265.704590	74.118828
755.326416	444.093628	264.781311	68.777519
752.723999	441.892273	267.589050	68.097786
755.076111	443.012787	262.026367	68.331841
749.953735	444.306610	261.922913	65.521439
745.382629	446.524200	267.925629	66.522270
744.985229	448.722992	264.692169	63.221619
746.340759	448.780121	256.530151	62.745605
743.585266	449.228638	262.285492	64.611420
726.888306	448.547668	268.927002	66.507057
721.341919	448.182892	264.179626	66.038567
698.694519	449.760345	289.906128	70.740120
728.189087	449.476135	265.146484	72.271400
705.249207	444.953979	278.789703	71.417145
703.017334	448.424683	276.155273	73.171173
707.139099	450.215881	274.877594	74.008148
704.156616	450.119354	273.977600	71.794945
719.100220	450.035339	268.612213	66.367836
693.095947	450.553375	273.741119	71.356255
708.418091	450.761108	274.390778	67.567986
708.244751	450.789948	264.189514	69.356438
709.812134	453.531097	254.618149	67.503357
712.137573	453.638855	249.494980	65.314850
705.999084	452.758881	260.185913	65.146896
704.491211	452.949646	250.364914	65.509018
700.261963	454.335663	254.548889	64.242920
710.005676	452.308502	249.431061	70.741402
698.317200	454.751099	254.704437	69.143852
692.859985	455.127014	250.345734	68.592377
698.512878	457.562134	251.395172	65.495430
696.567078	452.961395	257.635620	72.086891
688.027100	454.197083	260.029144	72.077934
690.794800	456.642883	255.011154	66.426300
686.939819	455.191772	257.522003	69.636604
679.687378	452.423279	254.396866	67.932404
688.698303	457.001038	255.195160	61.836445
686.181030	457.411774	256.931335	61.976891
683.025208	457.818726	261.451752	61.722511
678.418518	458.543976	260.887421	59.786873
686.831848	456.101257	258.307159	65.144890
683.459961	457.418335	255.935593	60.996208
686.255737	458.666016	251.418640	59.841892
687.989258	461.843475	248.651855	55.710022
696.405701	460.467346	253.621811	55.201946
684.346375	459.258301	245.616348	57.077656
687.676514	459.276672	243.366318	58.712273
684.300842	462.416199	249.036285	57.382465
684.535889	460.815491	244.806885	59.827995
689.884399	460.114685	241.186829	59.876934
683.761719	459.310547	247.528549	61.000237
685.749512	459.866638	255.579895	64.722549
683.235291	463.488586	246.363281	59.215614
680.753967	462.744141	250.336548	60.695477
678.195923	463.120270	250.651962	60.190475
669.994690	466.094421	255.304230	58.039909
674.248352	464.811279	254.266190	61.227509
675.319946	465.682129	247.457214	63.673813
673.626831	465.767975	247.255280	62.497852
666.206909	467.580109	258.027222	61.741756
662.918091	467.836761	253.622070	61.549679
661.690491	467.129089	248.665527	60.610466
662.647339	468.086884	245.497986	63.040352
656.705383	470.727173	246.403961	60.184933
647.559448	469.967377	251.797424	60.216267
645.070007	468.421295	248.914764	65.826988
642.018311	472.972504	251.809753	57.875309
641.743103	472.443939	250.663666	58.480526
640.016602	471.611572	254.708679	59.513779
632.655884	473.394653	250.223526	60.527264
624.742920	473.887817	249.543747	57.222733
624.791870	474.007843	245.782089	58.596775
619.563477	473.212036	245.243210	62.041840
615.515442	474.174438	236.776077	60.561275
611.117432	475.234863	244.684753	59.901649
603.706970	475.258636	246.724457	61.169914
602.208496	474.790527	250.398132	60.076912
599.491638	476.867706	245.831161	58.911705
590.210815	475.581482	244.785629	59.550529
588.809753	475.215485	247.631073	59.867596
579.402222	476.017609	249.770966	62.276794
577.518555	477.241272	245.614395	62.374516
583.417969	478.560181	247.457581	59.521011
582.923035	476.300720	251.435074	63.995716
580.512451	477.545837	240.790421	65.363503
574.033997	479.376099	243.887909	63.843044
564.878601	481.778107	246.838364	61.273846
561.641418	481.340973	248.271439	61.950623
548.342834	480.312683	250.098312	65.751701
553.556824	482.387573	245.924835	64.766937
547.935059	484.253876	249.312561	62.484043
545.850159	487.106934	246.550659	60.092525
533.961975	486.370056	251.399734	60.348267
531.432373	485.461945	254.513733	64.604057
527.557251	486.240845	258.387207	66.935287
524.993103	486.501831	259.016022	64.785034
523.572876	488.560181	259.361298	65.267311
524.038635	488.023529	257.842560	65.262993
517.906738	488.274506	272.440491	67.153481
524.853943	486.817169	254.508148	66.088921
519.352478	488.371765	263.057037	66.958969
521.115051	487.684082	249.520065	68.644272
512.130493	489.603516	259.367371	70.725121
514.922485	491.043030	261.089020	66.886459
503.027344	490.039307	267.168304	69.253273
493.665771	489.828613	269.421661	69.737534
500.556335	493.823273	282.657104	66.295128
499.624359	490.786926	289.041199	70.551636
486.436279	489.351257	322.910797	67.821182
483.042603	490.083008	306.985199	68.834686
472.217773	486.638794	293.197296	73.358665
474.389313	489.678802	239.326477	69.902664
465.351898	488.814850	244.163895	69.986496
462.151184	487.927673	239.826904	70.404671
459.791077	489.705170	242.372284	68.832115
452.229980	489.363312	254.756989	67.857368
437.577118	490.970245	266.980042	69.127892
439.870911	490.679626	257.673798	69.411362
427.960083	492.673096	266.539154	68.963234
413.444214	493.988617	286.220856	68.382378
417.606201	489.991821	303.383026	71.906960
418.393799	488.038635	289.169556	73.269531
422.169556	486.416626	267.192871	74.617813
420.101624	488.055206	258.984497	72.195602
415.875122	488.178223	263.905884	72.489868
411.650330	490.548401	261.049438	69.221298
415.720428	489.037048	250.764725	72.228386
