0.098033
0.062810
0.064390
0.061936
0.069328
0.063968
0.062910
0.062134
0.066145
0.065591
0.064640
0.065052
0.065219
0.063075
0.063943
0.062823
0.062250
0.062300
0.064496
0.064868
0.073210
0.070401
0.070196
0.064117
0.065608
0.062437
0.070739
0.069148
0.064590
0.064517
0.064371
0.069300
0.062762
0.064302
0.064018
0.064398
0.062091
0.064409
0.065329
0.062018
0.075203
0.063869
0.064430
0.063775
0.063943
0.064048
0.062294
0.063828
0.064009
0.041366
0.063563
0.065581
0.062100
0.063891
0.064088
0.061717
0.042949
0.061559
0.063417
0.043106
0.075350
0.064336
0.064026
0.064201
0.061977
0.065095
0.064154
0.062050
0.064631
0.064246
0.064008
0.063940
0.064322
0.062131
0.062445
0.064513
0.064556
0.064279
0.063866
0.063426
0.075924
0.065236
0.064221
0.062539
0.064597
0.062537
0.064237
0.064390
0.062859
0.062958
0.063478
0.060824
0.064219
0.063475
0.063914
0.063446
0.062955
0.063194
0.063295
0.061027
0.072840
0.062483
0.060371
0.062564
0.062276
0.062149
0.061999
0.063089
0.062559
0.060230
0.062182
0.062314
0.060094
0.060372
0.063427
0.060322
0.061971
0.062072
0.060434
0.062895
0.075074
0.062733
0.061348
0.062310
0.060844
0.063448
0.063474
0.061640
0.063148
0.062775
0.060375
0.062169
0.062014
0.064220
0.062672
0.062217
0.060803
0.062066
0.062358
0.060018
0.075552
0.062471
0.060304
0.062158
0.062131
0.062649
0.062604
0.061783
0.062424
0.062607
0.062552
0.062379
0.062769
0.062975
0.060371
0.062351
0.062169
0.062459
0.063111
0.062511
0.072582
0.060969
0.062207
0.060402
0.060297
0.062692
0.060907
0.063005
0.062504
0.062302
0.060158
0.062008
0.062430
0.062787
0.062904
0.060448
0.060012
0.060025
0.060244
0.062313
0.074307
0.062176
0.063104
0.063087
0.062869
0.062660
0.062930
0.062395
0.061232
0.062568
0.062297
0.062332
0.062173
0.063229
0.062810
0.062864
0.062718
0.060994
0.063164
0.063434
0.072116
0.063035
0.063598
0.062565
0.062242
0.062054
0.063751
0.062577
0.060203
0.062317
0.062502
0.060647
0.061667
0.061154
0.063099
0.061241
0.063129
0.062759
0.062489
0.063663
0.071621
0.062347
0.061928
0.062439
0.062302
0.063100
0.063900
0.063460
0.060774
0.064497
0.063543
0.065235
0.062123
0.063803
0.063504
0.063201
0.060715
0.062380
0.062645
0.063363
0.074074
0.060595
0.064119
0.063083
0.062585
0.063253
0.063105
0.062909
0.062752
0.063122
0.060983
0.063130
0.061619
0.062751
0.060545
0.062840
0.064792
0.062951
0.063136
0.062781
0.074410
0.063230
0.061574
0.063472
0.063550
0.062207
0.063605
0.061358
0.061425
0.063722
0.062258
0.062030
0.063582
0.063384
0.061087
0.062795
0.062872
0.062877
0.063476
0.062791
0.072006
0.062913
0.063083
0.064126
0.063815
0.062855
0.063005
0.061200
0.060919
0.062754
0.062897
0.063596
0.061132
0.062863
0.063121
0.063766
0.063585
0.064653
0.061041
0.062540
0.074069
0.061419
0.063300
0.062787
0.064441
0.063365
0.060990
0.061212
0.063925
0.063763
0.063079
0.061823
0.063418
0.063151
0.064370
0.063275
0.063591
0.063968
0.063146
0.063699
0.074793
0.063875
0.063815
0.064198
0.065329
0.060787
0.062754
0.063080
0.061377
0.063171
0.063930
0.063324
0.063514
0.064726
0.064311
0.066573
0.064291
0.063360
0.063438
0.065409
0.076380
0.066496
0.063831
0.064151
0.064023
0.066252
0.062684
0.064640
0.066642
0.064856
0.066466
0.065948
0.065960
0.064596
0.065555
0.063789
0.061795
0.063255
0.087237
0.082952
0.076975
0.067575
0.111890
0.154054
0.193182
0.065231
0.068859
0.068070
0.067635
0.067713
0.064856
0.064662
0.064494
0.065111
0.063846
0.066290
0.064128
0.064404
0.063485
0.062734
0.074478
0.063164
0.064216
0.062713
0.062285
0.060381
0.062149
0.062562
0.063948
0.063010
0.063164
0.060919
0.062465
0.063617
0.060702
0.062730
0.062237
0.062724
0.062658
0.062553
0.074586
0.063704
0.062728
0.060592
0.062373
0.062052
0.062735
0.062441
0.062404
0.042048
0.062348
0.062548
0.060574
0.064299
0.062990
0.060767
0.060425
0.062778
0.060608
0.062708
0.074801
0.060563
0.063047
0.064296
0.061454
0.066581
0.066603
0.064685
0.061465
0.063131
0.061189
0.063827
0.065784
0.063435
0.063237
0.063193
0.061522
0.063059
0.063396
0.063237
0.072758
0.061241
0.062887
0.061922
0.063125
0.063241
0.061090
0.060704
0.060931
0.062745
0.062756
0.042082
0.042007
0.042630
0.040259
0.064009
0.062860
0.060720
0.042159
0.045174
0.046109
0.042986
0.041926
0.019716
0.041575
0.042011
0.041438
0.041986
0.041432
0.039656
0.041789
0.042333
0.019621
0.039467
0.043025
0.042171
0.040197
0.041979
0.039950
0.040345
0.047720
0.042080
0.041893
0.041714
0.040789
0.042138
0.042125
0.041786
0.042192
0.043404
0.040553
0.040366
0.040759
0.042053
0.042254
0.040501
0.042157
0.040816
0.042603
0.040893
0.048015
0.040442
0.040346
0.040661
0.041991
0.040352
0.042713
0.040281
0.041949
0.042439
0.040806
0.042723
0.042047
0.042190
0.041946
0.041945
0.041896
0.040221
0.042207
0.042105
0.047806
0.042175
0.042405
0.040141
