0.094527
0.062577
0.060175
0.061803
0.063214
0.062269
0.062033
0.060584
0.060865
0.064376
0.063187
0.063377
0.062559
0.062199
0.059999
0.062054
0.062059
0.062841
0.062967
0.062519
0.071041
0.062428
0.062088
0.061608
0.063274
0.062784
0.062719
0.060808
0.062616
0.062732
0.063857
0.060967
0.060909
0.060665
0.062493
0.062364
0.064606
0.064406
0.062544
0.060196
0.072031
0.064067
0.063265
0.064356
0.063258
0.061304
0.061097
0.063027
0.061468
0.063272
0.064049
0.060769
0.062875
0.061055
0.063213
0.063210
0.063760
0.062993
0.062823
0.062810
0.074246
0.062773
0.040144
0.043544
0.041694
0.042587
0.040590
0.042518
0.042618
0.040621
0.042408
0.042121
0.044300
0.042341
0.040472
0.040557
0.042187
0.040507
0.040543
0.042268
0.047994
0.040777
0.043939
0.040670
0.042564
0.042383
0.040695
0.042378
0.042299
0.042424
0.041793
0.043199
0.043217
0.041286
0.043024
0.041193
0.041047
0.041250
0.041342
0.041555
0.048861
0.043323
0.041159
0.063853
0.043683
0.064710
0.044406
0.043965
0.062490
0.064592
0.041477
0.041231
0.043140
0.041282
0.041592
0.043780
0.043218
0.043442
0.043791
0.041517
0.047220
0.041561
0.041403
0.043698
0.043695
0.043390
0.043134
0.043303
0.043852
0.042999
0.043203
0.043214
0.044502
0.041384
0.043139
0.042009
0.042153
0.063307
0.065117
0.065068
0.074790
0.064425
0.064300
0.064313
0.062652
0.065033
0.062997
0.064726
0.041793
0.044140
0.043005
0.043631
0.020203
0.020387
0.022050
0.022094
0.065449
0.064824
0.065386
0.065427
0.076639
0.062559
0.065271
0.067648
0.067583
0.066145
0.068346
0.068082
0.065292
0.064367
0.067887
0.067441
0.067461
0.067538
0.068996
0.067489
0.067355
0.067259
0.068476
0.062181
0.076138
0.067266
0.064279
0.067445
0.067575
0.063080
0.064709
0.068018
0.064713
0.064665
0.062797
0.069341
0.064629
0.063968
0.062080
0.066008
0.062533
0.060448
0.062886
0.062756
0.071748
0.061888
0.060805
0.065996
0.066721
0.066180
0.066308
0.062646
0.062874
0.060691
0.061008
0.061267
0.063781
0.063534
0.062932
0.063174
0.060659
0.063060
0.067389
0.065078
0.072105
0.063140
0.062454
0.062442
0.062778
0.063217
0.062500
0.065729
0.060488
0.062673
0.060351
0.060602
0.063108
0.062680
0.062972
0.062876
0.063068
0.063055
0.067587
0.062417
0.073934
0.064722
0.064543
0.064737
0.064670
0.063990
0.062739
0.064606
0.063961
0.065060
0.065091
0.065820
0.062896
0.064904
0.064536
0.062221
0.064424
0.064678
0.065948
0.062437
0.073689
0.062750
0.063578
0.063977
0.062950
0.062429
0.064202
0.063790
0.063823
0.061748
0.065500
0.064337
0.064847
0.063897
0.063658
0.063710
0.063606
0.062115
0.061669
0.063667
0.075212
0.061875
0.061870
0.062695
0.062322
0.063769
0.062377
0.062599
0.062389
0.061508
0.064139
0.061364
0.063270
0.061286
0.061296
0.062902
0.064284
0.062886
0.063252
0.063585
0.072052
0.062750
0.062701
0.063236
0.061063
0.061301
0.061359
0.063275
0.061182
0.062639
0.063132
0.061037
0.062258
0.063263
0.063025
0.061152
0.063806
0.061045
0.061369
0.061038
0.074637
0.061250
0.063713
0.063320
0.061154
0.063300
0.064467
0.061378
0.063262
0.062206
0.061190
0.063272
0.063115
0.063208
0.063237
0.061263
0.060870
0.062661
0.062718
0.062930
0.075348
0.060888
0.061541
0.060925
0.063342
0.063251
0.063267
0.063076
0.061354
0.061354
0.061043
0.061259
0.062863
0.064267
0.062876
0.062280
0.063041
0.060980
0.062964
0.062798
0.072472
0.061434
0.063939
0.063536
0.061709
0.063618
0.061815
0.062521
0.065556
0.062570
0.064490
0.064196
0.062195
0.064240
0.064291
0.062665
0.063955
0.061968
0.063728
0.063769
0.074564
0.064922
0.062119
0.064167
0.061697
0.065092
0.064401
0.064576
0.062618
0.064579
0.062500
0.063820
0.064263
0.064809
0.065613
0.062460
0.064399
0.064212
0.064085
0.062261
0.073691
0.059346
0.062207
0.063444
0.063241
0.063670
0.063269
0.064736
0.063686
0.061146
0.063024
0.063171
0.061143
0.063177
0.063815
0.063186
0.061094
0.062132
0.061704
0.061805
0.077079
0.064418
0.063818
0.063482
0.063425
0.063190
0.061379
0.063824
0.063315
0.063129
0.062790
0.062857
0.062816
0.064240
0.063074
0.063727
0.063420
0.063288
0.061123
0.062629
0.074012
0.062070
0.062060
0.064063
0.063818
0.063942
0.064745
0.064340
0.064962
0.062143
0.062074
0.062074
0.064168
0.065070
0.064525
0.062174
0.063578
0.063977
0.063784
0.065024
0.075499
0.063755
0.062544
0.064528
0.064738
0.065269
0.062877
0.064600
0.062638
0.062561
0.064468
0.062574
0.065295
0.064523
0.064914
0.065300
0.064565
0.062903
0.064867
0.064641
0.075949
0.064265
0.064261
0.063666
0.063697
0.062883
0.062096
0.063980
0.065217
0.062027
0.063837
0.062553
0.063683
0.064975
0.064899
0.064842
0.062367
0.062076
0.065574
0.062753
0.075791
0.066759
0.063317
0.065200
0.065774
0.065400
0.065099
0.063086
0.063906
0.064142
0.062062
0.062160
0.063210
0.062943
0.063087
0.064883
0.063293
0.061924
0.062702
0.062611
0.073827
0.064283
0.064339
0.064380
0.063057
0.065351
0.063755
0.063881
0.063831
0.062059
0.065658
0.064232
0.062562
0.063820
0.064002
0.062403
0.064168
0.062770
0.064146
0.062545
0.076153
0.064896
0.065553
0.063334
0.064634
0.064106
0.064245
0.062444
0.062431
0.064565
0.064605
0.064287
0.064460
0.062231
0.063222
0.063203
0.062134
0.061833
0.063561
0.063391
0.074685
0.063395
0.063329
0.063564
0.061103
0.063127
0.063022
0.061213
0.061222
0.063197
0.060911
0.062809
0.060634
0.060566
0.062563
0.062698
0.062201
0.062764
0.062565
0.060762
0.074042
0.060783
0.062304
0.061613
0.060690
0.061125
0.063052
0.061150
0.061346
0.064367
0.063226
0.063187
0.063180
0.062617
0.060708
0.062769
0.061806
0.061093
0.062596
0.060996
0.072444
0.063200
0.064556
0.061301
0.061446
0.061336
0.063281
0.063197
0.063060
0.064365
0.063631
0.063273
0.062318
0.063060
0.063452
0.063864
0.063448
0.061262
0.063003
0.060906
0.071823
0.062467
0.063963
0.063146
0.063718
0.060531
0.062520
0.062481
0.062649
0.062705
0.061117
0.062926
0.060681
0.060521
0.063596
0.064296
0.060916
0.063213
0.063387
0.060669
0.071984
0.062247
0.062957
0.062529
0.062404
0.062114
0.062386
0.060944
0.062984
0.061113
0.062718
0.064926
0.061266
0.063587
0.063397
0.063783
0.040144
0.041690
0.062122
0.062077
0.072929
0.062499
0.063610
0.061159
0.061015
0.061030
0.061634
0.060940
0.062444
0.064919
0.062806
0.060954
0.060537
0.062514
0.062576
0.062654
0.062711
0.062582
0.041975
0.063226
0.075589
0.063008
0.061518
0.063040
0.062904
0.062694
0.060621
0.062460
0.062148
0.061743
0.060751
0.062878
0.060782
0.062503
0.061514
0.063110
0.060916
0.062749
0.062537
0.062133
0.073711
0.062862
0.064076
0.062835
0.060899
0.062802
0.062251
0.064617
0.062558
0.061641
0.060732
0.060579
0.062846
0.062698
0.060797
0.063578
0.062570
0.061547
0.060921
0.062776
0.074181
0.061894
0.063748
0.060783
0.063071
0.062975
0.062797
0.060501
0.064479
0.061167
0.060661
0.062567
0.062346
0.062463
0.060889
0.064010
0.063219
0.063165
0.063297
0.062983
0.074409
0.063266
0.063054
0.062728
0.062770
0.061331
0.062703
0.062795
0.064603
0.063145
0.061025
0.062953
0.060982
0.063505
0.060858
0.063358
0.062927
0.063034
0.060680
0.062730
0.071983
0.063503
0.064253
0.062889
0.060742
0.060727
0.062534
0.062615
0.063742
0.060843
0.063189
0.063899
0.063831
0.063390
0.063503
0.061666
0.062623
0.063245
0.063007
0.062958
0.074362
0.064255
0.063190
0.063257
0.063097
0.062999
0.061126
0.063446
0.062983
0.064738
0.063324
0.061035
0.060673
0.062793
0.063708
0.060490
0.062897
0.060455
0.061172
0.063245
0.074734
0.061620
0.063084
0.064227
0.063251
0.060708
0.062915
0.063268
0.063121
0.062848
0.062862
0.065769
0.062707
0.062856
0.063935
0.062752
0.061026
0.061768
0.062959
0.061278
0.075022
0.063724
0.061020
0.063069
0.062963
0.062966
0.060945
0.061530
0.062812
0.063007
0.063293
0.061341
0.060972
0.060922
0.063353
0.063496
0.060893
0.060971
0.062797
0.063056
0.074708
0.062945
0.062816
0.063291
0.064044
0.062918
0.062778
0.063891
0.062740
0.062643
0.062709
0.062622
0.060830
0.062675
0.060944
0.062851
0.062782
0.060833
0.062011
0.062800
0.072603
0.062733
0.062707
0.062653
0.062837
0.063719
0.063119
0.063081
0.062895
0.060798
0.061213
0.063386
0.063056
0.062786
0.062855
0.062876
0.060749
0.062884
0.062792
0.062785
0.072840
0.062645
0.062486
0.063079
0.062583
0.062220
0.063713
0.063072
0.060972
0.063039
0.063298
0.061466
0.063153
0.064415
0.063119
0.063132
0.063310
0.063056
0.062697
0.065464
0.072641
0.063225
0.063423
0.061365
0.061384
0.063196
0.063955
0.063369
0.063462
0.061189
0.061025
0.062932
0.065077
0.061906
0.063277
0.063110
0.063073
0.060807
0.063262
0.064133
0.072664
0.061340
0.063760
0.061655
0.063558
0.061756
0.065202
0.063284
0.063211
0.063115
0.063554
0.063614
0.061789
0.061597
0.063564
0.061423
0.063395
0.063478
0.064211
0.065092
0.074189
0.063588
0.063571
0.063313
0.062080
0.064471
0.062040
0.064113
0.064451
0.063087
0.064063
0.063679
0.064948
0.063472
