0.100459
0.064740
0.066316
0.065959
0.065628
0.066634
0.066750
0.064723
0.064575
0.065579
0.064981
0.066601
0.064456
0.064826
0.064616
0.064490
0.065105
0.066427
0.066650
0.066910
0.072761
0.064442
0.064641
0.066266
0.068688
0.066522
0.065870
0.064000
0.066096
0.063604
0.065700
0.063617
0.065603
0.066319
0.063231
0.063694
0.063988
0.061802
0.061554
0.062621
0.075005
0.065361
0.063720
0.065800
0.063704
0.065067
0.064951
0.065452
0.065017
0.063366
0.066251
0.065629
0.068268
0.067883
0.068441
0.068147
0.066169
0.068928
0.069317
0.063143
0.076294
0.062721
0.066010
0.066511
0.065273
0.067256
0.063030
0.065105
0.062882
0.066064
0.066530
0.062903
0.064782
0.063866
0.062514
0.066014
0.062716
0.064601
0.064549
0.065059
0.073369
0.065293
0.065054
0.063852
0.066007
0.067704
0.065719
0.068342
0.065095
0.066183
0.067802
0.067839
0.065306
0.064310
0.067200
0.065075
0.062586
0.064441
0.062869
0.062576
0.074008
0.062542
0.062440
0.064900
0.062596
0.064347
0.064863
0.065466
0.062572
0.064747
0.062983
0.063615
0.062599
0.063796
0.063794
0.043148
0.064336
0.064505
0.062372
0.062326
0.078376
0.063100
0.063391
0.064750
0.064657
0.062753
0.062478
0.064565
0.065078
0.065199
0.063297
0.063106
0.065711
0.063989
0.065720
0.065236
0.065267
0.062929
0.062620
0.063274
0.072278
0.065092
0.065140
0.063224
0.065215
0.067802
0.068967
0.068510
0.068781
0.063164
0.063493
0.066660
0.061641
0.065471
0.065336
0.065298
0.065555
0.066377
0.064009
0.063832
0.077647
0.065469
0.063180
0.066418
0.063750
0.065590
0.063597
0.065800
0.065662
0.067274
0.065614
0.063638
0.065284
0.065978
0.065373
0.063252
0.063163
0.064971
0.064777
0.063133
0.074371
0.065573
0.065539
0.065234
0.063209
0.064865
0.063163
0.065414
0.063105
0.062385
0.065581
0.065396
0.066109
0.066174
0.064580
0.066460
0.064999
0.066042
0.064807
0.065854
0.074707
0.065361
0.065547
0.063160
0.066370
0.063550
0.064764
0.063699
0.065536
0.063356
0.068060
0.065601
0.064418
0.065288
0.063531
0.064883
0.066244
0.063515
0.066119
0.065731
0.076946
0.064957
0.063979
0.065238
0.063242
0.064987
0.062132
0.063665
0.062767
0.062098
0.064345
0.064812
0.064134
0.063855
0.062801
0.062115
0.063966
0.063984
0.062012
0.063756
0.073814
0.061930
0.061885
0.063069
0.064330
0.061900
0.064592
0.063916
0.061586
0.062168
0.062263
0.061870
0.064178
0.062627
0.064214
0.064713
0.063392
0.064887
0.065299
0.065717
0.074926
0.063829
0.063618
0.065718
0.067291
0.063567
0.063869
0.065993
0.064674
0.065781
0.066257
0.063695
0.065680
0.063680
0.065597
0.063458
0.064283
0.065755
0.064787
0.066339
0.076909
0.066253
0.066022
0.063988
0.063523
0.066243
0.065900
0.064028
0.065848
0.065767
0.065386
0.065442
0.064412
0.068244
0.066238
0.066115
0.065877
0.066192
0.065771
0.065547
0.077009
0.065483
0.065202
0.065329
0.066057
0.066868
0.063615
0.063729
0.064717
0.065756
0.065623
0.066350
0.065621
0.065794
0.063564
0.065614
0.063784
0.065037
0.066160
0.066868
0.076970
0.065377
0.063658
0.063297
0.065300
0.065425
0.065118
0.065517
0.066342
0.066734
0.066351
0.064236
0.064029
0.066671
0.067704
0.064174
0.066092
0.065745
0.063344
0.065451
0.079237
0.064523
0.065765
0.063648
0.063331
0.063664
0.064876
0.063679
0.066002
0.063916
0.063940
0.065817
0.064788
0.065414
0.065937
0.063520
0.063417
0.068370
0.065814
0.063232
0.074933
0.063631
0.063361
0.063942
0.066487
0.065861
0.065913
0.063637
0.063544
0.065617
0.066370
0.063365
0.065160
0.063136
0.062834
0.065257
0.065434
0.063267
0.065238
0.065782
0.075227
0.066972
0.063732
0.065623
0.065284
0.065069
0.063588
0.066236
0.065598
0.065515
0.064512
0.064062
0.065517
0.064101
0.063823
0.066260
0.065757
0.063599
0.063544
0.066391
0.076901
0.064714
0.066383
0.063637
0.063657
0.066518
0.066704
0.065673
0.066316
0.065838
0.063382
0.065977
0.065551
0.065663
0.065946
0.063470
0.066021
0.065780
0.065989
0.063933
0.077096
0.066914
0.067414
0.063745
0.065861
0.065614
0.064438
0.064556
0.064509
0.065207
0.062991
0.063411
0.065709
0.066405
0.066834
0.065853
0.063958
0.063637
0.065952
0.066862
0.076382
0.063781
0.063690
0.066056
0.065351
0.062440
0.064954
0.064419
0.064517
0.062377
0.062244
0.063654
0.063201
0.064184
0.064424
0.064195
0.062241
0.064366
0.065434
0.064281
0.076404
0.063692
0.064735
0.064343
0.062686
0.063985
0.063757
0.062136
0.062414
0.064354
0.065845
0.062505
0.064595
0.062527
0.062549
0.064109
0.065575
0.064538
0.063721
0.064332
0.073479
0.062512
0.063842
0.064087
0.062335
0.062182
0.064731
0.062657
0.062915
0.061905
0.061795
0.063790
0.064167
0.062131
0.062722
0.062107
0.064123
0.062200
0.062047
0.062219
0.074435
0.065384
0.062283
0.064224
0.062081
0.063302
0.062565
0.064337
0.062059
0.062306
0.062243
0.062513
0.062952
0.062404
0.065038
0.064226
0.063679
0.061938
0.064039
0.064130
0.076217
0.065220
0.065006
0.064822
0.065126
0.062592
0.063386
0.064567
0.064729
0.065542
0.062554
0.062489
0.064547
0.064852
0.064673
0.064304
0.064395
0.062291
0.065708
0.062339
0.073642
0.064625
0.062604
0.063939
0.064077
0.061765
0.061570
0.061397
0.062423
0.063268
0.063303
0.062514
0.063567
0.063675
0.063579
0.063422
0.062902
0.064255
0.064110
0.064841
0.074949
0.062641
0.063680
0.064735
0.061276
0.063625
0.063570
0.061333
0.063153
0.063070
0.061181
0.063293
0.061047
0.062641
0.041901
0.040342
0.042562
0.061270
0.063540
0.061065
0.048311
0.042722
0.042691
0.040755
0.042432
0.040751
0.042101
0.043021
0.042929
0.042890
0.042842
0.042869
0.041386
0.063730
0.042549
0.040450
0.042330
0.042130
0.042135
0.042197
0.019869
0.019714
0.021365
0.020402
0.020457
0.042078
0.039976
0.041854
0.040361
0.040199
0.042483
0.043599
0.043156
0.062790
0.061185
0.063971
0.061423
0.062924
0.042474
0.043085
0.046273
0.040427
0.042459
0.040616
0.042434
0.042329
0.043879
0.043945
0.040627
0.040577
0.042353
0.040801
0.042819
0.042645
0.042810
0.043159
0.040894
0.042755
0.040826
0.040815
0.046381
0.040751
0.042630
0.044802
0.042835
0.042616
0.042422
0.042449
0.042461
0.040555
0.040646
0.041148
0.040753
0.040582
0.040568
0.042367
0.042583
0.042562
0.040571
0.043370
0.047829
0.043017
0.041328
0.062030
0.061688
0.063503
0.068605
0.065191
0.068242
0.061995
0.064994
0.069686
0.067407
0.066761
0.065647
0.065555
0.067572
0.067093
0.065624
0.067455
0.072860
0.067786
0.067346
0.067165
0.068379
0.066472
0.067651
0.068512
0.068407
0.068360
0.066000
0.068958
0.067372
0.070761
0.067518
0.064540
0.067513
0.063661
0.065705
0.067727
0.076014
0.068565
0.067479
0.065356
0.067107
0.064115
0.065429
0.064965
0.064166
0.065469
0.064143
0.064193
0.062380
0.063053
0.064127
0.064256
0.063942
0.062029
0.064249
0.064706
0.075366
0.063752
0.065253
0.061956
0.061816
0.065112
0.063116
0.064133
0.065382
0.064879
0.061728
0.066986
0.067872
0.067849
0.063573
0.064972
0.065374
0.073539
0.063133
0.063360
0.073618
0.063242
0.065429
0.065414
0.063110
0.064974
0.063190
0.064985
0.063124
0.063559
0.063546
0.063755
0.065721
0.066493
0.062260
0.065713
0.062535
0.064599
0.062485
0.065581
0.076027
0.063670
0.064961
0.065411
0.062963
0.065129
0.063707
0.063533
0.063633
0.065624
0.063647
0.067648
0.064654
0.065763
0.065897
0.063776
0.063334
0.065349
0.065567
0.063194
0.074592
0.065114
0.062902
0.063304
0.064176
0.063095
0.063039
0.065185
0.062822
0.063125
0.065590
0.065008
0.064815
0.064922
0.063087
0.062941
0.068342
0.064865
0.065060
0.065078
0.076182
0.062962
0.063601
0.062951
0.065647
0.065409
0.062880
0.062717
0.064795
0.062959
0.062232
0.064852
0.064330
0.065109
0.063653
0.063026
0.062760
0.064860
0.063268
0.065067
0.074690
0.063634
0.063212
0.065635
0.063175
0.065085
0.065612
0.064557
0.062655
0.064930
0.062795
0.064659
0.066315
0.063694
0.062585
0.062061
0.064255
0.062909
0.062662
0.064175
0.074798
0.063504
0.062910
0.063775
0.063420
0.060858
0.062225
0.059695
0.062860
0.061664
0.063910
0.063752
0.060578
0.061562
0.061476
0.043601
0.062284
0.066992
0.066583
0.064749
0.066726
0.063298
0.068249
0.063345
0.061445
0.061386
0.061503
0.063208
0.064290
0.061532
0.063959
0.062661
0.066816
0.063456
0.062215
0.064209
0.061919
0.060071
0.063817
0.065679
0.068566
0.061510
0.067174
0.064322
0.061992
0.061861
0.064337
0.063799
0.061624
0.064242
0.061842
0.061766
0.064795
0.063992
0.061944
0.062170
0.064767
0.063974
0.062266
0.064275
0.073955
0.062623
0.062525
0.064454
0.064278
0.064838
0.065878
0.062351
0.065098
0.061510
0.043474
0.041045
0.041035
0.042696
0.040941
0.042648
0.042522
0.042560
0.043171
0.043386
0.048577
0.040807
0.040932
0.040855
0.065144
0.063918
0.065438
0.061949
0.064863
0.064178
0.064059
0.061635
0.064296
0.063922
0.064025
0.061876
0.063600
0.062511
0.064572
0.061739
0.072977
0.064010
0.061668
0.063871
0.061534
0.063376
0.061302
0.067395
0.064357
0.066147
0.064635
0.064904
0.065042
0.045020
0.041715
0.043640
0.041579
0.041475
0.043545
0.043596
0.049306
0.041344
0.041471
0.043284
0.045470
0.040788
0.042859
0.040710
0.040332
0.063030
0.063245
0.061399
0.063378
0.061291
0.063100
0.062984
0.062662
0.063158
0.042393
0.043097
0.048592
0.042893
0.042933
0.042320
0.042778
0.040976
0.040843
0.040808
0.040765
0.042605
0.042502
0.040476
0.040765
0.042474
0.041446
0.043607
0.040345
0.042319
0.042549
0.040396
0.045691
0.045708
0.043033
0.040521
0.045684
0.044304
0.043840
0.040702
0.042548
0.043206
0.041189
0.041274
0.046657
0.045815
0.040769
0.040647
0.045702
0.042671
0.041060
0.040703
0.046431
0.040914
0.040695
0.040559
0.040796
0.040700
0.041336
0.040896
0.042997
0.040947
0.042623
0.042462
0.040972
0.042421
0.042220
0.064403
0.064434
0.063699
0.042869
0.061955
0.077119
0.063249
0.061186
0.061633
0.063558
0.061661
0.059823
0.063247
0.060355
0.061412
0.062751
0.062982
0.061389
0.060960
0.063133
0.064371
0.062845
0.062546
0.060609
0.062636
0.072182
0.066181
0.061462
0.065970
0.063117
0.061212
0.060936
0.063047
0.064655
0.067311
0.067402
0.062662
0.061939
0.061637
0.067052
0.064657
0.064535
0.062397
0.064448
0.063064
0.072702
0.064871
0.063000
0.065068
0.068386
0.065393
0.065627
0.068484
0.065084
0.064881
0.066453
0.065411
0.066652
0.063131
0.063123
0.064890
0.065457
0.066124
0.065179
0.065526
0.076486
0.062930
0.063136
0.064585
0.062525
0.064046
0.064016
0.061831
0.063529
0.062781
0.061735
0.061758
0.063884
0.061951
0.064094
0.062446
0.061390
0.063165
0.061373
0.062856
0.072244
0.062894
0.062761
0.061007
0.061022
0.061013
0.061145
0.067544
0.066183
0.063219
0.063658
0.062944
0.063040
0.064253
0.061680
0.061672
0.063580
0.061585
0.063433
0.045543
0.040726
0.045649
0.039500
0.043000
0.042527
0.042223
0.040656
0.041167
0.042670
0.041596
0.042700
0.043818
0.061656
0.064286
0.062008
0.064653
0.062105
0.063914
0.063356
0.062439
0.075119
0.060977
0.060788
0.061923
0.062760
0.063277
0.064278
0.063514
0.060755
0.062691
0.061102
0.061506
0.061433
0.061999
0.063533
0.061415
0.063128
0.063132
0.063168
0.061701
0.074600
0.061009
0.063346
0.064631
0.062721
0.061283
0.060866
0.062839
0.063198
0.063850
0.063485
0.061729
0.040495
0.042219
0.019482
0.019406
0.020928
0.019107
0.021164
0.022889
0.019565
0.020652
0.019467
0.020803
0.021156
0.020901
0.019220
0.021100
0.019378
0.020952
0.020719
0.019250
0.021033
0.019175
0.019920
0.021101
0.019322
0.020822
0.019202
0.021213
0.020936
0.019183
0.019258
0.020897
0.021650
0.022472
0.020639
0.019397
0.021003
0.020967
0.020962
0.020961
0.021184
0.019452
0.019289
0.020925
0.019220
0.020988
0.021258
0.019430
0.021078
0.019297
0.019282
0.019135
0.019614
0.020976
0.020823
0.020850
0.019282
0.020762
0.022176
0.021705
0.019297
0.019242
0.020858
0.019172
0.020866
0.020886
0.020767
0.019157
0.020831
0.019279
0.019232
0.020626
0.020943
0.020875
0.019224
0.020838
0.021186
0.019305
0.020890
0.019271
0.020952
0.019127
0.019216
0.019175
0.020787
0.021662
0.019485
0.021023
0.019308
0.020936
0.019389
0.019327
0.020937
0.019142
0.019252
0.019139
0.020959
0.019216
0.021036
0.019155
0.020972
0.019339
0.021090
0.020813
0.019241
0.019271
0.019339
0.020872
0.019521
0.019783
0.020637
0.019965
0.019363
0.019270
0.020952
0.019226
0.041905
0.042051
0.041036
0.040783
0.045656
0.043474
0.043453
0.045629
0.039997
0.041872
0.043462
0.047136
0.047909
0.043510
0.040747
0.042615
0.042228
0.040388
0.042543
0.041751
0.040693
0.045517
0.042976
0.046077
0.046136
0.044271
0.041102
0.044238
0.042595
0.044692
0.044004
0.042567
0.045575
0.040568
0.042484
0.041971
0.042988
0.043041
0.043042
0.043073
0.041220
0.041255
0.041420
0.044730
0.041351
0.041515
0.042582
0.041574
0.043082
0.043147
0.043002
0.044592
0.046850
0.044178
0.044517
0.043014
0.042938
0.042948
0.042868
0.041729
0.040943
0.043058
0.043754
0.043684
0.042966
0.041109
0.042974
0.043248
0.040791
0.040832
0.042899
0.041289
0.048463
0.042958
0.041204
0.041523
0.041154
0.041224
0.041112
0.044972
0.041470
0.041092
0.042923
0.043815
0.041275
0.043121
0.041261
0.041100
0.042854
0.040969
0.042770
0.042071
0.048832
0.043936
0.043870
0.041239
0.044073
0.041220
0.041104
0.043557
0.040986
0.040976
0.041207
0.043018
0.041267
0.043094
0.042813
0.043473
0.041046
0.043124
0.043001
0.041243
0.049537
0.041514
0.043416
0.043606
0.040862
0.042851
0.042871
0.042776
0.040789
0.041288
0.041352
0.043908
0.041071
0.043229
0.043044
0.043514
0.042852
0.044410
0.041572
0.043266
0.046708
0.042923
0.041673
0.042222
0.043196
0.043454
0.041139
0.041953
0.041253
0.041423
0.043226
0.041430
0.041791
0.041438
0.042984
0.044257
0.043428
0.043879
0.041981
0.043800
0.047640
0.043767
0.043621
0.044228
0.043911
0.041965
0.062971
0.064559
0.064614
0.064445
0.064830
0.064505
0.062590
0.062422
0.063984
0.064849
0.062410
0.062992
0.063863
0.064172
0.073132
0.065463
0.061960
0.061857
0.063802
0.063530
0.063713
0.063007
0.063773
0.061947
0.041483
0.043326
0.043208
0.041385
0.041678
0.042273
0.041729
0.041954
0.041707
0.041403
0.046896
0.041137
0.041788
0.041453
0.042786
0.042654
0.042742
0.040948
0.042943
0.040713
0.042737
0.043300
0.062015
0.042938
0.042878
0.042287
0.062798
0.042387
0.042788
0.042705
0.048534
0.040954
0.041028
0.040754
0.040890
0.040812
0.044092
0.042628
0.044490
0.041021
0.040864
0.042740
0.042565
0.040409
0.042222
0.042333
0.040444
0.042980
0.040847
0.042478
0.046165
0.042405
0.042938
0.040473
0.042579
0.044252
0.061612
0.041013
0.042640
0.066880
0.061927
0.064698
0.041107
0.042842
0.040525
0.044123
0.045607
0.047380
0.044439
0.042973
0.050350
0.041632
0.042080
0.041934
0.041922
0.040187
0.042378
0.040311
0.041863
0.062634
0.062246
0.065922
0.066994
0.063374
0.065492
0.066454
0.063782
0.065385
0.065844
0.065641
0.069439
0.065655
0.060482
0.061801
0.060416
0.060085
0.062252
0.061059
0.061950
0.059728
