0.105925
0.063900
0.066427
0.062390
0.064324
0.065267
0.064082
0.064040
0.061291
0.062920
0.061940
0.063233
0.061227
0.063623
0.063921
0.063565
0.062001
0.061320
0.061173
0.063076
0.069026
0.063909
0.063623
0.063393
0.064490
0.063644
0.064106
0.061298
0.060803
0.064803
0.062360
0.062521
0.063166
0.061201
0.061772
0.064429
0.065401
0.066495
0.064272
0.063783
0.072847
0.076688
0.068990
0.064491
0.073735
0.065291
0.067101
0.068270
0.067237
0.064991
0.065511
0.065770
0.062019
0.067636
0.067642
0.067224
0.067603
0.063724
0.061864
0.067559
0.072726
0.063896
0.061863
0.066422
0.063961
0.064665
0.064991
0.065232
0.064989
0.065131
0.062905
0.064945
0.062044
0.064450
0.063983
0.068281
0.065830
0.066016
0.064971
0.064718
0.046661
0.042784
0.042596
0.043160
0.043739
0.043609
0.043651
0.040797
0.042426
0.042288
0.042237
0.043701
0.041245
0.040854
0.043265
0.045253
0.042665
0.044031
0.040385
0.043002
0.048128
0.042720
0.040845
0.042168
0.043596
0.046677
0.043518
0.041622
0.044039
0.049900
0.043580
0.064138
0.043313
0.047687
0.041585
0.040850
0.043047
0.042824
0.043579
0.044294
0.049787
0.042586
0.044015
0.042135
0.045186
0.045171
0.062262
0.062269
0.068096
0.064836
0.064905
0.068563
0.062830
0.064699
0.062559
0.063004
0.061356
0.064075
0.064082
0.062966
0.074078
0.064353
0.061874
0.061759
0.068523
0.068846
0.068592
0.065576
0.067166
0.068835
0.069885
0.064640
0.067737
0.067662
0.042684
0.042891
0.042703
0.063801
0.070291
0.064888
0.070586
0.066041
0.068759
0.067931
0.064690
0.066151
0.060358
0.066486
0.065486
0.061399
0.063993
0.062299
0.063733
0.063416
0.066144
0.064234
0.065347
0.067343
0.066582
0.066265
0.069551
0.067565
0.063409
0.069919
0.069878
0.069216
0.073832
0.064626
0.069304
0.065601
0.065065
0.065090
0.071372
0.062967
0.062014
0.068024
0.063515
0.062217
0.063425
0.067851
0.070350
0.062597
0.061737
0.067592
0.068207
0.063221
0.066011
0.067271
0.067021
0.065291
0.069616
0.067303
0.066929
0.066171
0.067735
0.063791
0.062530
0.063109
0.066613
0.066638
0.075211
0.063268
0.063326
0.063514
0.062830
0.061315
0.063189
0.067375
0.064790
0.063585
0.066594
0.062849
0.066602
0.061215
0.067741
0.064174
0.067673
0.070263
0.064494
0.065712
0.079087
0.062193
0.064023
0.063731
0.067574
0.063797
0.064062
0.072969
0.066334
0.071882
0.063332
0.061678
0.066975
0.063217
0.065717
0.068722
0.064007
0.064408
0.043694
0.067955
0.077628
0.063595
0.065153
0.065993
0.066006
0.065030
0.065850
0.063065
0.068177
0.065400
0.066094
0.065008
0.063829
0.063680
0.064425
0.064200
0.065472
0.063861
0.061784
0.065831
0.073142
0.061377
0.063276
0.064026
0.063089
0.070312
0.062887
0.065799
0.062941
0.061182
0.066818
0.059204
0.061856
0.042452
0.043067
0.063349
0.063208
0.063036
0.060728
0.042178
0.045919
0.062270
0.064698
0.061512
0.064060
0.064079
0.062080
0.063287
0.063341
0.064138
0.063022
0.066448
0.064046
0.043646
0.062256
0.042225
0.044142
0.042557
0.042429
0.042379
0.046318
0.042295
0.042354
0.044689
0.042839
0.042795
0.043081
0.041607
0.041543
0.041206
0.041821
0.044132
0.043982
0.042209
0.042620
0.041080
0.043033
0.040492
0.043072
0.041389
0.047782
0.043633
0.041459
0.042548
0.043241
0.042927
0.042532
0.042836
0.042535
0.042498
0.042379
0.040931
0.042293
0.040480
0.042715
0.042190
0.043114
0.043079
0.042531
0.042411
0.046439
0.042362
0.040480
0.042428
0.061249
0.041825
0.040502
0.040437
0.041811
0.043062
0.042699
0.042579
0.040943
0.043227
0.043106
0.042757
0.043107
0.042829
0.040503
0.042876
0.048376
0.042305
0.042130
0.042584
0.040342
0.043560
0.043511
0.040983
0.042314
0.064002
0.061701
0.043310
0.045387
0.049165
0.046438
0.045949
0.068161
0.064123
0.063457
0.062154
0.076262
0.062263
0.041763
0.064766
0.043591
0.061606
0.062766
0.042033
0.062904
0.040159
0.042796
0.042406
0.041912
0.043118
0.042052
0.042195
0.041074
0.040387
0.040536
0.040778
0.046146
0.042159
0.042367
0.040696
0.042219
0.043306
0.040755
0.043485
0.042303
0.042838
0.042080
0.040628
0.040861
0.044094
0.040594
0.042694
0.042319
0.042031
0.041946
0.042869
0.065965
0.041491
0.042336
0.040625
0.041918
0.042388
0.042311
0.042603
0.044062
0.044480
0.045842
0.043987
0.042141
0.044295
0.043844
0.065459
0.042146
0.043199
0.064852
0.066140
0.047276
0.044029
0.044286
0.065782
0.064372
0.065964
0.045110
0.042121
0.043656
0.062853
0.064451
0.042898
0.049562
0.044625
0.043736
0.044262
0.046580
0.042475
0.043335
0.047629
0.048419
0.042381
0.050344
0.041598
0.042156
0.041895
0.041955
0.043750
0.042531
0.042376
0.042116
0.043746
0.043336
0.040996
0.041175
0.041340
0.041149
0.045676
0.045672
0.041608
0.044306
0.040977
0.045971
0.043478
0.046207
0.043221
0.044885
0.043904
0.043105
0.043615
0.041816
0.043506
0.045344
0.043616
0.042873
0.044904
0.043187
0.042982
0.042677
0.042194
0.047399
0.043030
0.040986
0.040377
0.042858
0.042361
0.042538
0.040390
0.043198
0.043028
0.042708
0.041399
0.047841
0.043142
0.040943
0.042469
0.043133
0.041200
0.042477
0.042310
0.046612
0.042715
0.046307
0.044469
0.043300
0.041386
0.041001
0.043676
0.040984
0.063046
0.042703
0.042834
0.042683
0.042935
0.063410
0.061228
0.066912
0.063135
0.062899
0.063930
0.068460
0.061301
0.042528
0.080428
0.064782
0.069463
0.066191
0.062859
0.071895
0.074881
0.067529
0.068497
0.064611
0.064694
0.064422
0.067395
0.081904
0.066628
0.067107
0.061133
0.074376
0.063314
0.064618
0.064331
0.065906
0.065912
0.062791
0.066454
0.063010
0.061431
0.062825
0.067310
0.063098
0.062656
0.065528
0.067691
0.075056
0.062013
0.063329
0.061593
0.075759
0.063526
0.063429
0.063762
0.061852
0.063941
0.061695
0.043115
0.041014
0.040907
0.042710
0.040950
0.043086
0.042833
0.042864
0.044897
0.042939
0.040845
0.044181
0.043328
0.080103
0.041930
0.043737
0.043894
0.043874
0.064443
0.043935
0.043232
0.063873
0.041816
0.042465
0.043992
0.043317
0.041729
0.043474
