0.100450
0.062575
0.061402
0.063259
0.063097
0.065517
0.061875
0.065440
0.065554
0.063724
0.063372
0.063605
0.063530
0.065358
0.064064
0.063216
0.065224
0.065013
0.063406
0.065048
0.072711
0.064542
0.064321
0.062768
0.062555
0.064637
0.063875
0.062905
0.064680
0.062845
0.061568
0.065167
0.065026
0.063093
0.063131
0.061420
0.061662
0.042410
0.040631
0.041763
0.048960
0.040555
0.040646
0.042412
0.040858
0.040433
0.042289
0.042153
0.040406
0.044099
0.065991
0.064068
0.064589
0.065253
0.063433
0.046201
0.065615
0.064554
0.065316
0.065154
0.074594
0.063478
0.063295
0.064255
0.063588
0.061492
0.063728
0.063839
0.062284
0.061967
0.065557
0.065323
0.065341
0.063191
0.062756
0.066417
0.063324
0.063178
0.068534
0.066728
0.075183
0.064471
0.065364
0.063823
0.064094
0.064616
0.066711
0.064411
0.063966
0.063436
0.066272
0.062423
0.061837
0.062843
0.062224
0.062123
0.063729
0.063907
0.062874
0.063504
0.075540
0.064244
0.062070
0.064317
0.063975
0.065880
0.067252
0.063957
0.065072
0.064335
0.065559
0.064837
0.065812
0.065539
0.063343
0.065483
0.065719
0.063807
0.064963
0.064995
0.074728
0.065641
0.063721
0.065790
0.063576
0.063635
0.065107
0.064294
0.064969
0.063468
0.065882
0.065372
0.062816
0.064777
0.065046
0.063305
0.064733
0.064673
0.064791
0.064870
0.076143
0.063431
0.065349
0.066505
0.063116
0.063187
0.063246
0.063904
0.065567
0.063341
0.063244
0.065580
0.063230
0.064124
0.065282
0.063643
0.064292
0.066874
0.063768
0.064172
0.073284
0.065465
0.062067
0.062581
0.060631
0.062506
0.060150
0.062230
0.063874
0.062364
0.061760
0.062891
0.060600
0.061925
0.059787
0.062284
0.061997
0.062322
0.062272
0.061713
0.075139
0.065406
0.062842
0.060541
0.063197
0.062845
0.062666
0.062635
0.062791
0.060681
0.060960
0.062463
0.060362
0.060670
0.063445
0.062355
0.063772
0.062703
0.062811
0.060726
0.072366
0.063071
0.061291
0.060557
0.062804
0.063071
0.062403
0.061340
0.062782
0.063383
0.061137
0.062699
0.063010
0.060835
0.062824
0.061014
0.060611
0.062322
0.062439
0.060661
0.074827
0.063657
0.063207
0.062737
0.060739
0.061112
0.062420
0.065209
0.065181
0.064985
0.063089
0.065135
0.065745
0.063794
0.062978
0.065206
0.064846
0.062519
0.064937
0.064010
0.074264
0.062767
0.064810
0.065323
0.065305
0.064914
0.065310
0.063591
0.063303
0.062701
0.060870
0.063618
0.061027
0.062742
0.060666
0.062535
0.062508
0.064214
0.061298
0.065337
0.069405
0.063527
0.066809
0.061664
0.061016
0.065695
0.066112
0.064369
0.062958
0.063920
0.065399
0.062129
0.060300
0.062483
0.062037
0.060186
0.060596
0.062246
0.062206
0.060527
0.074127
0.063750
0.064395
0.063948
0.062916
0.061004
0.063030
0.063001
0.064309
0.063341
0.061468
0.061260
0.063608
0.061400
0.062941
0.063522
0.064548
0.061331
0.064351
0.063773
0.073610
0.063374
0.063277
0.060843
0.062848
0.062571
0.063086
0.063151
0.061818
0.061041
0.063263
0.063665
0.061996
0.063333
0.063074
0.060893
0.063427
0.062804
0.063026
0.061091
0.072159
0.061641
0.061026
0.061556
0.061353
0.062847
0.062866
0.060899
0.061362
0.061346
0.061715
0.063861
0.061195
0.061499
0.062552
0.063398
0.061293
0.063865
0.061085
0.063066
0.072530
0.061128
0.061009
0.061709
0.063123
0.063076
0.063717
0.065460
0.063125
0.065343
0.062483
0.062323
0.062302
0.062317
0.064198
0.064247
0.064570
0.062596
0.062736
0.063668
0.076636
0.064565
0.060581
0.062430
0.062244
0.065053
0.064384
0.063087
0.062570
0.062397
0.062605
0.062603
0.061782
0.063385
0.061081
0.061109
0.061073
0.063155
0.064973
0.065565
0.074846
0.063159
0.065269
0.062952
0.066153
0.065559
0.062995
0.065411
0.062948
0.064878
0.065165
0.065131
0.063653
0.065364
0.065688
0.063073
0.065117
0.066799
0.063672
0.064665
0.076608
0.063274
0.063244
0.063400
0.065493
0.064733
0.065152
0.065000
0.065035
0.063898
0.062854
0.064315
0.062266
0.064771
0.062654
0.064841
0.062886
0.065571
0.062760
0.064390
0.075931
0.068657
0.063036
0.064470
0.062190
0.062332
0.062761
0.068074
0.063041
0.065094
0.062925
0.064820
0.065163
0.065427
0.063467
0.063002
0.062203
0.064518
0.062408
0.064458
0.076401
0.062686
0.065069
0.060882
0.064840
0.063427
0.060992
0.061774
0.063376
0.064312
0.063972
0.067585
0.064425
0.065616
0.067863
0.062210
0.061530
0.064412
0.064877
0.065843
0.075814
0.066076
0.064832
0.064712
0.061943
0.064893
0.060916
0.063465
0.061193
0.063047
0.060979
0.060943
0.064071
0.063039
0.061356
0.063023
0.058960
0.060224
0.060667
0.060506
0.074115
0.060503
0.063805
0.059309
0.060842
0.061686
0.063054
0.060864
0.061337
0.062973
0.062729
0.060436
0.062517
0.062587
0.061585
0.063303
0.063264
0.061315
0.061546
0.063086
0.071971
0.063632
0.062608
0.060566
0.062027
0.062145
0.060688
0.060369
0.062652
0.060312
0.063543
0.064134
0.062186
0.062689
0.063743
0.061646
0.060966
0.062506
0.064397
0.062870
0.073343
0.060342
0.062580
0.063370
0.062696
0.061729
0.061054
0.062958
0.061026
0.062965
0.062837
0.063189
0.062513
0.062968
0.060842
0.062714
0.063949
0.064697
0.063664
0.063316
0.075702
0.062703
0.063087
0.063317
0.062841
0.064875
0.062526
0.062583
0.065485
0.069199
0.062110
0.064293
0.064122
0.061960
0.062441
0.065929
0.062074
0.064862
0.065929
0.065776
0.077561
0.064359
0.065193
0.065732
0.062822
0.063083
0.063896
0.064266
0.066188
0.066101
0.066447
0.064204
0.065949
0.065041
0.066190
0.064075
0.065793
0.062152
0.062217
0.065439
0.075598
0.062294
0.062333
0.064364
0.062260
0.062931
0.064619
0.064282
0.062166
0.063599
0.061597
0.064230
0.062138
0.063900
0.064103
0.062151
0.062050
0.066415
0.063540
0.064234
0.073359
0.064194
0.063700
0.064451
0.063678
0.061516
0.063686
0.061877
0.063972
0.064731
0.063704
0.060870
0.060026
0.063052
0.063601
0.063928
0.063863
0.063675
0.063704
0.061757
0.075109
0.064009
0.061733
0.064050
0.062347
0.063710
0.062088
0.062068
0.064800
0.062037
0.064024
0.063986
0.061920
0.063748
0.062286
0.061972
0.064660
0.061457
0.063293
0.061480
0.077673
0.065524
0.065194
0.065608
0.063396
0.063557
0.064509
0.065181
0.063537
0.064558
0.065420
0.063114
0.067020
0.063034
0.068222
