610.000000	258.000000	28.000000	33.000000
611.514709	257.034637	20.209883	33.783619
610.512024	254.489105	17.897493	36.427536
609.137024	251.511139	17.897879	39.330093
606.394104	254.586975	17.998926	35.046566
603.169861	263.851990	18.246923	38.071579
599.486267	264.861389	18.339491	33.698463
595.201599	267.948975	18.736927	37.298668
591.607910	273.496552	18.491520	35.971867
587.654053	282.279480	19.874004	36.025204
582.602783	290.066772	19.307781	37.472000
579.552429	298.874207	18.762423	35.065983
576.244812	308.035553	18.598808	38.291813
572.802002	317.476624	20.272665	33.926071
568.702148	325.710022	19.061255	38.191578
564.991882	333.191132	20.400181	33.913429
566.609436	340.639587	19.223244	38.114521
564.726257	348.262238	18.228260	31.635031
563.445557	358.421326	19.468922	35.973801
562.461182	367.964447	19.167719	29.391615
563.552002	379.554382	19.146015	35.302708
564.408875	389.388550	19.562077	28.699404
565.256897	397.310303	20.420628	33.600422
568.695923	405.254974	20.192955	32.235317
571.700745	414.325104	19.079279	33.764572
575.754272	422.341614	18.273750	31.114788
579.549072	430.329712	22.029228	32.758461
581.462952	438.111725	21.657177	33.535240
584.263672	446.167664	20.203016	29.723440
587.934631	452.003540	19.413420	33.919193
589.437195	455.805969	19.396776	28.768311
590.553406	458.385651	22.090145	33.242092
590.490540	458.987701	22.059769	28.095474
591.104065	459.036652	20.819471	31.358442
591.241943	459.133484	20.298601	29.704168
589.919800	459.379883	22.795891	29.131824
588.902405	459.459351	23.753813	31.301905
589.422729	458.944580	23.695440	28.924923
590.729126	460.347046	21.194868	32.963070
592.746704	459.290009	21.532940	27.374863
593.285706	459.870026	23.820440	32.314293
597.222046	459.001404	22.245918	26.402039
599.738403	457.025604	20.460842	32.911232
602.315491	454.742889	21.390091	27.278280
605.786011	452.324829	21.858847	32.306648
608.331360	449.767517	22.730959	27.862597
610.718445	446.319519	20.883139	33.720299
614.485596	446.021912	21.062418	29.952253
618.487183	446.012390	21.732702	30.169529
621.331055	445.256683	20.963419	32.165768
623.077820	445.179504	19.867060	30.747822
625.717041	446.466675	20.514948	32.497437
628.651001	446.337738	20.547506	28.376791
629.074951	446.110291	22.438585	33.669022
631.017395	443.609070	23.049040	27.029617
633.135315	443.765076	21.778397	32.913605
635.216675	441.384552	21.806257	27.975000
636.874817	439.897980	22.477682	30.921978
638.714661	438.369049	21.251146	29.559303
640.222046	437.617493	20.951355	31.197128
642.667480	438.386230	20.574251	30.000553
642.943115	437.210754	21.603262	28.947870
644.689636	437.349060	21.256475	33.142879
646.071655	438.021698	19.835327	27.841393
646.794067	438.138641	19.549852	34.215675
645.467346	438.157379	22.406151	28.527182
644.686768	441.087982	22.922199	33.693211
645.387695	446.459351	21.734962	26.621763
645.118713	451.069763	19.874105	31.941580
641.340088	457.631714	23.765734	25.654865
638.487244	462.038940	25.586363	30.449482
636.486755	466.774231	23.174112	27.185698
634.910828	472.025879	20.652197	31.489319
631.506958	481.593079	21.363989	28.292679
626.036255	490.501251	24.745642	27.390348
622.843628	500.047333	22.798368	28.424772
619.026917	508.305756	21.664034	28.637171
616.444153	520.196167	21.355398	30.682837
609.948364	528.478455	24.903271	24.988436
603.423279	535.828186	25.010567	31.736656
599.284424	543.220947	24.343252	25.966784
594.623413	548.694641	22.563719	31.247108
589.142273	553.855408	24.369915	25.273344
583.069885	546.935791	24.697845	29.777573
581.427673	540.442993	23.887310	25.005955
577.645691	538.674133	22.746048	30.620035
573.667969	539.278076	23.380205	25.746109
570.231445	508.017334	25.552727	30.464260
566.921265	474.304901	23.998056	26.232285
565.022827	464.593628	24.138027	27.129820
573.708191	458.985321	23.364605	29.634827
593.056213	452.388092	24.433769	26.271626
602.162598	446.243347	22.963545	30.991320
608.412659	428.632874	21.166763	27.232210
610.129028	404.627594	21.580305	32.116478
610.207214	391.260101	22.317017	24.481083
608.608948	385.854950	21.967274	30.382036
608.561707	380.775421	21.869783	26.268753
608.089722	377.080902	19.612692	29.188086
607.381470	372.020203	19.776619	26.824152
605.544495	367.673096	22.630438	31.129787
603.521179	364.840546	21.250721	27.081310
600.543396	363.291168	19.389669	29.802601
597.854858	364.489685	19.879183	27.582977
591.980530	365.903473	23.029760	27.907509
589.360596	371.823730	20.778767	29.066656
588.036743	377.662750	19.770737	29.562981
580.678711	384.911987	24.985580	31.839205
573.598572	396.685425	23.768023	25.304024
569.409241	404.551331	22.889759	32.034508
572.673706	410.228302	21.588610	27.698704
575.644958	415.404877	19.210867	31.771955
577.921387	426.818207	22.554092	24.653643
579.176270	435.253601	25.329060	26.273670
586.076294	444.625977	22.490234	24.839479
589.005554	450.502106	20.381353	31.010792
590.756104	461.640137	20.435528	26.583723
588.101746	466.739044	24.501396	26.848005
588.124084	469.578522	21.741587	28.251760
584.305603	464.812927	22.381140	33.118870
580.901978	444.711304	21.411137	27.785604
573.576355	423.450043	24.301058	25.946352
567.598938	400.936768	23.303268	28.926714
563.090393	394.157623	25.011625	26.008629
555.491028	389.023346	22.129213	28.963118
546.064209	385.734406	25.569502	21.697611
537.629028	379.461426	23.474995	27.739985
530.526123	372.217773	24.172132	24.468496
520.199036	365.448456	21.975971	30.195993
511.461975	362.320068	25.913801	24.079988
508.842865	356.912964	20.293489	24.942707
492.976990	348.773285	24.176920	24.260656
481.120422	339.729401	23.757824	30.347431
472.337250	336.964081	23.656864	25.739281
468.842316	332.371826	19.928547	24.169252
453.586853	326.000397	23.614735	26.620300
445.027374	320.009644	25.030922	28.305872
440.150818	317.406067	22.808788	28.290178
450.062317	306.050659	27.735186	26.902473
469.984161	295.001953	24.455700	30.833923
487.777039	292.297119	21.690704	28.252893
493.550079	302.182495	22.609289	29.737576
497.376373	321.793945	21.963209	25.596260
495.845184	343.864075	25.484692	28.068262
498.426178	368.206512	20.906101	28.252632
500.607391	398.783936	24.344175	30.140717
505.313538	432.151306	23.913481	24.659468
506.528137	460.749542	27.696056	25.595798
513.726562	484.212585	24.833172	26.921118
519.432068	502.739990	25.593790	30.139883
526.215332	522.254333	22.762526	26.502205
528.382812	534.912354	29.173685	25.764879
535.222656	544.060059	24.212223	27.066420
538.256042	548.438660	27.121269	30.382881
543.112793	554.835510	21.783815	29.286119
544.760437	557.173767	28.234411	29.305349
549.250488	544.804199	23.996649	28.045485
551.377502	533.596680	24.491987	32.303143
550.014709	531.388733	22.215656	29.895826
544.069458	526.657166	26.540489	25.623508
536.893860	516.139587	27.076571	25.555899
533.170837	500.160034	22.995398	30.653910
524.465271	488.490845	25.410988	28.857044
514.616089	481.764832	23.043642	26.455584
503.037079	470.726685	27.032780	27.830448
492.584015	455.622040	21.607353	29.410276
478.923553	443.595856	27.737940	28.404398
468.583191	427.536072	21.238176	28.047920
461.061066	406.070404	25.423496	31.253853
453.805115	386.167328	22.685638	30.750212
440.123291	376.101776	30.811745	27.614651
426.864166	369.519623	25.281000	27.034290
413.771332	363.269348	31.933561	28.080500
404.181763	355.899414	27.136059	30.048748
395.798767	350.510559	31.367445	27.858749
392.150085	345.916687	29.251862	26.842833
389.312012	341.079346	27.803278	28.753698
389.414154	336.275482	29.526751	30.835402
390.356293	332.848816	26.094643	29.206413
397.805695	331.944305	29.694132	26.776091
404.910858	331.174194	23.484434	27.096376
413.671539	330.398621	31.330397	28.761913
421.657410	328.518036	24.740767	29.534363
431.800293	328.459961	29.439396	27.771059
440.613037	329.564148	24.125828	25.971985
450.446564	329.967468	30.224915	26.522701
458.330261	329.064911	25.723577	29.072899
468.203339	329.452148	29.933821	27.837467
476.489960	330.288971	28.280907	28.206610
487.590393	330.755188	28.789997	28.372883
494.604919	331.411926	26.416439	28.945089
505.011993	332.161621	23.625923	27.665056
508.491821	334.328094	27.107931	28.085499
512.123352	336.301819	23.735382	27.440655
514.857422	338.014313	27.570364	27.990545
517.101440	339.051117	19.885094	28.935793
514.518005	341.756134	26.186504	27.323765
510.567261	344.732727	19.641586	26.829859
500.709869	347.468597	29.183779	28.083483
499.426239	348.483643	21.144588	29.619442
491.834839	351.141205	27.003559	28.262268
483.397644	352.941681	23.346519	27.719193
475.586395	354.717285	27.575294	26.531809
467.169952	354.733795	23.088909	28.869446
457.719238	355.665649	26.204910	28.413822
448.191193	357.726013	22.515947	26.359554
440.569550	359.297638	23.605223	33.949097
432.794159	357.436951	24.301176	28.514101
426.925934	357.255859	25.069845	27.356245
424.133850	355.365631	28.848581	26.729851
429.470551	352.388153	22.666279	27.799414
437.698090	350.171143	22.210173	25.205612
449.510315	346.443939	19.609385	31.299074
463.251129	344.112885	26.663958	27.470387
483.044525	339.728882	19.436846	30.988314
504.621735	331.297363	27.524097	29.368484
525.823669	319.191376	19.088024	28.499470
549.380981	303.037354	21.828018	30.640190
574.151184	288.138123	17.454460	28.843746
595.689453	270.592926	17.384722	26.782291
604.396912	254.445587	19.503805	28.577459
613.747009	240.265839	15.611334	28.738632
616.585388	227.883224	20.586472	28.210283
630.865356	217.690918	15.187387	27.261637
635.403259	208.868561	22.429064	27.735245
647.195129	200.791061	16.412493	27.334932
650.472656	195.143616	21.635406	29.135490
655.600952	194.174240	18.581448	26.700369
658.248352	192.229889	19.467674	29.458559
655.828613	192.778763	18.945705	29.945904
658.097900	195.355392	16.349009	29.436968
653.611023	198.572601	24.273333	27.784695
658.233521	200.696503	17.416044	28.869217
657.252747	202.057312	22.892298	30.470074
662.134766	203.623398	16.782578	31.084295
661.552063	206.107498	25.491152	29.233519
666.667236	209.639786	19.763924	29.159674
671.049927	210.395950	22.927925	29.513304
675.500549	208.926575	19.068844	31.954082
681.941345	208.090317	20.304571	28.398804
685.808044	205.887665	24.126862	27.922941
697.455811	202.568207	18.572212	28.602896
699.527649	199.383972	22.583523	29.823294
710.727844	198.490494	17.118078	29.358324
709.181702	201.963318	24.548267	29.147945
713.925903	206.769928	18.963306	27.392723
710.850586	210.530319	22.732794	29.792795
707.355408	213.989212	18.376144	30.810244
694.200500	218.412643	26.672691	30.214811
684.294189	221.635101	20.172632	29.198036
669.800293	221.935226	23.648050	30.082659
656.803650	221.953461	20.937954	30.956018
642.593079	220.797241	23.299131	28.967932
629.223755	218.658066	20.670822	28.111530
614.500000	215.552567	23.213055	28.734333
602.972656	211.155594	20.684376	32.075676
592.877991	208.538513	19.309620	28.250965
581.742615	204.219055	20.404448	31.753515
570.766724	200.562592	22.083826	26.606918
559.489075	194.847397	23.452406	32.719204
553.849426	188.961456	20.958303	27.963181
570.317993	180.775986	25.205009	31.144426
619.498291	173.592758	21.259691	26.257610
643.528259	169.609253	22.419142	30.756777
649.125488	165.923843	19.169357	31.226036
645.526367	164.641830	20.090561	30.328316
642.336121	165.726486	20.495949	29.890966
641.507996	165.926636	19.639700	30.918724
634.371277	166.384918	19.754107	32.608982
640.486206	169.973099	17.141165	29.724037
642.500549	174.724167	23.626410	29.332420
652.013123	178.274872	17.935751	31.976242
644.823486	180.303268	21.846292	32.398731
638.622131	183.166504	18.888105	31.289230
626.169067	186.766891	24.756077	30.720285
621.223816	191.402588	18.559164	31.557003
608.118286	194.412140	22.026827	31.893188
600.976929	196.562714	20.505289	31.174397
601.291443	199.650742	22.487143	29.167763
605.371643	203.380554	22.805384	27.481247
611.275146	204.803635	20.172749	29.255198
615.805176	205.519455	20.871048	30.482271
622.259521	206.850403	19.809938	29.291397
620.210266	209.377670	24.704197	28.533642
618.068848	211.042969	18.221561	31.436127
606.539490	212.028000	23.661451	30.380245
595.895142	213.021118	20.300438	28.446903
562.453247	217.362579	24.986361	27.809160
522.893127	225.473526	23.325165	25.509583
467.099060	245.388321	23.457973	28.969820
423.970490	269.534607	27.339134	26.390493
415.225922	276.851807	25.997625	30.251751
419.523315	276.572968	24.018906	27.593609
428.921326	274.532501	25.558121	30.676245
440.795807	271.610657	27.162521	30.135654
455.528778	269.724609	26.570490	31.838612
473.051117	266.677185	24.397924	35.966660
490.010223	266.304565	25.771744	29.552923
503.612671	267.648071	25.511986	33.273495
513.705078	272.790222	24.835964	27.765623
526.658630	274.796448	22.264713	30.813816
530.371643	276.132416	23.534878	28.018490
534.060913	277.437347	25.759272	32.418633
539.131653	279.387512	25.534895	28.192663
545.731567	282.326111	22.809210	34.272278
552.149536	288.725586	22.885471	32.848839
556.282349	296.733887	25.712152	34.270969
560.707947	303.429108	25.303858	29.409231
565.358337	313.251465	23.282345	35.472260
569.088501	343.992981	23.611471	36.601254
571.256287	383.353607	23.206676	35.161705
573.720825	430.587708	18.472027	37.192875
573.720825	430.587708	18.472027	37.192875
573.720825	430.587708	18.472027	37.192875
573.720825	430.587708	18.472027	37.192875
573.720825	430.587708	18.472027	37.192875
573.720825	430.587708	18.472027	37.192875
573.720825	430.587708	18.472027	37.192875
587.430664	509.697998	22.209909	22.719873
586.146606	509.263428	20.110197	32.537125
584.115112	506.202698	23.627121	28.060673
585.600464	504.924835	20.751186	31.683928
587.223572	504.520081	19.943481	29.357569
587.164734	504.409332	21.359591	31.458687
587.862976	505.109192	23.139301	31.775888
589.439392	508.245972	21.839567	32.069687
590.904541	511.175629	20.596478	32.000294
592.210876	514.511597	20.216593	29.466009
591.800903	517.105347	19.247307	31.236460
594.226013	519.653137	20.528732	29.333866
595.684570	522.156067	20.952808	32.941975
597.966125	524.716980	22.166367	27.841990
598.356445	523.341248	22.521076	31.894249
598.609497	519.744141	23.053453	27.877281
599.925537	518.054749	20.841728	33.522461
600.037781	516.214844	21.278444	27.404003
600.751892	515.720642	20.635956	30.704834
600.111206	515.072266	22.123775	26.779354
600.297729	514.398743	21.749065	30.489717
600.130188	512.979309	20.793053	29.276445
600.063477	511.585663	21.809998	28.391768
599.074097	509.048340	22.451895	29.759901
598.358093	507.767944	22.696045	26.617918
599.125671	504.792633	21.246004	31.299845
599.322876	503.482635	22.816149	25.081129
598.418274	500.860138	25.215048	30.603603
598.998047	498.710602	23.910004	24.639490
600.237305	496.770233	21.382372	31.675972
599.007935	494.796906	22.790068	24.945894
600.044861	492.000977	23.437128	29.744061
600.698547	487.995850	22.455341	26.414806
602.152283	484.645355	20.052475	31.016283
602.590210	481.086487	20.338213	28.857351
603.485779	478.136749	21.106213	29.186663
602.603943	474.709808	21.721117	28.868038
602.164124	472.447510	21.486380	28.842604
603.114258	470.648773	20.051863	28.875027
602.418884	466.667786	20.561111	26.569139
602.492371	462.218353	23.411888	29.719032
601.977966	457.849182	21.021637	26.637203
602.338135	455.647461	19.409992	31.604599
601.526978	450.838013	20.025473	26.586712
600.445007	447.652374	20.473219	32.046551
597.318909	443.074127	21.130905	27.566359
596.069824	440.524689	19.901814	32.378059
594.023865	434.096161	20.461912	34.629711
594.126343	429.471344	21.418072	33.385548
593.686401	424.205963	20.370535	35.463638
593.985535	419.780640	20.556498	30.180956
594.565186	414.544128	20.130360	29.691252
594.685913	410.540802	21.226114	32.029922
595.130798	405.440826	19.854090	36.048306
594.618774	402.120575	20.792215	28.768013
594.973816	397.677979	20.087292	33.919769
594.669067	392.309143	20.929197	29.840570
593.794800	388.554657	20.459167	35.653027
592.777161	384.093292	21.166388	27.905682
592.467712	379.620331	20.518776	34.134716
590.532959	373.951996	19.442513	31.523148
589.471375	370.688507	19.834608	33.214882
587.835938	369.074738	21.133625	29.879356
586.683167	372.898224	20.289814	32.287041
584.891052	379.168274	20.030132	31.268278
579.802185	386.872620	21.440250	31.920950
579.427124	394.624847	18.402161	33.496632
575.533936	401.499115	21.506887	29.920893
573.242737	406.592255	19.454863	34.167282
566.172729	405.153442	22.906450	29.686882
559.866699	394.780090	19.856007	33.709698
556.959961	382.261993	21.785074	28.774441
569.632568	370.296783	20.687401	30.075998
607.429932	356.167786	16.768185	24.401768
639.696472	346.720612	19.225109	31.573891
656.610413	340.385986	17.674191	29.495176
642.092041	333.267395	21.336281	29.891384
623.454590	328.392212	16.160263	30.178930
602.047852	322.219910	21.036169	29.431499
587.419922	317.229675	19.587986	31.623793
570.731812	313.255646	20.626133	32.563171
550.481201	311.551361	20.452177	29.749971
530.921448	309.194672	17.500088	30.776726
526.911926	300.975830	19.942596	31.597240
528.789734	294.375549	16.830334	27.469231
531.401062	290.585876	22.470436	28.826361
523.067200	290.791718	16.136593	30.978498
507.389435	292.722473	22.054882	30.801718
495.056915	296.775116	17.167423	29.894249
482.720184	303.120270	21.044233	29.483545
472.212830	310.291321	16.673347	28.363266
462.871033	316.598846	21.614740	32.498631
455.975800	322.335144	19.883818	32.228180
450.424377	328.565308	21.782164	30.308804
446.556305	335.086792	18.089756	28.706905
441.600128	342.140594	17.308149	29.312643
438.221832	346.252655	22.329594	30.387968
435.398285	350.305389	19.469418	29.562265
431.748291	355.435303	23.475477	29.323601
427.181763	359.619293	21.635185	29.740734
423.077667	363.284241	21.759319	29.329866
419.612122	365.577820	20.106081	29.987177
416.669617	370.210571	26.048773	29.050409
412.288635	375.008118	19.609154	29.468904
408.552368	378.164459	20.295959	30.837259
405.912994	379.725677	21.950491	30.169912
402.750977	383.943665	20.629015	27.479567
400.301514	386.906647	19.533497	27.674730
398.366333	389.734619	19.403082	31.621321
397.152344	390.897369	24.547470	29.362362
397.203888	392.925049	26.446413	28.992828
399.225830	393.824371	26.597881	28.165911
406.030212	391.665466	23.286724	30.329432
418.540985	389.611450	25.144581	28.714300
431.472473	386.865112	21.449163	28.323509
442.591370	385.538208	29.154894	28.442274
455.235657	381.203400	21.473471	29.582737
465.344177	375.566681	21.575674	30.434008
472.430542	368.368744	21.131287	31.435694
478.249237	362.606262	25.842253	29.053152
484.474182	356.154144	20.633228	30.368101
488.436005	349.727112	21.416241	30.205780
489.412079	342.540283	21.418247	30.483192
487.536133	338.067841	21.529465	29.411015
486.039734	333.929382	19.408045	28.038948
483.125244	329.862396	20.672131	30.252237
479.954651	325.664978	20.906321	30.382978
477.229462	322.382568	20.606249	28.765734
475.131256	319.812744	21.073231	27.345970
472.652954	317.698547	18.941010	29.044268
469.229340	316.761108	21.238886	28.552555
470.912537	314.709442	19.549921	27.892084
473.454407	315.866547	19.989275	27.107502
476.663116	315.211761	20.019081	29.293102
478.819580	314.842896	21.740196	32.235882
482.750061	314.624878	18.187910	30.011415
485.071198	315.675690	19.874720	27.930754
488.327728	317.005615	18.315300	28.010536
490.755920	318.152405	22.791363	29.700270
491.538452	318.669006	18.405663	32.297844
492.120789	320.797272	21.196722	29.126337
495.495728	323.089111	20.420055	28.197912
496.564636	324.016083	22.476799	30.123474
494.940491	323.531097	23.661407	31.933266
495.700256	323.823608	19.868383	30.688492
492.961365	326.195862	22.286695	28.615252
492.370453	326.896088	18.705330	29.101902
487.739044	328.308228	21.716049	30.939201
484.097931	328.053375	19.163557	31.156796
478.186127	331.357880	21.909500	28.593554
472.563690	333.078583	19.304384	28.964792
459.856812	336.829651	23.129145	30.503181
448.784943	340.865509	21.024797	31.295315
444.253815	344.076172	23.351143	29.760195
445.019714	346.391113	20.931299	29.126831
444.904938	346.797913	23.643888	29.733034
450.440704	346.460632	21.910925	31.437504
457.254852	347.209717	23.224264	31.415791
463.468536	349.278015	23.173740	29.395601
469.699768	348.875732	22.012964	29.573952
479.589447	349.216278	21.488962	30.801567
486.872437	348.530579	19.819246	29.594023
494.458435	349.545166	23.076368	28.549454
502.998383	348.623383	19.084549	29.150816
511.851501	348.261841	21.022474	29.788847
520.124268	346.692535	18.652527	30.734739
527.374146	346.388885	23.000053	27.704811
536.278381	345.097290	20.561749	27.568529
544.196838	343.623840	22.270187	29.491331
552.899902	339.960846	20.240696	31.090708
559.643982	339.297760	21.518864	28.765285
565.370056	338.607544	23.209398	27.478985
572.832947	336.883148	19.091295	28.557903
574.093933	335.179352	24.931477	31.263399
578.582642	333.638489	17.812786	30.977615
574.909119	336.574127	21.242674	28.693855
573.111206	338.503265	18.853563	30.604940
565.991150	342.225006	21.370377	32.111153
555.396484	345.442139	20.056879	31.050741
538.918335	348.606201	24.737059	28.868052
523.971130	353.949036	20.971970	27.975840
510.675446	356.540497	23.298862	30.132896
496.970703	360.155640	25.295288	31.534628
491.376770	364.216583	21.069698	30.086533
481.569885	369.648499	26.549784	29.768948
479.986328	373.291321	19.622372	29.106615
475.312469	376.453796	26.005657	32.008499
476.550659	378.594604	19.088184	30.675558
475.484192	382.003510	24.414389	29.887619
477.223297	384.655945	19.751665	29.244394
474.924438	386.837555	24.257542	31.972378
479.995819	387.869080	20.792681	30.919525
479.427551	389.187164	25.328144	31.613407
480.751251	392.371979	24.683575	30.188400
486.465393	394.703491	23.198124	29.126959
487.380585	395.792480	25.355610	30.638861
494.899414	396.386749	20.260141	30.422201
496.691772	399.226318	25.558010	31.802059
503.572388	401.367859	19.638157	28.149988
507.666290	402.343170	23.754601	32.833332
513.402649	402.944000	17.331972	29.821386
514.746826	404.933319	23.134867	29.559431
522.446045	406.927155	17.729450	27.929623
525.683167	407.533264	22.771881	30.786009
530.479492	407.211731	21.933844	28.775539
536.474792	407.496033	23.427689	31.856821
537.012878	409.915283	25.208588	27.076960
544.768066	410.525513	20.963352	26.297644
544.588989	410.289062	24.434744	30.144829
550.865112	411.058594	17.445707	29.122128
548.217957	412.698181	25.523708	28.423285
553.729248	414.696747	16.968979	32.004410
550.733398	416.931732	24.537794	30.921362
551.226379	417.669220	18.575756	29.831753
544.826965	419.744385	24.879568	28.801958
539.235901	422.237762	19.930037	28.820681
533.485107	423.687531	23.449856	30.370949
528.078064	422.942444	21.103119	27.700592
521.831421	422.587585	23.506559	30.903082
513.148376	422.008789	21.294952	27.620329
