0.095804
0.062958
0.061194
0.061551
0.063215
0.066247
0.062326
0.062336
0.062469
0.060097
0.062010
0.065400
0.062356
0.062261
0.059923
0.061928
0.062205
0.065565
0.064838
0.064991
0.073383
0.062773
0.064814
0.064048
0.067199
0.065022
0.062612
0.064726
0.065018
0.065230
0.064450
0.064664
0.062431
0.064726
0.062806
0.065388
0.064872
0.065875
0.064548
0.064410
0.075691
0.065523
0.064442
0.064824
0.064844
0.065000
0.064919
0.065691
0.065000
0.067341
0.062986
0.064726
0.064400
0.064873
0.062793
0.064543
0.064579
0.065233
0.064720
0.064772
0.076303
0.064628
0.066419
0.064960
0.063283
0.063969
0.061451
0.063059
0.063126
0.064057
0.063340
0.061422
0.063762
0.061078
0.064374
0.064120
0.061088
0.063564
0.064519
0.063290
0.074096
0.063431
0.067045
0.063409
0.062234
0.063318
0.063266
0.064857
0.061544
0.066493
0.063978
0.062846
0.062882
0.060833
0.066527
0.062693
0.061575
0.063177
0.063796
0.064693
0.077089
0.063576
0.062721
0.063301
0.063040
0.063032
0.063073
0.063044
0.063669
0.063318
0.063029
0.064014
0.061095
0.062634
0.061513
0.061534
0.060949
0.064127
0.064254
0.064264
0.069763
0.065109
0.075199
0.073666
0.063245
0.064438
0.062314
0.061571
0.063350
0.061506
0.063613
0.063629
0.063580
0.063653
0.064347
0.061049
0.063150
0.063311
0.064872
0.062526
0.075603
0.062403
0.064342
0.064805
0.065186
0.065549
0.064672
0.064946
0.064799
0.062868
0.064912
0.066547
0.065036
0.065056
0.062986
0.064947
0.064816
0.065254
0.064349
0.062444
0.075522
0.064145
0.064253
0.065744
0.065205
0.064840
0.064740
0.063027
0.065182
0.066581
0.065218
0.064895
0.064802
0.064804
0.065057
0.065638
0.064398
0.064982
0.064646
0.064519
0.076027
0.065242
0.064655
0.064303
0.064593
0.064609
0.064602
0.064945
0.065140
0.064697
0.062388
0.063797
0.064561
0.064183
0.064614
0.066156
0.064293
0.064259
0.063989
0.062425
0.073883
0.065523
0.064622
0.062770
0.062839
0.065090
0.064960
0.067867
0.067730
0.065676
0.067746
0.065876
0.065530
0.062810
0.067498
0.062927
0.062578
0.060464
0.065336
0.065360
0.071836
0.045288
0.045815
0.062442
0.042388
0.045884
0.042384
0.062723
0.066648
0.066146
0.066123
0.063800
0.063402
0.063103
0.062732
0.060573
0.062560
0.063061
0.062819
0.062500
0.074226
0.062901
0.062501
0.063044
0.063566
0.062850
0.062597
0.062654
0.062438
0.062806
0.063335
0.062482
0.062575
0.064084
0.063012
0.062559
0.063667
0.062451
0.065706
0.060347
0.073690
0.060872
0.065068
0.063151
0.061047
0.063185
0.064885
0.062950
0.040612
0.063123
0.062866
0.063120
0.061112
0.063137
0.063188
0.064305
0.063511
0.061273
0.061247
0.063468
0.075094
0.064164
0.060898
0.062428
0.062726
0.062822
0.060793
0.063420
0.062996
0.062957
0.063393
0.063720
0.063759
0.064087
0.063575
0.063109
0.063082
0.063213
0.061041
0.063278
0.073223
0.063229
0.063514
0.064278
0.063948
0.066305
0.065517
0.063937
0.062141
0.064213
0.067086
0.064001
0.064930
0.063743
0.066987
0.067365
0.064265
0.063647
0.063295
0.064392
0.075678
0.063994
0.061772
0.061689
0.064457
0.063796
0.063770
0.063688
0.063543
0.064430
0.062338
0.065036
0.063744
0.063603
0.061611
0.063589
0.064747
0.064259
0.064425
0.062348
0.073736
0.064497
0.065074
0.065266
0.062980
0.063123
0.062724
0.062289
0.060550
0.061912
0.042295
0.040313
0.062037
0.060508
0.060457
0.062664
0.062976
0.062014
0.060522
0.062475
0.073705
0.060461
0.064086
0.062296
0.062380
0.062789
0.060351
0.062369
0.063025
0.062452
0.063738
0.062595
0.062263
0.062155
0.062529
0.060982
0.063066
0.062602
0.060325
0.062253
0.073861
0.060805
0.062514
0.063884
0.060480
0.062626
0.060373
0.062731
0.062218
0.062183
0.062199
0.062392
0.061986
0.063298
0.062230
0.062574
0.063604
0.062790
0.062338
0.063056
0.074339
0.062945
0.062447
0.062268
0.062459
0.063152
0.063047
0.060769
0.062462
0.063439
0.060175
0.062088
0.063228
0.060659
0.062569
0.063712
0.061159
0.062882
0.062117
0.066224
0.071923
0.062741
0.066972
0.065540
0.062090
0.060074
0.062330
0.061881
0.061958
0.062238
0.060523
0.062771
0.062309
0.065174
0.061892
0.064592
0.062439
0.064171
0.062537
0.060685
0.074443
0.060328
0.062713
0.063275
0.062113
0.062247
0.062348
0.060328
0.067568
0.066988
0.063963
0.065577
0.063535
0.065783
0.065557
0.065840
0.062674
0.060548
0.062522
0.062343
0.073792
0.063324
0.060952
0.060530
0.062341
0.066131
0.066062
0.062608
0.061525
0.065729
0.062200
0.063725
0.062372
0.062836
0.065344
0.062442
0.060226
0.062698
0.062982
0.065121
0.073087
0.062491
0.062257
0.062213
0.062365
0.061121
0.063519
0.061469
0.062818
0.066045
0.062894
0.060811
0.062657
0.063088
0.063825
0.062926
0.062745
0.062905
0.062874
0.064043
0.072506
0.062262
0.065506
0.064985
0.065870
0.063571
0.060335
0.062453
0.062641
0.062268
0.063573
0.060820
0.063640
0.062880
0.060210
0.062156
0.062010
0.060145
0.062845
0.060262
0.073664
0.062377
0.060479
0.062442
0.063277
0.062330
0.062769
0.060318
0.062405
0.060228
0.063925
0.062379
0.062366
0.062502
0.060865
0.062665
0.061154
0.062964
0.061083
0.061890
0.074487
0.063130
0.062780
0.061427
0.062674
0.062648
0.062922
0.062224
0.062525
0.063427
0.060849
0.062772
0.061815
0.062809
0.062396
0.060816
0.060343
0.061991
0.060129
0.060339
0.071883
0.062487
0.062645
0.062263
0.061413
0.062775
0.063102
0.063499
0.061879
0.066322
0.069200
0.062938
0.063172
0.063007
0.063356
0.063516
0.061498
0.067985
0.065158
0.066978
0.076777
0.061782
0.063500
0.063255
0.063769
0.063774
0.064150
0.062753
0.062647
0.059603
0.059206
0.062490
0.062577
0.061116
0.063082
0.062840
0.063311
0.063176
0.062863
0.064049
0.074262
0.060675
0.062815
0.063235
0.059853
0.061736
0.062649
0.062565
0.060773
0.062603
0.062972
0.062846
0.062958
0.062594
0.062757
0.062518
0.063820
0.061714
0.063493
0.063046
0.074403
0.062969
0.062726
0.062505
0.063978
0.063766
0.064101
0.063434
0.062709
0.063651
0.064160
0.062933
0.062901
0.062579
0.062694
0.060604
0.062781
0.063267
0.062730
0.063474
0.074624
0.063093
0.063965
0.063447
0.062930
0.063413
0.063105
0.063299
0.062805
0.060812
0.062467
0.062536
0.063098
0.062677
0.062794
0.062530
0.062354
0.063856
0.063823
0.064614
0.075252
0.064363
0.063589
0.063918
0.061861
0.063738
0.063609
0.062082
0.063206
0.063795
0.061769
0.063979
0.062021
0.062210
0.063988
0.063413
0.061646
0.043093
0.063529
0.043088
0.049167
0.040872
0.043941
0.043003
0.042641
0.042867
0.062967
0.061134
0.064204
0.062857
0.063289
0.063318
0.063189
0.062828
0.062088
0.061384
0.062879
0.063463
0.063417
0.063088
0.073238
0.063420
0.063105
0.061076
0.063183
0.063082
0.063005
0.061516
0.062884
0.064041
0.061150
0.060910
0.063014
0.064015
0.063049
0.062927
0.063060
0.063609
0.063336
0.064184
