0.096513
0.062496
0.062239
0.060005
0.062946
0.062336
0.067246
0.059808
0.061632
0.061764
0.062855
0.064068
0.061623
0.062771
0.061773
0.062277
0.044437
0.064939
0.044347
0.064182
0.044085
0.042307
0.043896
0.043792
0.064929
0.064651
0.063226
0.065896
0.062856
0.066954
0.069126
0.068232
0.068941
0.066861
0.068883
0.066424
0.069632
0.068877
0.065639
0.067122
0.066864
0.065888
0.068327
0.069695
0.069883
0.068084
0.069978
0.066797
0.064593
0.065974
0.069562
0.069438
0.063529
0.069101
0.069818
0.069283
0.069467
0.067903
0.069722
0.066376
0.069931
0.066635
0.063036
0.064484
0.063371
0.062912
0.062349
0.060703
0.063708
0.063876
0.065969
0.066252
0.061294
0.062850
0.062848
0.063353
0.063294
0.066406
0.065924
0.069126
0.071107
0.062348
0.063660
0.068765
0.062742
0.070559
0.066402
0.063456
0.062677
0.066084
0.069857
0.066542
0.061005
0.063097
0.064429
0.063427
0.066881
0.063063
0.063286
0.061107
0.072114
0.068467
0.063078
0.067065
0.066466
0.063478
0.066822
0.067693
0.068257
0.061649
0.061680
0.061430
0.065258
0.065931
0.062698
0.061572
0.065105
0.061302
0.061501
0.040774
0.070984
0.061029
0.040884
0.061466
0.063716
0.064502
0.062647
0.064654
0.064348
0.061864
0.043784
0.063886
0.061866
0.062981
0.067703
0.063928
0.063879
0.063732
0.065595
0.062909
0.077141
0.064178
0.064909
0.068532
0.065230
0.065638
0.068463
0.069068
0.065633
0.064244
0.064239
0.067887
0.065750
0.062232
0.064041
0.065875
0.066251
0.068386
0.067716
0.067974
0.071521
0.064786
0.065287
0.062322
0.064440
0.063121
0.064505
0.065921
0.062520
0.064870
0.064174
0.064958
0.064022
0.064017
0.066270
0.064969
0.064475
0.068558
0.067524
0.067752
0.073810
0.065037
0.062326
0.064417
0.063474
0.063839
0.061999
0.061932
0.063648
0.064057
0.065389
0.061800
0.064404
0.068224
0.064298
0.062162
0.064167
0.063536
0.064010
0.065651
0.075556
0.064837
0.063743
0.062476
0.062688
0.064700
0.066997
0.064761
0.063709
0.062302
0.062831
0.064332
0.067540
0.065871
0.067677
0.072105
0.068287
0.068516
0.067992
0.062870
0.075686
0.067468
0.064076
0.064295
0.064498
0.068084
0.067978
0.070908
0.071801
0.071496
0.064938
0.064347
0.064356
0.064405
0.065042
0.065252
0.064809
0.063009
0.063287
0.065642
0.075159
0.065115
0.064327
0.065079
0.062698
0.065260
0.062858
0.065386
0.064722
0.065051
0.064618
0.064859
0.066376
0.065348
0.064870
0.063904
0.065471
0.064729
0.066253
0.065786
0.075983
0.064270
0.064221
0.064506
0.064446
0.065723
0.064558
0.064675
0.064688
0.064384
0.062505
0.065088
0.062138
0.064337
0.062756
0.064905
0.065084
0.065578
0.064845
0.064616
0.076098
0.062289
0.064441
0.065523
0.065677
0.065414
0.065006
0.062689
0.064329
0.065461
0.064277
0.065312
0.065247
0.065324
0.068684
0.064249
0.065727
0.068626
0.068410
0.065453
0.076789
0.066124
0.064414
0.065408
0.065004
0.065191
0.064900
0.069362
0.068224
0.068450
0.068462
0.064714
0.068077
0.066978
0.068135
0.066618
0.067892
0.064599
0.068368
0.065480
0.071782
0.069144
0.071449
0.072298
0.072162
0.062691
0.064992
0.066487
0.065102
0.063041
0.065045
0.062597
0.061594
0.064369
0.067979
0.065250
0.067955
0.064825
0.064429
0.063332
0.075577
0.064262
0.064216
0.043454
0.063425
0.043021
0.043322
0.044557
0.063985
0.070520
