0.103709
0.064239
0.063138
0.063619
0.064105
0.062979
0.062673
0.043329
0.042711
0.043040
0.063350
0.043525
0.061245
0.042393
0.042187
0.041938
0.040368
0.063384
0.043437
0.043310
0.045251
0.042479
0.021159
0.042117
0.042721
0.043357
0.043229
0.041090
0.042628
0.042741
0.040854
0.041624
0.043364
0.041392
0.041546
0.043278
0.045203
0.063676
0.063544
0.064256
0.072420
0.063717
0.063320
0.063681
0.063532
0.061543
0.063747
0.063615
0.063132
0.063484
0.063723
0.063423
0.063034
0.063333
0.061706
0.063656
0.066099
0.062856
0.063255
0.063282
0.076137
0.063366
0.063274
0.061926
0.063754
0.062036
0.063079
0.063110
0.063067
0.063053
0.062685
0.062509
0.062644
0.060907
0.062953
0.062824
0.064138
0.060819
0.066203
0.062899
0.079470
0.066790
0.063226
0.062750
0.062690
0.062814
0.062682
0.062727
0.063031
0.063587
0.060874
0.062390
0.063529
0.063813
0.063193
0.062741
0.062657
0.063169
0.062836
0.062770
0.074005
0.062825
0.061979
0.061688
0.063262
0.063234
0.062013
0.063352
0.063603
0.062916
0.063500
0.061450
0.063323
0.062911
0.062912
0.062985
0.064687
0.061504
0.063376
0.063107
0.073738
0.061044
0.063580
0.064127
0.061774
0.064085
0.064014
0.063702
0.064636
0.064207
0.063707
0.061268
0.060833
0.062962
0.063034
0.065043
0.063847
0.062476
0.063736
0.068944
0.072490
0.063774
0.068211
0.064226
0.063850
0.064942
0.064549
0.069291
0.063306
0.062691
0.065670
0.063076
0.062510
0.060730
0.063042
0.065776
0.065244
0.066507
0.063356
0.061272
0.072903
0.063820
0.065205
0.066437
0.066971
0.064758
0.072070
0.066197
0.065173
0.063012
0.042411
0.040622
0.042068
0.041956
0.042531
0.042247
0.042113
0.042147
0.042687
0.042252
0.073887
0.062726
0.062610
0.063197
0.063529
0.063325
0.061282
0.063006
0.064088
0.063361
0.062896
0.063153
0.061065
0.066271
0.067163
0.066981
0.067034
0.068133
0.064115
0.067230
0.069854
0.066156
0.066526
0.067148
0.063790
0.063043
0.066068
0.062961
0.062553
0.062701
0.061846
0.061590
0.065874
0.064173
0.063159
0.066068
0.066199
0.063012
0.066015
0.061394
0.074200
0.062521
0.062348
0.060171
0.061739
0.061814
0.063481
0.062614
0.063836
0.062290
0.062391
0.059939
0.063699
0.062343
0.062528
0.061723
0.063610
0.061415
0.063761
0.063534
0.072275
0.063306
0.063701
0.061913
0.062730
0.063716
0.061569
0.042576
0.063011
0.064249
0.063339
0.064956
0.066501
0.062606
0.062488
0.065090
0.041879
0.062007
0.064450
0.062623
0.074118
0.065651
0.065878
0.062361
0.064443
0.062774
0.062900
0.061022
0.062735
0.062609
0.063048
0.043311
0.040264
0.060442
0.062402
0.061053
0.060906
0.062112
0.063167
0.062388
0.074186
0.063047
0.061032
0.063430
0.063121
0.063134
0.063200
0.066014
0.063891
0.068734
0.068934
0.067419
0.067130
0.063561
0.061186
0.066222
0.066271
0.068017
0.063706
0.062042
0.073171
0.064255
0.063862
0.075253
0.070654
0.070319
0.068782
0.065214
0.063240
0.067221
0.074592
0.069035
0.063899
0.085978
0.088755
0.068045
0.070368
0.118222
0.070097
0.064856
0.072758
0.067957
0.067681
0.066506
0.066055
0.064610
0.062707
0.062132
0.065458
0.065239
0.063183
0.066957
0.064079
0.063308
0.063313
0.063511
0.063375
0.043086
0.063828
0.067130
0.074926
0.073139
0.068711
0.069789
0.075099
0.070119
0.064199
0.065930
0.062838
0.063498
0.062484
0.064403
0.063595
0.062459
0.067478
0.064498
0.067312
0.067939
0.054602
0.064323
0.078663
0.066509
0.065589
0.062051
0.071812
0.066657
0.063798
0.067593
0.067307
0.067772
0.069602
0.068051
0.063354
0.064824
0.064741
0.067689
0.069021
0.067610
0.064119
0.067293
0.074430
0.067492
0.068625
0.067514
0.065537
0.064374
0.067279
0.067459
0.066535
0.068163
0.066009
0.067398
0.064244
0.065528
0.068641
0.063904
0.065623
0.066062
0.065549
0.065336
0.073379
0.067406
0.067292
0.063634
0.063812
0.062015
0.066223
0.064544
0.065143
0.063982
0.064105
0.062523
0.067973
0.066197
0.064860
0.067938
0.064688
0.066372
0.068264
0.067638
0.076267
0.064742
0.064960
0.064790
0.064933
0.068710
0.063378
0.068638
0.041789
0.064351
0.064132
0.064669
0.070056
0.064424
0.064124
0.065445
0.064530
0.062791
0.063823
0.063115
0.069907
0.065986
0.065319
0.066969
0.063790
0.063776
0.065731
0.063161
0.063497
0.062580
0.062346
0.062589
0.062185
0.060736
0.062147
0.062191
0.060129
0.043202
0.063093
0.041090
0.074382
0.042625
0.042571
0.063062
0.043092
0.044560
0.042581
0.042695
0.063047
0.062873
0.063786
0.061047
0.063776
0.063671
0.064731
0.066440
0.066706
0.066360
0.067794
0.067789
0.075366
0.067818
0.068303
0.064374
0.062815
0.064253
0.069238
0.062701
0.067684
0.067648
0.067587
0.067733
0.065475
0.067609
0.067524
0.065547
0.065709
0.062082
0.062770
0.064788
0.074642
0.063219
0.066429
0.065595
0.066313
0.066033
0.063118
0.063106
0.061324
0.063478
0.061614
0.066167
0.067368
0.064598
0.063060
0.065228
0.061820
0.066270
0.062197
0.064311
0.070972
0.067406
0.063584
0.066540
0.068052
0.065610
0.068048
