0.095546
0.062931
0.060477
0.062689
0.060451
0.061753
0.062403
0.062832
0.063992
0.060778
0.062659
0.064746
0.063982
0.062676
0.061043
0.062788
0.062162
0.061856
0.062946
0.062421
0.068537
0.062382
0.060765
0.062451
0.060972
0.060768
0.062384
0.065192
0.061137
0.062008
0.060973
0.064143
0.061025
0.062979
0.063053
0.061033
0.063009
0.061183
0.064851
0.063283
0.073064
0.063492
0.063126
0.063865
0.064412
0.061259
0.063106
0.062753
0.060881
0.064141
0.061211
0.062953
0.061577
0.063053
0.062706
0.062824
0.065990
0.063693
0.062074
0.062441
0.073910
0.064225
0.064162
0.064965
0.063043
0.063380
0.064193
0.063482
0.063229
0.061504
0.064488
0.062091
0.063846
0.063961
0.063656
0.063285
0.062502
0.063507
0.065635
0.062017
0.075272
0.063675
0.064209
0.062293
0.063751
0.061456
0.063750
0.061908
0.061767
0.064324
0.063566
0.063832
0.063581
0.063959
0.064198
0.062025
0.063978
0.062159
0.063795
0.063715
0.076191
0.063624
0.064533
0.064268
0.064484
0.064738
0.062216
0.062412
0.063285
0.064255
0.063905
0.064006
0.063861
0.061871
0.064895
0.062024
0.061884
0.061791
0.068256
0.061464
0.070471
0.065734
0.061871
0.066578
0.067098
0.063448
0.066631
0.063705
0.066196
0.062882
0.066141
0.067861
0.065900
0.065319
0.061719
0.063313
0.062291
0.060805
0.065751
0.066007
0.074952
0.063058
0.065954
0.068758
0.063575
0.063653
0.067285
0.062315
0.062303
0.063224
0.065413
0.060384
0.062751
0.061297
0.064698
0.063256
0.066373
0.067175
0.061603
0.063729
0.070056
0.063993
0.060781
0.066505
0.064560
0.063820
0.064900
0.063514
0.066664
0.060848
0.065919
0.063887
0.063350
0.062562
0.060942
0.066209
0.066104
0.063806
0.063607
0.064093
0.072180
0.066507
0.066261
0.061444
0.066366
0.061180
0.066352
0.061460
0.064769
0.063314
0.061213
0.062064
0.062838
0.062719
0.062466
0.062169
0.060930
0.062112
0.061468
0.062853
0.072810
0.064140
0.060902
0.063550
0.063913
0.061334
0.061098
0.061536
0.063184
0.062854
0.061608
0.064707
0.060953
0.061327
0.061689
0.061187
0.061387
0.064658
0.063796
0.063390
0.074980
0.060754
0.063254
0.063701
0.064260
0.061352
0.062711
0.063048
0.060779
0.063028
0.063414
0.063045
0.062852
0.063582
0.061386
0.063674
0.064266
0.063153
0.064562
0.063619
0.075039
0.062907
0.063215
0.062777
0.064123
0.064700
0.061921
0.063315
0.061210
0.062179
0.062553
0.064201
0.063133
0.062778
0.062701
0.061648
0.060451
0.063224
0.064389
0.062401
0.075732
0.064249
0.063437
0.064732
0.065658
0.062741
0.064703
0.064606
0.066104
0.063153
0.065174
0.064935
0.065011
0.064973
0.062971
0.062830
0.064354
0.062768
0.063402
0.064806
0.076078
0.065387
0.064300
0.062525
0.065838
0.064503
0.064883
0.063299
0.068660
0.063854
0.063343
0.062123
0.063484
0.064555
0.063333
0.063213
0.061408
0.066622
0.066622
0.064509
0.073153
0.062933
0.063543
0.063393
0.067700
0.061435
0.067136
0.063440
0.061383
0.062779
0.062727
0.060321
0.063200
0.063761
0.063213
0.063677
0.063591
0.065315
0.063606
0.064762
0.074834
0.063343
0.063767
0.067162
0.066485
0.067531
0.061391
0.062925
0.066558
0.061333
0.068792
0.064095
0.065037
0.063596
0.063691
0.061523
0.063243
0.062847
0.064734
0.061458
0.074760
0.061444
0.066921
0.067024
0.068627
0.066927
0.064842
0.063336
0.067446
0.063952
0.067975
0.061648
0.061319
0.063602
0.061517
0.063553
0.063541
0.065710
0.063377
0.061391
0.074471
0.066578
0.061579
0.066470
0.066786
0.061443
0.065842
0.062712
0.060802
0.062875
0.065456
0.063939
0.061126
0.062917
0.061259
0.061454
0.064696
0.063627
0.063254
0.062852
0.074640
0.060890
0.063853
0.064331
0.060863
0.061022
0.061319
0.061500
0.063488
0.062222
0.063216
0.062904
0.062665
0.063151
0.062938
0.063816
0.061275
0.064069
0.062968
0.060683
0.074062
0.060693
0.061093
0.062760
0.060751
0.060995
0.060772
0.060878
0.062801
0.063287
0.061876
0.060884
0.062683
0.062577
0.060645
0.063135
0.060434
0.060810
0.062681
0.060860
0.074101
0.062998
0.063436
0.060670
0.063805
0.062662
0.060953
0.062767
0.063849
0.061323
0.063310
0.061127
0.061236
0.063303
0.063150
0.064674
0.063725
0.064805
0.063683
0.062813
0.074833
0.064039
0.060574
0.062983
0.063116
0.061253
0.063262
0.061426
0.061540
0.066404
0.063568
0.064016
0.063104
0.063520
0.064072
0.063138
0.063013
0.062854
0.061003
0.063081
0.075054
0.061388
0.063285
0.063214
0.062365
0.061363
0.063281
0.062234
0.063176
0.063874
0.063366
0.063309
0.063394
0.064720
0.061486
0.063377
0.063062
0.064865
0.066796
0.064276
0.072996
0.065857
0.065917
0.062802
0.065966
0.065901
0.066993
0.064022
0.065855
0.063742
0.060820
0.063494
0.064204
0.062853
0.067347
0.070164
0.066032
0.066358
0.067955
0.061137
0.066759
0.060807
0.067379
0.070450
0.067584
0.065269
0.069965
0.070232
0.066901
0.066863
0.070113
0.061894
0.066185
0.061156
0.063661
0.064745
0.063914
0.065386
0.061758
0.063574
0.075061
0.063715
0.063662
0.066959
0.063835
0.064352
0.066169
0.066136
0.066109
0.066523
0.067228
0.063517
0.061783
0.064820
0.066810
0.064325
0.063193
0.064396
0.064150
0.062218
0.075099
0.065323
0.065068
0.065157
0.067668
0.065599
0.067733
0.062080
0.068418
0.062440
0.063778
0.063833
0.064809
0.063483
0.063967
0.067952
0.065232
0.067416
0.061973
0.065294
0.071342
0.065675
0.067564
0.067330
0.066880
0.066959
0.064987
0.062416
0.064317
0.063513
0.065578
0.064684
0.064394
0.067294
0.062762
0.065511
0.062294
0.064242
0.064149
0.064764
0.074006
0.070861
0.070141
0.070788
0.068451
0.068207
0.068106
0.070437
0.068626
0.067628
0.070407
0.065323
0.068009
0.062226
0.065841
0.067922
0.064964
0.063686
0.064538
0.061858
0.067098
0.063763
0.067429
0.070625
0.064095
0.067935
0.065555
0.064448
0.068039
0.065137
0.070470
0.071615
0.070296
0.068384
0.070796
0.067376
0.061594
0.064652
0.064341
0.062732
0.077955
0.064768
0.064907
0.064775
0.062052
0.061907
0.063669
0.063722
0.061636
0.064927
0.062226
0.061982
0.064227
0.064243
0.066101
0.063133
0.062101
0.061187
0.062399
0.062502
0.074103
0.063380
0.066589
0.060745
0.062500
0.064095
0.063873
0.068522
0.064110
0.064876
0.067528
0.065999
0.065841
0.065434
0.062544
0.063773
0.064893
0.064508
0.062552
0.064225
0.074882
0.064899
0.064436
0.064305
0.064243
0.064202
0.064282
0.064452
0.064664
0.063943
0.064136
0.066836
0.063259
0.064863
0.061327
0.061697
0.060492
0.062573
0.060365
0.061792
0.074990
0.064506
0.064018
0.063859
0.062188
0.064200
0.062509
0.065706
0.063891
0.066833
0.067016
0.061938
0.063850
0.067526
0.067382
0.062238
0.064359
0.064114
0.067386
0.067990
0.074431
0.064274
0.064331
0.064235
0.065325
0.061592
0.064565
0.064586
0.062055
0.063392
0.066481
0.064002
0.065212
0.068418
0.061831
0.063216
0.063266
0.063204
0.063252
0.063780
0.074747
0.061526
0.062727
0.063170
0.063392
0.067036
0.066034
0.066660
0.063296
0.061229
0.063349
0.063849
0.062302
0.063829
0.061786
0.064377
0.064342
0.064645
0.062706
0.063884
0.075777
0.063818
0.061417
0.063790
0.065060
0.063379
0.063365
0.061424
0.063420
0.063184
0.061314
0.064175
0.061930
0.063536
0.064093
0.061964
0.062679
0.062477
0.063610
0.061332
0.074487
0.062981
0.063072
0.061232
0.063927
0.061136
0.065033
0.061856
0.062844
0.061193
0.064410
0.063669
0.061692
0.062586
0.060606
0.062716
0.062772
0.061446
0.062880
0.066106
0.076170
0.062969
0.060940
0.063137
0.060815
0.062481
0.062349
0.062407
0.060162
0.062212
0.062873
0.062446
0.062792
0.063362
0.062752
0.060890
0.063328
0.063547
0.061282
0.061419
0.074200
0.062986
0.061225
0.062867
0.060659
0.062150
0.062493
0.061659
0.062593
0.063894
0.060624
0.062428
0.062351
0.062256
0.065093
0.064085
0.062364
0.064301
0.061989
0.062003
0.075539
0.064502
0.064460
0.063779
0.061620
0.061455
0.063252
0.061371
0.062330
0.064094
0.063850
0.061255
0.063256
0.063498
0.062289
0.064251
0.061369
0.063406
0.063323
0.063047
0.074175
0.063728
0.063484
0.063156
0.061084
0.063138
0.061282
0.061779
0.064649
0.063427
0.064516
0.063359
0.061434
0.063310
0.063652
0.063591
0.061415
0.061323
0.063330
0.064630
0.073262
0.064300
0.064205
0.063961
0.063667
0.063628
0.061683
0.065245
0.061847
0.061236
0.062911
0.063283
0.063427
0.063304
0.065314
0.063547
0.063566
0.064070
0.063629
0.064975
0.073697
0.067061
0.067193
0.064170
0.064063
0.061946
0.062641
0.062214
0.062331
0.061181
0.063313
0.063290
0.063258
0.067114
0.066846
0.064923
0.066760
0.066414
0.066552
0.068098
0.075274
0.064118
0.063302
0.061275
0.046734
0.042495
0.046623
0.042662
0.043789
0.044064
0.045547
0.042330
0.044059
0.045670
0.042513
0.043347
0.042646
0.045737
0.046552
0.042602
0.048187
0.042410
0.042363
0.043663
0.042795
0.042638
0.045789
0.042355
0.042398
0.043204
0.042572
0.040832
0.043411
0.043524
0.042512
0.046772
0.040791
0.041812
0.041746
0.039827
0.046046
0.041095
0.040509
0.040356
0.042307
0.045197
0.042084
0.042273
0.041961
0.042066
0.042578
0.041971
