0.101540
0.065132
0.064389
0.066176
0.064507
0.064490
0.064764
0.065163
0.064487
0.064484
0.064069
0.064539
0.064113
0.065145
0.064452
0.062531
0.063507
0.064668
0.064361
0.066734
0.068418
0.066372
0.063709
0.064183
0.062656
0.064301
0.064923
0.064554
0.065128
0.065022
0.062688
0.064293
0.065871
0.063891
0.064143
0.063524
0.060646
0.062530
0.063651
0.060398
0.073660
0.062733
0.061431
0.062515
0.060658
0.060837
0.062301
0.062238
0.060336
0.062327
0.062261
0.061877
0.062066
0.062278
0.062530
0.064732
0.065615
0.069301
0.065671
0.062270
0.066841
0.062900
0.060641
0.063088
0.062581
0.063020
0.060781
0.062322
0.061683
0.062729
0.063407
0.060476
0.060772
0.062587
0.062667
0.042239
0.063380
0.060514
0.062426
0.062503
0.073333
0.063633
0.063190
0.061374
0.062355
0.041659
0.041710
0.041269
0.042985
0.043041
0.042986
0.043445
0.043301
0.043284
0.043006
0.043321
0.041483
0.042941
0.044369
0.045103
0.075716
0.062480
0.064342
0.064456
0.043300
0.041161
0.064903
0.063756
0.064703
0.064325
0.062305
0.062274
0.065076
0.064781
0.063696
0.063585
0.061648
0.064242
0.062450
0.060856
0.074095
0.062426
0.062148
0.063307
0.062689
0.064288
0.063017
0.063794
0.063904
0.063282
0.063857
0.064095
0.063375
0.063278
0.064196
0.063240
0.062884
0.063530
0.064544
0.063291
0.074432
0.062934
0.063861
0.063442
0.063234
0.062804
0.062825
0.060399
0.062654
0.060400
0.061766
0.064514
0.063234
0.062884
0.062432
0.064154
0.063586
0.063039
0.062961
0.061027
0.073048
0.060347
0.063219
0.063424
0.064859
0.061143
0.062100
0.062200
0.062875
0.064067
0.062521
0.062496
0.062356
0.062624
0.062710
0.062907
0.063169
0.063367
0.063550
0.063036
0.072316
0.061083
0.063152
0.063661
0.063553
0.063584
0.062294
0.063493
0.064686
0.063767
0.063880
0.064411
0.063821
0.063423
0.063269
0.064139
0.063673
0.064439
0.064141
0.063625
0.073604
0.062710
0.064451
0.042997
0.065909
0.064174
0.064160
0.063333
0.064092
0.061406
0.064230
0.043060
0.063536
0.043133
0.043381
0.063942
0.063956
0.064244
0.065400
0.064461
