639.000000	324.000000	44.000000	56.000000
642.814697	328.532593	38.947800	45.598030
643.517212	328.709778	37.531422	45.074493
644.180725	328.627258	37.379669	44.297195
644.208984	328.755981	37.206429	44.334015
643.281677	328.396088	38.130424	44.376736
643.286133	328.484131	37.770363	44.090057
644.082031	328.683289	38.348270	44.243927
642.981812	328.709930	38.073990	44.439060
643.429016	329.006592	37.828590	43.604794
643.899109	328.289459	37.461823	44.891304
643.335327	329.323120	37.645065	43.809158
644.129333	328.406647	37.404675	44.051689
643.036743	328.578674	38.439560	43.981483
643.518250	328.917816	37.362919	43.769463
643.750671	329.142059	36.999428	44.290302
643.798645	329.557953	38.135410	44.251701
643.276672	329.113281	38.158569	44.894650
643.125732	328.895660	37.472843	44.862522
642.843079	329.023682	37.691601	45.425026
642.887878	330.020660	37.545731	44.469307
641.799500	329.769714	39.084938	44.281807
641.659241	329.894928	37.971504	44.856064
641.932434	330.467072	37.628242	45.035774
641.348511	330.729126	38.210907	45.699886
641.248474	330.603638	38.618980	45.720562
641.534180	331.818390	38.443859	47.088490
640.546875	332.054901	39.181778	47.408127
640.748962	331.742737	38.253712	45.513466
640.272949	332.200226	38.424389	45.472713
640.051270	332.702118	38.310215	45.297489
639.076416	333.128204	38.673561	45.858788
638.925659	334.412476	38.649254	45.685593
638.662537	336.136047	38.621655	45.042034
637.001526	337.104218	39.381447	45.481678
636.664978	336.766907	39.468994	45.822105
636.144043	336.769287	38.567005	45.965343
635.317200	336.752716	38.505634	44.983444
633.785217	335.421600	38.597088	45.397655
633.196594	333.857452	38.506310	44.914356
631.805359	331.932861	38.451946	45.235149
628.033813	329.978333	41.150879	47.113491
627.524048	327.749939	40.003796	45.655247
626.485413	325.683014	39.653973	45.926186
625.576965	322.494110	39.152534	46.257195
624.665161	320.871765	39.625809	45.365025
623.421021	318.383026	38.877361	45.685093
622.041748	315.128235	38.544567	46.432049
620.966187	313.021454	37.896729	45.988537
620.314148	310.324005	38.339931	45.311054
619.580811	308.978180	38.977600	44.953712
618.175537	306.905151	39.724049	45.643059
616.586365	306.354462	39.433926	44.554356
615.906128	304.229156	40.084766	45.892380
614.938049	303.741272	39.357319	45.059013
613.846680	304.033081	38.763672	44.966766
612.567871	303.786987	37.952232	45.234001
610.516602	304.552124	37.941792	42.803772
608.298401	305.325745	37.915623	42.869320
606.134766	305.733063	38.177582	42.339336
603.013062	307.478027	38.565231	42.610992
599.693237	307.744263	39.107796	42.934036
598.087646	308.314148	37.048050	42.768288
593.407532	309.625732	39.276447	41.555950
590.339539	309.531097	38.892365	41.985329
589.890808	311.288910	37.684963	41.279102
585.841553	311.624756	39.146015	40.336884
583.919495	312.286560	39.833397	39.641693
582.671692	312.643219	41.348595	39.608765
582.645447	314.704651	36.503983	38.234634
582.045410	313.511536	36.942993	39.143745
580.938354	313.768341	36.867676	39.241318
578.012146	313.694183	38.855122	39.283710
579.635254	313.578217	37.955128	40.534962
579.829834	313.895386	36.889896	40.140633
580.513428	314.101776	36.034584	39.852497
580.412048	315.278168	37.813290	39.596104
581.212952	315.295258	37.773632	39.877354
582.676514	316.187653	37.490356	39.690224
584.541077	316.634369	36.468777	40.005924
585.296631	318.067902	37.318123	39.498009
585.218689	318.529968	38.250362	40.384388
586.339233	319.520599	37.401375	40.582947
587.561462	320.781921	38.289352	40.747204
579.966797	324.784302	48.060432	37.963940
584.502136	324.376099	45.715054	39.899261
588.683228	324.888123	44.000923	41.306362
594.633972	330.525177	39.814747	37.847752
595.859131	329.508026	39.090618	43.042271
599.576111	333.800812	38.914028	42.790535
600.369507	333.979065	39.518963	41.659676
604.587219	336.648499	39.399139	45.554173
605.828613	340.067596	40.626156	43.260098
610.667725	342.785095	39.524128	43.387447
612.473633	343.673676	39.471970	43.206215
613.948181	345.618042	39.761826	43.319572
615.737610	347.996124	38.794498	41.333801
619.342346	349.878235	37.464699	42.042217
619.387024	351.907806	38.282593	41.812710
620.585266	354.103241	38.988945	42.296909
620.527527	356.421509	39.553749	42.094685
620.297546	357.960724	39.760429	42.290379
620.726196	360.021149	38.822098	41.729019
621.028931	361.435333	38.291218	42.496483
620.250000	362.381500	37.640121	43.382374
619.346985	365.130035	39.431446	42.023483
618.219055	365.603882	38.437157	41.963417
617.539490	367.079163	37.959969	41.574783
615.940552	368.971680	39.075630	42.279808
615.083435	367.819153	38.853207	45.018021
613.633545	373.120941	39.295929	40.520390
614.803772	370.829926	37.125221	42.638245
610.999817	373.736481	40.904240	40.871407
609.555359	373.069427	41.589848	43.042568
610.370117	374.925751	39.712902	42.131874
611.628784	375.533997	37.805950	41.476704
609.407166	377.100250	38.319069	41.718479
609.354248	377.372711	38.044022	40.800327
607.050964	376.610535	38.989315	42.674717
606.070190	378.532867	38.511452	41.249344
604.565063	377.802826	38.041447	42.795357
601.880310	377.409027	40.118008	43.968956
601.938538	378.889221	40.944813	41.937080
601.575806	377.146454	42.460003	43.668186
602.200806	378.437103	44.652672	43.124249
602.991516	379.211273	42.468216	42.590519
603.756165	381.525879	39.837128	40.676743
604.399597	379.702087	39.698658	42.452179
604.953918	380.144348	38.860790	43.011917
604.653564	380.644501	38.599064	41.786945
604.263855	380.545502	38.406452	42.492821
603.714539	381.759186	37.631721	41.590008
603.652527	381.064148	37.721367	42.879314
603.017273	381.788696	38.356567	42.728111
602.364075	381.206543	39.395973	43.805912
602.664062	380.963898	36.877064	43.576900
601.131653	380.826477	38.606583	44.096390
600.806396	380.067780	37.471516	43.626266
601.102173	380.198914	37.113136	43.816822
601.905945	381.289062	36.083797	43.007057
602.636230	382.463867	34.275013	42.104477
604.770508	382.151123	33.291763	42.689014
608.819214	386.125854	29.762600	39.291973
612.422913	389.924896	26.130777	36.093624
615.907776	389.370422	24.638988	36.480701
620.953186	391.066772	20.346487	34.308529
625.407654	389.132202	16.556868	31.576818
615.487244	390.424744	26.432589	35.541187
615.487244	390.424744	26.432589	35.541187
615.487244	390.424744	26.432589	35.541187
615.487244	390.424744	26.432589	35.541187
615.487244	390.424744	26.432589	35.541187
615.487244	390.424744	26.432589	35.541187
615.487244	390.424744	26.432589	35.541187
615.487244	390.424744	26.432589	35.541187
615.487244	390.424744	26.432589	35.541187
609.621216	376.543549	22.119791	37.722027
611.062927	377.230316	23.874216	37.542271
611.564087	375.993591	28.822273	39.267036
610.924500	374.643219	33.599941	39.548664
611.366150	375.558197	35.446842	38.922684
612.428711	373.740570	35.388294	40.080143
612.961121	373.599426	36.102573	39.089535
613.973755	373.232605	36.040035	39.828461
613.028076	369.287781	36.451031	40.509136
612.978210	371.516693	36.433506	38.696316
611.973572	368.024689	36.730965	38.800247
612.473206	367.948730	36.034054	38.897236
611.576904	368.253540	36.873020	38.642624
612.389099	367.703735	34.867294	37.336117
610.468872	365.909393	36.324390	38.656727
610.328796	365.650208	36.315281	38.797611
610.374451	364.313568	35.368111	38.612221
606.034363	362.012878	36.543663	38.376656
606.432617	362.330902	35.743965	37.955559
607.594177	361.849915	35.389694	38.411179
608.110840	361.360382	35.144527	38.550987
605.102112	358.553345	35.771793	39.307636
605.923950	359.716614	36.387131	38.032028
607.912048	359.944519	35.303394	38.200695
608.197327	359.206451	34.968178	38.122440
608.667542	358.719910	34.677441	38.510395
609.208252	358.395996	33.412533	38.789856
610.707214	357.555237	31.750648	39.134491
606.818665	356.914551	33.578690	38.675194
608.509827	357.225739	33.450996	37.941872
610.032959	357.756897	31.671783	37.769798
610.436279	359.248138	32.879906	36.387932
612.287659	359.048645	31.559814	36.550797
610.620056	359.474121	33.016289	35.930065
615.926636	361.064392	28.391502	34.572418
608.742065	359.636871	34.862160	35.495029
609.120056	358.590607	35.172352	36.527508
605.990234	355.864105	37.069244	38.714523
604.832214	354.157135	38.684479	39.774158
604.679504	353.641144	38.630856	41.432312
604.423218	354.863312	38.310696	39.367443
603.833435	355.485931	38.424652	39.491936
603.287476	355.486877	39.372086	40.953804
602.591064	356.368622	38.916901	39.365463
602.254700	356.353241	38.695419	40.253006
601.398438	356.816559	39.308979	39.526775
601.457886	357.612671	38.259632	39.290710
600.246582	357.477936	38.649887	40.034733
599.144104	359.455139	38.879974	38.268139
598.644043	359.324524	38.177368	38.679653
596.393677	359.678314	38.920750	39.174244
596.145081	359.284332	38.627048	39.161278
594.505493	359.514191	39.606693	39.899029
593.415894	360.341034	38.367619	39.364891
591.510559	359.542053	39.556061	39.573368
590.986755	359.868927	38.697948	40.430656
588.791016	360.299591	39.235077	40.058594
587.391846	362.872803	39.231030	39.927616
586.470337	361.800232	39.248985	40.129589
585.795898	362.337158	38.521984	39.113556
585.470215	362.302795	38.073746	40.158730
582.383179	362.363251	38.891155	39.180336
583.304932	363.489319	38.883553	38.569485
580.795532	362.231781	37.895325	38.963146
579.227539	362.352600	39.350475	39.729122
578.611633	362.347321	38.665413	39.213623
577.744385	362.907318	38.576591	38.955872
577.530701	362.437134	38.647446	39.710648
576.333008	363.187286	39.184830	39.032249
576.485046	362.646484	38.236183	39.357456
575.401794	361.760193	38.952263	39.961605
575.153992	362.496490	39.040680	40.542992
574.997437	361.894958	39.581348	40.472427
575.027283	361.397614	38.717873	40.837910
573.379456	361.122528	41.183033	41.160469
576.288757	361.655396	39.499241	40.635078
576.584717	361.389038	39.228737	42.136784
576.588623	361.670502	39.412167	42.045238
577.249146	362.541718	39.747219	40.599613
579.598694	362.746613	38.867912	40.409382
580.591248	363.032593	39.334431	41.108448
581.214050	363.320831	39.095005	40.966118
583.085571	364.713531	39.458561	39.567158
584.301697	363.522156	39.472889	39.539520
587.370361	363.910309	38.393742	40.652882
588.579102	364.137939	39.213844	40.252392
589.850769	363.937927	39.357353	40.025112
592.819153	364.348724	38.773670	40.427822
595.062866	364.050201	38.886036	40.678051
597.824341	364.409119	38.188869	40.340778
600.308289	364.808777	39.023800	39.838402
602.069336	364.790863	38.799313	40.491287
605.177856	364.572479	39.092602	40.977844
608.556091	364.897247	38.693943	40.450684
611.426270	367.052856	39.021667	40.299034
615.267883	367.687714	38.883556	39.208179
617.040833	366.242798	38.821877	40.329578
620.448486	365.292969	38.516502	41.254471
624.055725	365.983215	38.490147	40.388515
627.449036	366.513214	39.814713	40.469467
632.644836	365.124115	38.368423	41.807034
637.146240	357.816528	37.433449	42.584431
640.663452	347.620239	37.688828	43.259281
644.451782	335.821167	37.672428	44.019501
648.719604	322.684570	36.777065	43.635208
651.529968	316.603271	37.621918	40.459587
654.843079	313.790009	38.180840	38.447006
656.537292	313.555176	39.868916	39.742508
660.729980	312.408722	39.397530	40.729343
664.250122	312.697266	38.722443	42.195877
665.493591	314.026489	40.152386	40.489964
668.223083	313.448273	39.297974	41.526619
670.954590	313.999146	38.928829	41.596264
673.245117	315.335480	39.017803	40.963627
674.736816	316.180054	39.585400	40.430622
676.071899	316.055542	40.075829	40.826939
677.942322	316.303925	39.990623	41.192135
679.011963	316.851746	39.902149	40.784386
680.360229	315.055969	40.205524	42.884247
681.846924	315.585999	39.941811	44.204659
682.350159	317.377319	39.484356	43.578327
683.639709	317.519043	39.556087	43.417015
684.929565	318.653748	39.236629	43.548161
685.011902	319.356720	38.822018	44.698662
686.837891	320.264435	37.941982	44.272141
686.266113	321.702942	38.047722	43.385178
687.695190	321.592255	36.583035	42.749168
686.332825	323.403442	37.047581	42.651154
686.122314	323.947174	36.650490	41.399544
686.191650	325.865143	36.340279	41.100723
685.162537	324.885284	36.834484	43.664803
683.985596	325.440338	36.883472	43.871555
682.194702	325.754547	37.892746	43.197304
680.278076	325.244537	38.070316	43.768368
677.248352	327.032745	37.234650	42.076786
674.760559	328.878265	36.700733	40.975613
671.682312	327.220123	37.990730	43.307041
670.760742	329.020172	36.811733	41.692581
666.415344	329.886780	37.096149	41.399460
666.185608	331.319916	36.235523	40.220779
662.560120	331.009003	36.517490	40.912712
662.542358	331.362305	35.533882	39.868446
658.220581	332.762238	36.290443	39.487900
657.508362	334.037323	35.471775	40.372791
655.930908	335.218994	35.084938	40.442024
654.622864	335.028503	34.315399	39.670994
652.485474	334.962463	34.911041	39.988670
650.997620	335.571198	34.993526	40.427780
650.825012	335.884644	34.228668	38.893036
649.273804	336.439850	34.713924	39.707153
649.250610	337.687622	33.326569	38.919193
648.317932	337.341370	33.072151	39.435940
647.140259	338.428009	33.610207	39.583076
645.816040	338.866760	34.455315	39.567066
643.728271	335.933838	36.004658	41.970795
644.704529	340.946899	34.940098	39.874912
644.996338	340.853180	34.376427	41.266994
645.413452	341.928467	34.242458	40.455975
646.908691	344.116486	33.475899	38.799702
646.670349	344.063019	34.468666	40.093479
647.266663	345.639404	35.296703	39.594822
648.976746	348.303833	33.835121	38.303585
653.069702	349.817780	31.515579	39.009834
650.914795	352.832581	34.382954	37.199215
651.799011	354.726135	35.189964	37.902916
651.964844	357.126190	36.794846	37.904663
654.467041	366.992706	35.989986	29.574135
654.424744	363.906219	38.015911	34.774494
658.709290	367.360138	36.860294	33.311546
661.575562	372.056549	36.987465	30.827303
665.051758	373.886658	35.588287	32.707355
665.196777	369.581726	38.192287	39.355030
666.661987	370.577332	38.362812	41.314667
668.573486	373.622742	37.654400	40.261044
669.110657	375.887543	37.143044	41.072807
669.141907	375.362549	37.599682	41.924026
669.624878	376.889832	37.316151	41.885830
669.633789	378.124756	36.933456	42.776028
669.937378	380.316986	36.942600	41.428642
669.830505	381.695068	37.292561	42.716320
668.980591	383.736847	38.078541	41.987648
667.423706	384.508301	38.141552	43.200096
665.499023	386.413483	39.028336	42.344448
664.397644	387.877655	38.096706	42.213234
664.300781	389.574371	37.705555	40.662186
663.908081	390.452667	37.121986	41.743416
661.945251	392.496399	37.763176	40.473866
659.839294	392.428375	38.546089	41.630058
659.039368	393.366516	38.541424	41.615719
659.427429	394.258209	37.992897	41.667797
658.631958	395.099579	37.624172	41.388145
657.415833	396.608856	38.430454	41.177975
656.811340	396.471375	37.868587	42.980618
654.796753	398.007965	37.552631	41.105869
653.821655	398.461304	38.137482	42.120682
649.243408	398.015717	38.419693	42.199703
646.415710	399.108093	38.992382	41.868832
642.351013	401.170624	39.421154	40.510868
640.877197	401.914001	39.113323	40.945305
640.304810	402.764465	38.036243	39.024593
635.757507	402.988159	40.381828	40.365227
635.435242	402.903473	38.138424	39.556896
631.738220	403.734558	39.054230	39.585354
630.509949	403.646179	38.748573	40.462166
630.255249	405.147858	38.926201	39.141502
630.287537	404.712616	36.748684	39.024921
628.974670	406.094055	37.707718	39.726795
627.031250	404.058624	37.928318	40.389610
626.643677	405.171539	38.236271	39.553291
627.028809	406.488831	37.279968	39.171177
626.735901	406.562225	37.048656	39.560955
625.658081	406.453125	37.809807	39.195465
626.268494	406.870453	36.467999	38.876320
626.115662	406.413788	37.107872	39.673649
625.713562	405.809937	37.267628	39.580105
626.370667	406.651337	36.463516	38.856419
626.408997	406.788696	37.042095	39.185337
627.163574	407.530151	36.285519	37.923695
627.200623	406.131989	36.798458	38.695438
628.462463	406.761597	36.708763	39.007854
630.122131	406.245667	36.721657	38.946564
631.419922	406.653137	36.099628	38.543438
632.282532	405.355530	37.119045	39.179848
633.903870	405.911133	37.066021	39.130119
634.746155	405.333435	36.862007	39.268398
637.538513	405.582703	36.995705	38.643883
638.336487	404.887604	36.891022	39.403446
640.169739	405.319702	36.824329	39.209164
641.941589	405.008881	37.025520	39.384544
645.327393	403.275574	37.592442	40.416172
649.157471	402.719757	36.902576	40.297768
651.622742	403.020966	37.832832	40.229309
654.298706	403.881836	37.235989	39.210781
655.999756	403.103821	39.080090	39.991909
657.785889	403.601624	37.659973	40.075603
659.313782	404.301544	37.463261	40.396152
660.180481	405.469635	37.500286	38.917995
661.478210	406.098999	36.936138	39.342316
661.330750	406.687073	37.648216	38.940960
662.630676	406.616638	37.426682	40.239006
662.711731	406.113007	37.403706	39.991795
663.093689	405.223236	37.152458	40.718506
662.448486	406.442017	38.041313	39.774128
662.744629	406.276550	37.045547	39.370113
662.506714	406.405243	36.701302	38.323650
661.472229	404.592865	37.193359	40.400448
660.644592	404.574219	37.225475	38.642204
660.083679	403.052856	36.969219	39.811962
659.755310	401.287415	36.671333	39.419281
657.782776	400.783264	38.060329	39.894318
656.975952	399.900452	37.431717	38.463711
655.653320	398.850861	37.885441	38.681068
654.110107	395.599396	37.337284	40.600822
653.233398	396.262299	37.086132	38.089596
651.333191	393.144653	37.313576	39.464977
648.625671	391.477417	37.582756	38.942486
646.924194	389.992737	37.808197	38.620476
643.283447	389.415833	38.684734	38.343731
640.049194	386.380768	38.807320	40.344311
635.772095	385.094147	38.841030	40.786434
634.934937	386.318024	37.004913	39.772648
631.689575	383.970398	37.380241	39.851738
628.150085	383.014221	38.348904	41.362286
627.428162	382.585999	36.355476	39.562344
624.039734	382.987061	36.838974	39.306175
622.110840	380.653137	36.056274	41.356750
620.221130	380.176453	36.548199	41.473877
617.828369	378.844666	35.960655	41.711815
616.740234	379.606995	35.698322	40.485306
614.129395	378.331787	35.885342	40.024712
614.939209	378.275604	35.119816	39.939426
613.620178	377.631775	35.688698	40.916553
613.566345	377.798889	34.432117	39.998192
611.885681	377.739716	35.727676	38.703571
612.304138	376.800018	34.335968	39.368851
612.102661	376.468872	34.825279	39.022373
612.024597	377.310333	34.264797	38.421864
611.021667	374.829773	35.125805	39.910648
611.503601	375.579254	34.423534	39.204063
612.553284	376.431946	33.296177	38.504829
613.119995	374.745972	32.682632	39.694599
612.469482	375.076447	33.582272	39.348125
612.978882	375.559998	33.958191	38.647667
613.931641	376.764648	33.604675	37.579552
614.966614	377.143219	33.145378	37.789108
616.697388	377.558472	32.601280	37.298950
618.516785	377.697327	33.019547	38.157318
619.281067	376.334686	34.127262	39.173893
626.658813	378.889191	29.225182	37.108513
629.596130	379.203339	27.695639	36.386284
629.881042	379.588379	29.814596	36.037594
634.372009	379.683777	27.043543	36.717987
637.381531	380.588715	24.931602	35.443676
636.339478	381.162048	27.582645	35.531666
638.288818	381.345917	26.909870	36.226887
641.468384	381.064697	25.421974	36.668694
642.722229	382.336670	25.269596	35.535381
643.989807	381.970825	24.672337	36.475212
641.633606	383.242035	28.108589	36.260960
645.067627	383.277374	24.600573	36.720287
643.972046	384.559875	25.636120	36.286953
643.668945	385.220306	25.870384	36.296349
641.434631	385.981659	27.663317	37.234592
640.624023	387.341492	27.658817	36.726654
640.214844	388.266388	26.551205	36.032787
637.149414	387.986542	28.954327	37.325371
637.279480	389.576172	27.080032	36.929913
635.668518	390.254639	27.350044	37.210697
629.659363	390.035675	32.581097	38.508945
624.864990	388.632996	35.327129	39.103104
622.275085	390.597046	35.760365	38.954262
618.889832	391.986298	36.378128	39.112663
615.903381	388.039825	37.193657	42.514900
613.574768	391.142517	36.495613	39.637398
610.631042	390.188293	37.279083	40.727787
608.160156	390.795105	38.458485	40.434994
606.072998	390.803467	38.176708	40.785538
605.022522	391.733154	37.327335	39.999599
602.117126	392.434814	38.870190	40.208115
600.825256	392.567657	38.264446	40.607925
600.394348	392.145844	37.891071	41.007584
598.489380	393.224274	38.437859	41.098171
597.290405	393.693542	38.221199	41.062408
597.452820	393.449127	37.801979	41.749466
595.963989	394.070557	37.730389	41.704517
594.935913	393.736938	38.134880	43.082153
595.536560	394.716797	38.570091	42.640865
594.402100	394.247131	38.743916	43.876854
594.696777	395.134155	37.682686	43.051624
594.781799	395.448090	37.874138	42.710930
594.555969	396.687775	38.326447	42.460976
596.256592	396.658539	39.286800	42.798046
594.934204	397.292816	40.306076	42.385082
595.960938	398.958984	41.233746	43.136791
596.099609	399.084015	41.784389	43.778637
599.528992	399.787262	39.901890	41.867577
599.466797	400.279449	40.258095	42.026489
601.432556	401.442200	39.135113	41.704247
601.981323	400.493317	39.840332	43.201817
602.370483	401.600952	38.785664	42.910072
601.596313	401.754578	40.224209	44.090107
604.105591	403.080994	38.172588	42.944786
603.984985	403.945557	38.638958	41.799587
603.974121	403.696991	39.210175	43.038857
605.930786	404.344910	36.829006	41.953972
605.891663	404.232056	37.609943	41.447311
606.132812	405.083618	37.900635	41.278908
605.561462	404.788544	38.372047	41.227859
605.620605	404.891663	37.973015	40.171658
604.841614	405.433777	37.072456	39.279205
604.448242	403.328644	37.189964	40.301796
604.330505	402.635284	36.869350	39.530407
602.265198	401.444824	37.958183	39.137226
600.609985	397.598663	38.759357	41.535027
601.054688	397.352966	38.278545	39.640110
600.652222	395.748962	37.129353	39.278214
598.353577	393.349731	38.540195	39.545868
598.940552	391.885468	36.917969	39.533813
597.075500	388.264587	37.269474	41.213448
594.522644	387.088409	37.759880	39.275681
593.749634	386.036469	38.095764	39.226215
591.036194	382.732971	38.068668	39.231525
591.131165	381.867249	36.986649	38.893795
589.144043	380.174072	35.730442	38.079617
586.394897	377.969116	36.765610	38.308144
585.034424	375.246124	37.110428	39.180126
583.242249	373.528961	36.791080	37.999325
581.588867	370.565186	37.356781	39.635593
579.783447	369.456055	37.362038	37.909794
578.587708	367.379272	37.339272	37.897297
575.536011	364.144745	37.456810	39.159569
576.291565	364.236115	36.764557	37.011127
574.101318	360.083221	35.853806	38.179871
573.902710	359.352051	35.441841	39.413792
572.623779	355.959229	36.301559	39.191547
572.815125	353.637329	35.439533	39.526447
572.971558	352.039093	34.939228	38.675331
572.208191	351.130768	35.287468	38.832706
571.389893	348.239258	36.059872	39.791115
570.638794	346.436310	35.705021	39.591900
570.120422	345.556549	35.840862	38.829563
570.140930	344.088104	35.410660	38.335392
570.087952	342.715881	35.035183	39.027832
569.565063	339.095215	36.246140	40.734112
569.996521	339.387329	36.518780	39.462063
570.801453	336.466553	35.611332	41.022533
570.086853	335.991638	36.516354	38.904388
569.086426	333.819122	36.540226	39.670055
569.139160	331.658661	36.104057	39.650066
568.567261	331.185242	35.503750	39.650482
569.153076	330.563354	35.719360	39.562141
568.773499	329.722229	35.928692	39.512299
567.706787	330.640564	37.290535	38.589752
566.339233	328.877747	36.951637	40.290192
566.285278	329.980591	36.907295	39.905704
565.372498	331.683929	36.431316	39.206112
563.946960	331.951385	35.848503	40.040783
561.808411	332.863403	37.472115	40.917583
560.839050	333.903290	37.161732	40.829491
559.673035	335.219116	37.854908	41.529629
558.021301	336.664001	36.054375	41.747711
555.766418	339.339844	36.958267	41.737816
553.564087	341.239990	36.734154	43.140381
552.045166	345.139526	36.528034	41.649803
548.521729	347.756165	36.371185	41.716759
547.513733	350.127808	36.053452	40.793652
544.160217	352.760345	36.793690	40.731995
542.891968	356.844696	36.297871	40.296021
540.371887	359.503204	36.241074	39.757648
538.699768	361.965240	36.581596	39.855606
537.178650	364.943542	36.177341	40.846519
535.745239	366.959167	36.611980	41.710159
533.766968	371.157898	36.035801	40.671600
532.741333	372.377808	35.902550	42.288788
533.382996	377.965149	33.769047	41.802929
532.351196	379.783447	33.833836	40.221008
531.758972	383.797363	33.327778	41.540390
530.508545	385.991974	34.146000	39.554409
531.527344	388.403778	32.675323	41.570866
529.353210	391.846588	33.758648	39.993271
527.328857	393.221222	35.692677	41.335442
527.083130	395.723083	34.959312	40.673401
527.155396	398.352783	36.048576	40.687634
527.185852	399.696228	34.804180	40.930809
527.443787	401.853180	35.293003	42.168503
526.366516	402.956177	35.897167	43.110214
528.697449	409.759125	33.956417	38.998489
528.879517	408.517273	35.101505	42.227261
528.847290	411.122864	35.357388	42.759628
529.308411	414.196106	35.219994	42.593090
528.587524	413.929199	37.075523	43.991436
530.383362	417.588135	36.706627	43.331768
532.418762	419.229462	36.496708	42.923378
533.244629	423.187256	37.101746	43.316242
536.649475	426.351868	35.163292	41.454639
537.862427	431.494598	35.644947	39.660828
539.675476	434.026093	35.616829	38.485146
541.915466	437.173889	34.796516	37.470043
542.108948	443.625641	35.511776	33.055302
543.068298	445.714752	36.988735	33.267689
546.926758	445.720398	34.739204	34.774239
548.356750	441.584076	36.671967	41.044418
550.014038	442.176239	37.104511	41.661865
551.901733	443.070648	37.949062	41.101746
555.609802	444.415558	37.052593	41.252094
558.451721	444.929077	37.285259	42.725327
559.355408	447.505096	39.143593	41.544014
562.401917	449.023987	38.568935	42.405792
565.927490	450.696198	37.990364	42.039845
569.101440	452.416077	37.998322	41.443050
572.761536	453.698181	37.595089	41.874043
576.183899	454.853180	37.488949	42.668144
577.472351	456.484650	38.885876	41.505791
581.794067	457.600769	38.249836	42.848454
585.002258	459.427246	38.427013	42.157623
587.193176	460.612671	40.172691	43.212849
591.552368	461.569244	39.099316	42.438492
594.772644	463.098480	39.343857	42.612751
599.381958	464.306885	39.013897	42.819408
602.783325	465.762939	39.464443	42.303703
606.659546	467.344330	38.726086	42.314312
610.762878	468.571838	38.782162	42.534878
614.919067	469.660858	39.269810	41.928944
619.326660	470.925873	38.931335	43.114742
626.070862	471.920715	37.162815	42.211380
631.212280	474.011353	37.719177	41.397591
634.823608	475.133850	38.932072	42.524727
642.051453	476.467377	37.195488	42.237503
643.467529	477.650085	39.434875	42.193066
648.188416	478.290527	39.045982	42.459442
652.159973	479.771667	38.770676	41.620792
654.770203	482.175079	38.725498	40.552547
657.423279	482.683960	38.887474	41.890617
660.148804	486.087189	38.038925	40.548923
662.239441	485.925385	38.751514	40.811447
664.105225	487.203094	38.798428	41.399895
668.305969	491.285156	37.359257	39.298943
669.041992	491.008698	37.969501	41.149929
670.954895	491.319458	37.634361	40.784855
671.996155	493.389740	37.540909	39.949760
672.248413	491.643646	38.450867	41.386021
672.814819	492.370117	38.519348	41.268528
673.389221	492.704224	38.807247	40.819607
673.619751	491.623657	38.607029	41.792122
675.316528	491.611786	37.717876	41.871395
673.932983	490.782593	38.748470	41.900639
674.201477	490.884033	38.115856	42.727665
674.713989	490.006622	38.105900	42.161427
674.128418	489.989319	38.065567	41.675011
673.772827	489.551636	38.162716	41.300690
673.095093	488.662872	38.200100	40.721157
674.533813	487.622192	36.293541	40.446442
674.739746	488.670074	34.715702	39.882290
674.459473	488.091614	35.645836	38.879730
672.900574	486.144165	36.577507	39.290005
673.911011	485.621582	35.259758	38.566547
673.252502	483.720184	33.610554	38.220215
677.018250	483.441406	29.144274	37.083569
678.817810	485.576019	24.990189	32.895508
681.596985	485.770294	20.549835	30.958122
681.596985	485.770294	20.549835	30.958122
681.596985	485.770294	20.549835	30.958122
659.361267	485.141113	14.956448	22.391788
658.441467	481.576599	16.997168	22.529896
657.594055	477.731628	19.157295	25.368689
655.416443	468.816803	25.425133	31.883396
652.510559	460.677399	27.402571	36.202106
649.372986	455.001770	31.710817	38.886856
648.081787	452.888000	35.706444	39.754364
646.065796	447.859161	37.234554	38.978294
643.727295	446.884644	37.287136	38.159393
640.993835	441.969849	37.516476	37.876236
638.063477	437.643555	37.652210	40.099262
635.067810	434.137726	37.632133	39.390652
631.943359	433.504181	37.368668	39.010952
629.063354	429.757172	37.488194	39.482948
625.941345	426.902863	37.912178	41.996700
622.699463	425.707031	38.618488	40.033161
619.111084	423.495392	38.800312	41.773827
616.319214	422.762390	38.795685	41.033234
613.275696	422.922913	38.542793	39.949066
610.324707	422.792236	36.699970	40.818825
608.068237	423.526306	36.364147	39.813839
603.521790	423.277344	36.531319	39.886078
600.375061	423.631165	35.618805	39.872452
596.655212	422.325806	34.139679	39.249413
592.838501	424.095215	33.645950	38.423916
588.794495	427.941071	34.246128	34.285831
581.177490	424.138489	36.879627	38.294632
577.785706	423.803864	35.884766	37.292995
574.429016	427.677551	35.618008	34.926605
572.124939	432.009857	32.253738	30.631144
565.871826	431.812531	35.148060	30.117760
561.614563	433.473511	34.189072	27.100470
556.680359	434.999634	32.910557	25.341692
550.603760	433.897888	35.181271	27.893036
547.043396	435.650726	34.996037	26.519514
543.591064	435.315155	34.619270	25.753403
538.462585	431.206970	35.099979	29.519754
535.217590	432.800354	34.107578	28.971478
531.718201	433.511688	33.601940	26.950598
525.959778	436.862823	34.075329	23.500423
524.025024	431.419922	34.611954	28.022425
517.542908	431.003235	36.227459	29.874689
511.515747	430.812439	35.533554	29.977007
505.747894	438.592834	27.672554	23.205372
501.647064	440.169647	28.379063	20.444731
497.157410	436.581818	31.305655	25.387655
493.336487	435.757477	31.586451	26.829884
489.565247	436.360321	29.429081	26.372217
483.155975	426.631042	34.943378	36.106987
478.749084	424.571625	36.400913	39.213707
475.140930	426.887390	34.235226	36.445835
469.646637	424.042999	36.131092	38.995598
464.922699	425.035645	36.891987	37.775940
462.765106	425.838837	34.043098	38.212109
456.645081	425.782440	34.550175	38.123760
451.917755	426.409882	35.107944	37.544571
447.753815	427.008606	34.358482	38.995113
443.903137	423.217987	33.859955	41.325191
438.461487	426.122528	34.464642	38.977055
431.570923	421.704529	37.505424	43.305080
428.456604	424.961060	35.689365	40.804157
423.966919	425.117493	35.368359	39.811733
419.020050	426.104828	35.341831	38.845074
416.163300	427.002747	32.695938	38.554035
407.357208	421.853180	37.772449	42.593559
403.081787	425.778259	35.722672	40.335129
398.018585	427.188385	34.001011	37.851681
390.019104	422.145416	37.379868	42.752354
386.946869	425.767975	36.091232	40.220833
381.827209	424.853455	36.300411	41.212551
377.989044	426.456329	35.363583	39.516098
374.239227	427.660370	35.660141	38.920418
369.799438	423.700867	38.147720	42.856075
367.147095	425.936462	36.962967	41.095615
365.332184	427.085754	35.986805	41.707874
361.136353	425.024353	38.370975	43.682640
361.148285	428.650818	36.776920	40.312706
358.354187	429.151642	38.021854	41.619270
356.690369	426.645660	38.638088	42.862976
356.313873	428.841125	37.088829	41.008942
353.745972	430.462189	38.634384	41.115002
352.297852	428.521271	39.574169	42.449871
352.029236	429.742065	38.494476	42.187893
351.926788	430.056702	38.117176	41.955963
351.991302	431.195526	37.905064	40.996235
350.755005	431.812622	39.005199	40.513638
350.036163	432.543518	38.686367	41.430878
349.460876	433.305908	39.267242	41.255890
350.362946	432.775574	40.187840	42.332428
349.984802	433.465515	39.782688	42.399784
349.905151	433.671204	40.180878	41.877228
351.622253	436.514740	39.106308	40.560524
352.116791	436.305725	39.493477	40.819031
351.677460	436.490967	39.707153	41.532318
353.153778	436.307129	39.407452	42.138157
354.621216	437.556763	39.991875	40.610363
354.760223	437.752991	41.233688	41.246620
356.079041	437.524994	40.642002	42.378395
357.976013	439.605103	41.270309	40.519661
361.409790	439.216736	39.455887	40.880867
361.947693	439.823578	40.457924	41.256844
363.400543	440.968842	41.556179	40.651001
365.658173	442.607239	40.792404	40.904324
367.392059	443.345581	40.458187	40.670624
371.917114	444.424896	39.744648	39.816689
374.946350	445.360809	39.384796	39.780190
378.370544	447.290710	39.099388	38.943165
377.536072	447.950195	41.309227	39.193073
383.089020	447.967590	39.766529	39.054817
383.421326	448.638489	40.146519	39.671379
388.520569	449.095093	38.942089	40.713642
392.055145	449.782104	39.624187	39.894989
392.834778	450.876648	40.260834	41.612396
399.311646	451.893402	39.013813	40.018322
402.669037	452.191986	39.275257	40.623219
407.017090	453.217346	38.045422	40.750019
408.901672	453.882935	38.876427	40.826767
413.851776	454.128754	38.565296	41.397900
417.780884	455.479553	38.974419	40.784664
420.721313	456.322205	38.610504	41.143475
426.638702	456.761108	37.382584	40.216457
429.990723	456.670166	37.804905	40.980236
434.227020	457.212646	37.467876	40.398666
438.735229	457.988586	38.971928	40.866371
444.211426	458.716736	37.338135	40.386063
447.928558	459.832886	37.980061	40.933678
452.509796	459.705109	37.553204	41.482651
458.303101	461.765503	37.302269	39.322723
463.520752	462.643555	38.251205	40.294453
468.143524	462.888306	38.890865	40.698700
474.699585	462.177490	37.193493	41.425083
478.757935	463.139099	37.126621	41.154743
482.814178	465.181213	36.612507	39.610966
486.523560	466.412384	36.266563	40.124149
489.768036	468.463043	36.870220	39.624809
492.615692	468.408203	37.228146	41.518898
495.471680	468.915314	36.420197	40.301735
497.260651	469.453583	36.906410	40.084145
499.870605	468.939789	36.482689	41.484444
501.114746	470.644897	36.306896	40.358772
502.492432	471.453766	37.108765	41.067123
504.620148	472.531769	35.663292	39.748680
505.187408	473.388916	36.591618	40.329792
505.907471	474.275970	35.627716	39.925556
506.199677	474.254730	35.615894	40.341381
506.675415	474.451599	36.082855	41.409172
506.035461	476.840881	36.713127	39.807583
506.561615	477.882996	35.828182	39.240540
506.329315	478.877441	35.395432	39.429352
505.199524	479.931030	36.257561	39.588009
504.476074	479.423004	35.877689	40.255222
503.408081	480.849182	36.459099	39.765217
502.300781	482.322266	36.446507	39.030376
500.875610	483.497437	36.330093	39.214405
499.272461	483.934235	36.234108	39.064957
496.778473	485.466156	37.841969	39.077164
495.018951	486.488373	37.360283	39.255222
491.081848	486.987000	39.519268	40.034084
490.010895	487.462860	37.919662	38.560608
486.692261	488.764282	37.301647	38.561523
484.898895	489.833099	37.226753	37.638004
482.502960	488.620422	35.377708	37.779045
479.429077	489.640381	34.975739	37.331921
475.252747	489.453705	35.855495	37.432995
472.336365	489.523254	35.157734	37.251801
467.960754	490.364899	37.760647	37.137730
461.837250	489.216736	37.770981	38.713223
457.266388	490.678345	39.224545	37.912766
452.185120	489.971375	37.532837	38.215614
448.310028	490.499176	36.420738	37.731808
444.245056	490.746094	37.356289	36.963459
440.789795	490.702789	36.146118	37.016918
437.314453	490.375244	36.252670	37.513824
433.967865	490.179871	35.718716	37.593567
430.834473	490.849274	35.420815	36.988464
428.170990	490.693939	35.700294	36.645683
426.140320	490.401337	35.475410	37.155777
424.571777	490.486633	34.861065	36.268066
423.235199	488.864838	34.047710	36.905510
422.625977	490.115967	33.630386	35.658875
422.676575	487.239899	32.071995	36.776955
419.285706	484.744080	33.699566	38.100304
421.387634	486.200989	30.506250	36.262043
417.670441	483.088715	32.727329	38.259727
415.040771	482.598816	33.533367	37.798897
417.100647	483.582428	30.760771	35.983223
414.132904	481.743622	32.965786	37.629055
413.077759	478.495056	33.939804	39.340675
413.562683	479.901062	31.818048	37.637787
413.371185	476.881897	32.075260	38.853901
413.223999	476.851318	32.279633	38.463287
412.121948	475.779175	33.339184	38.494148
413.774231	475.924377	31.211861	38.166962
411.346130	473.098724	33.583176	39.845901
412.160492	472.867493	33.263775	40.103924
412.603088	472.647247	33.515629	39.518501
413.280365	472.933289	33.281376	38.438057
414.230560	468.816711	33.063198	41.515903
414.749146	470.306885	33.626503	39.709957
418.273621	471.253723	31.893690	38.014351
420.455811	471.970093	30.849512	36.677441
419.968048	471.473846	32.103767	36.848618
423.397675	470.647217	30.491161	36.859966
425.057312	469.638550	31.352262	37.532799
427.075317	468.462189	31.468513	38.081352
429.911987	468.428864	31.223280	38.031174
433.748535	469.029358	30.285526	36.940403
431.967438	469.350433	33.496605	37.067326
435.739716	468.047516	31.937603	37.618046
440.528046	467.864502	29.664082	37.883816
441.450592	467.590088	30.579678	38.554852
439.704071	467.894043	32.344524	38.380898
442.352570	467.405914	31.779808	38.711250
444.943451	467.046112	30.867172	38.432774
445.093872	467.991791	31.906267	38.120613
440.437653	464.924011	37.501907	40.564739
441.615784	466.151123	37.929119	39.744770
444.484406	466.979340	36.058006	39.764832
445.751770	465.984985	35.619755	40.204918
442.574585	466.175598	37.941055	40.317528
443.033844	461.399506	39.104805	44.052452
444.746094	465.371948	37.761547	40.859192
444.192535	461.553406	38.817478	43.919075
442.558411	464.254730	39.070213	41.072433
442.671600	463.374237	38.720833	42.015789
441.163940	463.358521	38.961411	41.750229
440.140137	463.119446	39.106277	41.799786
439.654022	465.004547	38.409134	40.758751
438.311768	463.183441	38.002499	42.949722
435.919861	464.784363	38.522842	41.493107
434.433716	462.991730	37.776318	42.999340
430.895630	463.891876	38.951900	41.846554
428.553253	465.108948	39.375248	40.422260
426.008484	465.364929	38.650177	40.576992
423.615509	465.494019	39.610249	40.233215
419.509674	464.767212	40.220451	41.746590
417.329559	464.992767	39.213661	41.709934
413.516998	464.345795	39.837788	42.576038
411.203674	466.925201	40.610626	40.225033
407.303497	466.380707	39.377174	40.989826
405.152954	466.027252	39.865986	41.832344
400.156647	467.617096	41.169670	39.542564
397.008118	467.344635	40.590183	40.818333
396.172272	467.662170	39.210773	41.129475
389.649017	468.362152	42.238819	39.469200
386.934784	468.323059	40.774738	39.440010
383.757172	468.495056	40.001621	39.349041
379.942474	468.348755	40.963238	39.311188
376.819885	467.909698	41.361813	40.704918
375.094696	467.657745	40.755634	40.812168
369.042450	467.429657	43.777485	41.251549
368.629791	468.596924	41.182541	40.455353
368.153503	469.565796	40.013321	38.997589
364.045929	469.269440	40.588619	40.523365
362.336395	469.154053	40.610340	41.063938
359.292572	470.724182	39.765553	40.649872
358.111420	469.545471	40.238605	41.143436
351.424408	471.101898	42.201984	41.150265
349.444427	471.797302	42.178753	41.765892
348.455383	471.258331	41.535656	39.519886
348.417511	471.624756	40.258736	41.660538
347.638702	471.177948	39.998981	39.878494
346.650452	472.239929	40.180393	39.251865
346.959137	470.322662	38.467140	42.195660
344.674408	472.837708	39.917835	40.617767
343.962067	473.768921	39.752983	40.358856
343.741180	474.798798	39.525150	40.165970
343.905151	475.062225	38.568394	38.926090
342.545624	475.318359	39.010185	40.430557
342.202728	475.660950	38.164242	39.608467
341.923523	475.437408	38.540100	40.336086
342.174286	475.311279	39.015488	41.589439
341.648560	475.674103	38.698284	40.699562
342.157288	475.974609	37.987549	41.084038
342.092102	475.989044	37.337559	42.116650
343.632263	477.449463	37.553082	42.870434
343.571716	476.698883	37.162048	38.525345
345.251770	477.047333	38.396381	40.679138
347.160522	477.684784	37.444355	42.430683
347.447388	478.339752	36.651508	40.917492
347.963135	478.414185	37.321312	40.681953
350.383270	479.324738	37.425125	40.511303
353.052521	479.465607	36.930077	40.517624
355.857483	479.539093	36.289703	40.087227
359.504608	480.785339	36.385303	38.014606
361.303009	479.572449	37.417763	40.035545
363.351440	480.192474	37.492336	42.113636
364.044098	481.873779	36.182232	40.214539
365.643036	481.721649	36.347988	40.999424
365.847870	482.656799	37.352745	41.062504
366.344818	484.791290	37.279160	39.968830
367.129974	485.491241	37.258823	40.753231
366.334076	487.457001	37.005642	39.394260
366.716736	488.164459	36.281971	39.075874
368.153656	488.985413	35.899101	39.225124
365.905487	490.232422	36.415913	38.954483
