0.093770
0.064186
0.064265
0.064214
0.062243
0.064205
0.064619
0.064227
0.065650
0.064291
0.064157
0.064298
0.064391
0.061606
0.064232
0.063628
0.063679
0.063563
0.063831
0.063890
0.074010
0.064045
0.064136
0.063984
0.064305
0.063961
0.065010
0.064226
0.063947
0.063488
0.063459
0.064800
0.063991
0.064529
0.061782
0.063986
0.064070
0.063858
0.064034
0.063717
0.075399
0.064383
0.061953
0.064332
0.064186
0.065356
0.064024
0.064316
0.063909
0.064579
0.064188
0.064127
0.064014
0.064267
0.063977
0.063893
0.064008
0.062369
0.064557
0.064278
0.075412
0.063536
0.063575
0.064394
0.063938
0.064803
0.063580
0.061477
0.061707
0.063816
0.064985
0.064412
0.063713
0.064602
0.064118
0.061776
0.063511
0.064470
0.061950
0.062008
0.074885
0.063408
0.064388
0.065425
0.064033
0.063763
0.063964
0.061886
0.063786
0.065577
0.061820
0.063686
0.063624
0.063571
0.063941
0.067126
0.064683
0.063990
0.064424
0.063773
0.075918
0.062618
0.064456
0.064543
0.062402
0.062306
0.064301
0.066118
0.064754
0.064106
0.063907
0.064111
0.064345
0.064691
0.062362
0.064378
0.063997
0.064629
0.064860
0.063484
0.077155
0.064620
0.062463
0.064092
0.064684
0.064894
0.065294
0.064250
0.042976
0.064183
0.063627
0.062948
0.066049
0.067836
0.043183
0.064726
0.062586
0.043476
0.043652
0.067968
0.073515
0.062285
0.064716
0.067722
0.068589
0.067672
0.068198
0.064513
0.064561
0.067944
0.066203
0.062804
0.064670
0.043545
0.043136
0.043057
0.043977
0.044798
0.046978
0.042793
0.048962
0.043245
0.043548
0.064204
0.065922
0.065137
0.064598
0.065312
0.064864
0.062504
0.064996
0.064805
0.066282
0.064414
0.064612
0.065317
0.064920
0.065054
0.064428
0.064253
0.076267
0.065224
0.062981
0.065024
0.066892
0.063051
0.064598
0.062404
0.044773
0.041841
0.040034
0.041895
0.041768
0.041703
0.061874
0.042750
0.062085
0.062083
0.061814
0.061790
0.073783
0.063821
0.062303
0.062324
0.062539
0.060488
0.062369
0.060793
0.062491
0.062323
0.062119
0.063244
0.062530
0.062929
0.062519
0.062359
0.062282
0.062182
0.060374
0.063335
0.073728
0.060042
0.062873
0.062131
0.063800
0.063115
0.062476
0.062917
0.062482
0.062083
0.063106
0.062090
0.060799
0.062237
0.062289
0.061980
0.062702
0.064727
0.063244
0.062834
0.073542
0.063481
0.062817
0.062865
0.063021
0.061618
0.062711
0.062434
0.062758
0.063983
0.061343
0.062733
0.062827
0.062523
0.060399
0.062100
0.063206
0.062295
0.062755
0.060462
0.071850
0.062365
0.064248
0.062677
0.062527
0.062371
0.062397
0.062506
0.063335
0.062629
0.062585
0.062849
0.062824
0.062642
0.061639
0.063230
0.062365
0.060017
0.062700
0.061441
0.075493
0.062760
0.062414
0.062857
0.062574
0.060533
0.063299
0.063722
0.062552
0.062545
0.062603
0.062530
0.063584
0.063794
0.060863
0.062792
0.062587
0.062987
0.062837
0.062697
0.075419
0.062576
0.062660
0.062603
0.063218
0.063963
0.064252
0.064169
0.064039
0.064303
0.064235
0.064044
0.065391
0.063888
0.063953
0.063625
0.064595
0.063775
0.063515
0.063295
0.075604
0.063921
0.063508
0.062254
0.062535
0.062440
0.062194
0.062115
0.063514
0.062201
0.062090
0.063881
0.062386
0.062085
0.062696
0.062377
0.062067
0.061994
0.062884
0.062700
0.074549
0.062903
0.062633
0.062307
0.062797
0.062316
0.062133
0.062220
0.060070
0.062352
0.061556
0.062683
0.062886
0.062878
0.062389
0.062587
0.062843
0.060822
0.062419
0.063058
0.071952
0.062424
0.064296
0.062671
0.062464
0.062588
0.062341
0.062699
0.062481
0.063080
0.062465
0.062670
0.062493
0.062104
0.063442
0.064390
0.060544
0.062624
0.061893
0.060602
0.073787
0.062533
0.062333
0.062931
0.062293
0.062825
0.061811
0.062755
0.062816
0.063751
0.062501
0.062458
0.060315
0.062458
0.062476
0.063517
0.062690
0.062395
0.062400
0.062494
0.074816
0.063225
0.062050
0.061826
0.061555
0.060784
0.062793
0.062849
0.062506
0.062352
0.062215
0.062469
0.062352
0.063749
0.060028
0.061773
0.061783
0.062824
0.062387
0.063266
0.073507
0.062577
0.062254
0.062461
0.061878
0.063241
0.042078
0.041988
0.041665
0.062988
0.061096
0.062545
0.042162
0.064102
0.061565
0.062872
0.062917
0.060779
0.041681
0.040656
0.047598
0.041733
0.041831
0.041547
0.041751
0.041568
0.039771
0.040371
0.041760
0.039934
0.041686
0.041670
0.039955
0.041725
0.041514
0.041096
0.042084
0.041728
0.039395
0.041277
0.046973
0.041157
0.041087
0.041704
0.039650
0.041404
0.041640
0.041572
0.042014
0.041787
0.039973
0.041781
0.041961
0.040107
0.042156
0.062365
0.063528
0.041757
0.041657
0.041272
0.047232
0.041645
0.041681
0.041625
0.040017
0.041633
0.041701
0.042621
0.041466
0.041742
0.042663
0.040348
0.041889
0.062057
0.041161
0.040021
0.041388
0.061626
0.062058
0.062734
0.072057
0.063467
0.062680
0.062380
0.064006
0.062856
0.062902
0.042071
0.063339
0.060780
0.062490
0.062365
0.061109
0.061023
0.040659
0.041746
0.041799
0.041830
0.043417
0.062714
0.073925
0.060992
0.061861
0.060484
0.062077
0.062271
0.062338
0.060888
0.062449
0.062187
0.059968
0.061303
0.061919
0.062308
0.062260
0.062133
0.065002
0.062136
0.062045
0.063526
0.074221
0.060192
0.063055
0.063700
0.042021
0.060080
0.062743
0.062661
0.062339
0.062276
0.066259
0.062696
0.060643
0.062395
0.060574
0.041867
0.042043
0.063965
0.061252
0.062701
0.047211
0.062273
0.062396
0.062369
0.062745
0.063225
0.062614
0.062837
0.062919
0.062936
0.064365
0.063273
0.061159
0.062250
0.041390
0.041644
0.041546
0.062498
0.062390
0.062815
0.072028
0.063190
0.062343
0.062407
0.062804
0.062304
0.062587
0.062271
0.062857
0.062349
0.062792
0.045121
0.063799
0.062605
0.065513
0.062834
0.068438
0.066123
0.065676
0.060238
0.073718
0.062200
0.063228
0.062230
0.062785
0.066029
0.062444
0.041577
0.043997
0.042663
0.062165
0.060943
0.062603
0.042150
0.041943
0.043130
0.063207
0.062346
0.062087
0.062411
0.071622
0.060654
0.042981
0.041564
0.041337
0.041489
0.041867
0.042077
0.042791
0.043194
0.042136
0.041610
0.042030
0.042051
0.044800
0.042108
0.043229
0.041368
0.062084
0.046198
0.073776
0.066227
0.065575
0.065287
0.065053
0.061827
0.062046
0.068415
0.063728
0.065338
0.065071
0.066813
0.066194
0.042560
0.064125
0.063053
0.063042
0.061427
0.067809
0.063232
0.072029
0.066425
0.062954
0.062179
0.063736
0.066268
0.066219
0.066278
0.065467
0.063036
0.063252
0.066097
0.061055
0.042377
0.045516
0.040586
0.046046
0.061954
0.066435
0.063020
0.074480
0.061064
0.064537
0.066088
0.040450
0.063084
0.062917
0.062870
0.042570
0.046296
0.067702
0.060975
0.042193
0.042771
0.042562
0.042326
0.047198
0.065691
0.045640
0.045647
0.048263
0.065925
0.043430
0.043718
0.066078
0.041496
0.060935
0.046061
0.042610
0.040559
0.062449
0.042379
0.042228
0.042003
0.045343
0.042013
0.045042
0.042799
0.042825
0.041789
0.075164
0.042577
0.042450
0.039995
0.061996
0.066742
0.062649
0.063148
0.063194
0.063234
0.063370
0.063999
0.066373
0.066615
0.063341
0.062910
0.061237
0.067039
0.063001
0.062939
0.074032
0.062699
0.062716
0.064821
0.065893
0.062878
0.062128
0.062826
0.062453
0.064045
