0.107939
0.064557
0.063697
0.064278
0.063434
0.062839
0.042217
0.041994
0.060792
0.042197
0.042098
0.061924
0.063027
0.060569
0.062450
0.062473
0.060576
0.062486
0.063398
0.064533
0.069579
0.062426
0.060425
0.062471
0.062005
0.042972
0.040387
0.041794
0.041942
0.041824
0.041569
0.061683
0.059283
0.061042
0.063302
0.062468
0.062324
0.060876
0.062772
0.063380
0.075232
0.063866
0.064373
0.064265
0.062179
0.064140
0.043706
0.042912
0.063080
0.042865
0.040806
0.063140
0.063419
0.064364
0.063309
0.062197
0.063568
0.063554
0.063494
0.063307
0.075753
0.063944
0.063594
0.063872
0.066669
0.063312
0.064593
0.063042
0.020194
0.042809
0.042878
0.042498
0.066767
0.063649
0.062005
0.042487
0.066332
0.065323
0.069590
0.063742
0.048369
0.042579
0.062512
0.061854
0.062251
0.062302
0.062755
0.063242
0.061376
0.061135
0.063529
0.064147
0.062916
0.065906
0.066833
0.060188
0.065566
0.066218
0.065495
0.062967
0.072210
0.062843
0.062239
0.062080
0.067134
0.065578
0.069615
0.061171
0.063129
0.063437
0.063272
0.063043
0.060661
0.063649
0.063115
0.064061
0.062909
0.063994
0.066702
0.063196
0.074356
0.061965
0.059918
0.062459
0.062725
0.062976
0.063203
0.060881
0.060117
0.062051
0.062612
0.063773
0.062844
0.062909
0.062505
0.062847
0.061344
0.042578
0.042389
0.042343
0.048966
0.062681
0.063411
0.063358
0.063720
0.062119
0.062154
0.064094
0.063622
0.063560
0.063809
0.063696
0.064385
0.065008
0.062103
0.061888
0.063747
0.063735
0.063364
0.063483
0.075459
0.041134
0.063255
0.063403
0.063227
0.043159
0.042889
0.062101
0.042541
0.062619
0.040608
0.042437
0.040570
0.042367
0.042511
0.045663
0.040644
0.042267
0.042267
0.042208
0.047745
0.062832
0.062969
0.064029
0.063152
0.065713
0.065172
0.062283
0.045158
0.044887
0.067994
0.062312
0.062343
0.060580
0.062588
0.062329
0.063156
0.062538
0.062739
0.044947
0.041361
0.045108
0.041512
0.041503
0.042463
0.043097
0.042172
0.042100
0.061778
0.041566
0.040837
0.039959
0.041633
0.043096
0.041564
0.040089
0.041898
0.045094
0.062097
0.045326
0.045001
0.044287
0.041957
0.063004
0.041912
0.061830
0.061800
0.061962
0.062842
0.063675
0.063479
0.062362
0.065336
0.059811
0.061377
0.063652
0.062279
0.067469
0.063295
0.060207
0.070754
0.065939
0.065533
0.062244
0.065928
0.062680
0.062247
0.060346
0.063280
0.062248
0.063346
0.062880
0.062580
0.060193
0.059834
0.062025
0.059887
0.061653
0.041727
0.041778
0.070491
0.041672
0.042563
0.041581
0.041682
0.040001
0.041332
0.041882
0.061725
0.041960
0.063385
0.060776
0.042080
0.061999
0.062256
0.041940
0.065825
0.066613
0.062224
0.062072
0.074364
0.062829
0.062338
0.061892
0.063446
0.065986
0.042321
0.042121
0.042504
0.062727
0.040219
0.064378
0.042355
0.062507
0.042113
0.062378
0.043473
0.042499
0.042032
0.042542
0.047800
0.062281
0.040257
0.041992
0.041861
0.060344
0.042337
0.043158
0.042153
0.041977
0.042582
0.065983
0.042420
0.044360
0.040605
0.063111
0.063558
0.063396
0.063153
0.061117
0.072138
0.042273
0.063626
0.062601
0.062657
0.062530
0.062238
0.064486
0.069533
0.064692
0.062337
0.065546
0.061223
0.066063
0.065595
0.061286
0.065487
0.060302
0.062300
0.062201
0.074120
0.064307
0.066544
0.062750
0.060595
0.065519
0.062854
0.065507
0.064119
0.061135
0.063010
0.065974
0.062239
0.041919
0.042853
0.044036
0.062133
0.062497
0.062001
0.062473
0.047769
0.042182
0.046336
0.065829
0.060878
0.042672
0.041908
0.041971
0.062431
0.042324
0.043816
0.040939
0.062335
0.060440
0.062407
0.062471
0.061052
0.063763
0.063285
0.062187
0.073563
0.061764
0.061978
0.062382
0.063703
0.061380
0.062162
0.041888
0.040001
0.041773
0.042024
0.043651
0.042121
0.041685
0.062282
0.042265
0.065696
0.062496
0.042002
0.044158
0.046543
0.043832
0.042236
0.060507
0.040580
0.041997
0.042001
0.041857
0.042937
0.042048
0.041857
0.042129
0.042063
0.041768
0.062218
0.062348
0.066281
0.064903
0.069305
0.043254
0.049069
0.063853
0.064151
0.063948
0.063858
0.063859
0.067165
0.067155
0.064390
0.044206
0.064084
0.062150
0.067950
0.063801
0.064623
0.064040
0.041941
0.063685
0.067155
0.041492
0.075386
0.067423
0.064669
0.067695
0.067535
0.065473
0.064189
0.063246
0.062620
0.067376
0.063570
0.063406
0.063534
0.062926
0.063133
0.064226
0.066548
0.064590
0.065335
0.067617
0.075345
0.064712
0.063981
0.063821
0.063940
0.063644
0.063974
0.043113
0.067773
0.063462
0.040895
0.042369
0.043182
0.065285
0.063364
0.044000
0.042777
0.063085
0.042648
0.062594
0.047978
0.041964
0.041911
0.042952
0.041939
0.042098
0.062359
0.062505
0.066709
0.060737
0.066262
0.062813
0.062464
0.064138
0.066510
0.062326
0.065432
0.067615
0.065749
0.061854
0.068723
0.062021
0.065771
0.065755
0.061879
0.064933
0.062133
0.062341
0.060660
0.060595
0.066476
0.065975
0.062671
0.065723
0.065511
0.043229
0.066898
0.040568
0.042042
0.062444
0.071283
0.065267
0.062162
0.063303
0.062792
0.062667
0.065692
0.060703
0.062021
0.067419
0.064632
0.041669
0.061990
0.065232
0.065411
0.065454
0.070179
0.066272
0.065573
0.063413
0.071901
0.065430
0.065282
0.064994
0.067347
0.065204
0.063694
0.062275
0.067946
0.066878
0.064071
0.067487
0.066953
0.067752
0.067454
0.065091
0.065360
0.066813
0.066721
