0.106946
0.062943
0.060734
0.062752
0.062935
0.060845
0.061540
0.063004
0.063040
0.060974
0.063409
0.063028
0.061158
0.065040
0.062986
0.062020
0.062318
0.060585
0.064175
0.065366
0.071141
0.060651
0.060331
0.062286
0.062339
0.062314
0.061675
0.066726
0.062664
0.062531
0.060686
0.062427
0.042534
0.061017
0.059995
0.060334
0.062594
0.062389
0.066169
0.066877
0.072356
0.061620
0.060763
0.062648
0.064351
0.060861
0.061242
0.063685
0.062364
0.062277
0.060559
0.061854
0.060904
0.062828
0.066792
0.065962
0.068336
0.066306
0.066165
0.064671
0.071569
0.062474
0.062531
0.062414
0.063726
0.063449
0.062894
0.062565
0.043250
0.060794
0.062764
0.062996
0.066219
0.062791
0.063136
0.062998
0.060558
0.062602
0.061544
0.061127
0.071936
0.064519
0.061370
0.068992
0.060653
0.066970
0.060264
0.064617
0.065761
0.066218
0.069101
0.068203
0.066142
0.062288
0.060880
0.064974
0.062340
0.063623
0.063081
0.061059
0.073778
0.062471
0.060495
0.062576
0.063281
0.062667
0.062047
0.062568
0.062029
0.064163
0.065571
0.064572
0.064211
0.063572
0.061460
0.062032
0.064358
0.065096
0.064209
0.063696
0.075807
0.065053
0.041955
0.043269
0.067705
0.061549
0.063838
0.066762
0.062054
0.063831
0.064509
0.062269
0.063882
0.064093
0.061983
0.062271
0.064387
0.065022
0.061876
0.063888
0.074532
0.063973
0.063726
0.065886
0.061479
0.063384
0.064777
0.062616
0.064320
0.065975
0.064979
0.064426
0.064399
0.062647
0.064483
0.062181
0.063352
0.064094
0.064358
0.063961
0.049160
0.064087
0.062922
0.065322
0.064526
0.063479
0.064530
0.065365
0.064928
0.064916
0.064449
0.062393
0.064701
0.064154
0.064206
0.062735
0.042654
0.064198
0.063620
0.062925
0.072120
0.060775
0.063118
0.061068
0.062711
0.060776
0.060992
0.062512
0.060742
0.063776
0.063672
0.060671
0.061116
0.062235
0.063053
0.065155
0.061039
0.065989
0.062700
0.063033
0.074138
0.063058
0.061683
0.064488
0.062124
0.062868
0.060646
0.062590
0.060949
0.061383
0.062227
0.062557
0.042250
0.041931
0.060376
0.040673
0.063407
0.063172
0.063556
0.062729
0.074743
0.061076
0.064573
0.061403
0.062897
0.063854
0.061123
0.063036
0.060686
0.064641
0.061212
0.065937
0.065395
0.064498
0.063041
0.066987
0.065339
0.064829
0.062980
0.062788
0.074164
0.067248
0.064901
0.068049
0.069916
0.065560
0.068250
0.062638
0.063438
0.064985
0.064869
0.065114
0.066162
0.068230
0.063912
0.064788
0.064550
0.065922
0.068362
0.064606
0.075601
0.062554
0.064614
0.063320
0.065324
0.067890
0.064933
0.067773
0.064324
0.067661
0.067249
0.067542
0.065936
0.068600
0.069443
0.065088
0.065212
0.065147
0.065101
0.045525
0.076268
0.064880
0.065909
0.066305
0.063150
0.065825
0.064828
0.062822
0.064707
0.063013
0.063040
0.063088
0.063753
0.063444
0.065099
0.064867
0.065497
0.065893
0.065466
0.043672
0.074200
0.064817
0.064604
0.064229
0.065645
0.063377
0.063272
0.064672
0.066070
0.065959
0.068883
0.068918
0.065833
0.062973
0.064519
0.064943
0.064676
0.065915
0.065082
0.064574
0.075746
0.062333
0.061975
0.063741
0.064587
0.062762
0.062829
0.064406
0.063758
0.063831
0.064351
0.063485
0.061730
0.063436
0.063039
0.063772
0.062675
0.062484
0.061549
0.061593
0.074277
0.062845
0.063035
0.063352
0.060950
0.062956
0.061232
0.062238
0.061294
0.061519
0.065845
0.067421
0.070529
0.061095
0.064835
0.060920
0.063310
0.063414
0.062927
0.062461
0.072290
0.063084
0.064297
0.064155
0.063579
0.061203
0.042436
0.042579
0.040653
0.042401
0.061754
0.042654
0.063225
0.063333
0.042623
0.040741
0.061075
0.064008
0.064526
0.065462
0.066215
0.066133
0.065990
0.062941
0.063344
0.061024
0.060913
0.062053
0.062675
0.060259
0.040539
0.040261
0.042125
0.042963
0.044037
0.043128
0.041478
0.043112
0.039841
0.063354
0.045604
0.040354
0.040682
0.062726
0.060297
0.041994
0.041804
0.066839
0.062238
0.063911
0.065185
0.060985
0.065720
0.060669
0.042574
0.064401
0.042757
0.062648
0.060927
0.060578
0.075078
0.061296
0.060971
0.060530
0.062135
0.064270
0.061016
0.061737
0.062844
0.062621
0.065510
0.061071
0.060651
0.066437
0.060993
0.065643
0.060932
0.064091
0.061634
0.061020
0.049278
0.062903
0.063220
0.040622
0.060955
0.042447
0.062772
0.063373
0.066422
0.066664
0.061095
0.066642
0.046556
0.060952
0.067618
0.041351
0.070090
0.063752
0.064068
0.043431
0.048318
0.062191
0.063345
0.065068
0.067338
0.064424
0.064604
0.063058
0.061833
0.063692
0.064855
0.066911
0.066829
0.061707
0.062593
0.064999
0.064161
0.064296
0.064295
0.065562
0.075430
0.063357
0.061469
0.063623
0.067227
0.063690
0.066988
0.042962
0.063529
0.066787
0.067484
0.064920
0.068413
0.042223
0.063217
0.066483
0.066803
0.064956
0.067405
0.064619
0.072519
0.022096
0.062978
0.061404
0.063072
0.063376
0.020635
0.066845
0.063639
0.046122
0.063478
0.061573
0.064701
