0.098337
0.063215
0.064803
0.064730
0.065210
0.062880
0.062601
0.064908
0.064520
0.064626
0.063276
0.065026
0.064837
0.063122
0.064729
0.062467
0.064840
0.065960
0.065770
0.065047
0.073577
0.065113
0.064956
0.065134
0.065000
0.065406
0.065072
0.064867
0.064786
0.064820
0.065700
0.064921
0.064587
0.062648
0.064261
0.064714
0.065011
0.065283
0.064790
0.064367
0.076149
0.064107
0.065145
0.064312
0.064112
0.064303
0.064273
0.064329
0.063879
0.064182
0.064183
0.062262
0.062693
0.064586
0.062849
0.064082
0.064909
0.062577
0.064648
0.064635
0.076185
0.064517
0.064407
0.062445
0.064703
0.064191
0.064559
0.065008
0.064721
0.064594
0.062385
0.064847
0.064462
0.064592
0.064362
0.043498
0.043048
0.043458
0.044863
0.043750
0.049275
0.043639
0.045267
0.044117
0.041674
0.043183
0.043126
0.041847
0.043645
0.043638
0.041977
0.043740
0.043620
0.043838
0.043760
0.043730
0.041864
0.042049
0.043911
0.020865
0.050176
0.043694
0.041793
0.043173
0.043855
0.043732
0.062955
0.063606
0.061559
0.063633
0.063746
0.067189
0.064362
0.064478
0.063709
0.064489
0.063869
0.061548
0.064144
0.064062
0.075386
0.063937
0.063812
0.061798
0.065158
0.064120
0.062043
0.060118
0.061693
0.062905
0.063039
0.062664
0.062863
0.061795
0.062857
0.063787
0.063124
0.063143
0.063612
0.063407
0.075603
0.062920
0.062815
0.062825
0.062557
0.063178
0.063009
0.063595
0.063086
0.062993
0.063063
0.063748
0.063221
0.064711
0.063194
0.062995
0.062912
0.063238
0.063176
0.063770
0.074884
0.063137
0.064481
0.064785
0.064821
0.062632
0.063829
0.064444
0.064437
0.064687
0.064323
0.063906
0.064568
0.065130
0.064914
0.062544
0.064532
0.065068
0.065026
0.066161
0.074050
0.064699
0.064824
0.065430
0.065348
0.065087
0.066694
0.065400
0.066858
0.063214
0.065313
0.064335
0.063377
0.065316
0.065207
0.062776
0.065236
0.065194
0.065256
0.065113
0.076572
0.065467
0.064622
0.065689
0.066158
0.064708
0.065011
0.064694
0.065395
0.065008
0.064993
0.063122
0.064724
0.065093
0.064831
0.064641
0.065127
0.065581
0.065069
0.062707
0.075948
0.064489
0.064459
0.064421
0.064461
0.064417
0.064434
0.064467
0.062905
0.066182
0.065028
0.064862
0.064620
0.064866
0.064702
0.064382
0.064631
0.063122
0.062944
0.065276
0.077166
0.065256
0.064306
0.065495
0.064093
0.064911
0.062840
0.064664
0.060827
0.062407
0.062703
0.065742
0.063095
0.063331
0.063152
0.062539
0.063173
0.062803
0.063144
0.062998
0.074308
0.062940
0.063134
0.062889
0.062740
0.062654
0.062625
0.060404
0.063358
0.063003
0.063405
0.062964
0.063014
0.063302
0.063036
0.063112
0.062708
0.062795
0.063229
0.061531
0.075106
0.064960
0.062885
0.063619
0.063439
0.063228
0.063306
0.063217
0.063532
0.063273
0.063036
0.064353
0.063474
0.063235
0.064322
0.063439
0.062951
0.062243
0.062501
0.062988
0.074916
0.063604
0.063493
0.063410
0.063504
0.063469
0.063685
0.064419
0.063528
0.063222
0.063344
0.062958
0.062667
0.062742
0.062895
0.062795
0.062870
0.062961
0.062911
0.063188
0.075691
0.063779
0.061479
0.063005
0.060923
0.063161
0.063496
0.063926
0.061547
0.066175
0.060920
0.062996
0.062917
0.062417
0.062967
0.062971
0.062649
0.062645
0.062690
0.062850
0.073411
0.063665
0.063472
0.063470
0.063865
0.061854
0.064610
0.063498
0.064147
0.063051
0.062797
0.062386
0.060662
0.063084
0.060935
0.063071
0.063133
0.063554
0.063610
0.064687
0.074814
0.063015
0.062489
0.062772
0.062537
0.062665
0.060798
0.063628
0.063091
0.063508
0.062978
0.063363
0.064540
0.063481
0.063825
0.061371
0.064381
0.063168
0.063829
0.063426
0.074399
0.060974
0.063105
0.063213
0.061095
0.065507
0.062962
0.062826
0.063185
0.063399
0.063391
0.063418
0.063241
0.064220
0.063513
0.063574
0.063138
0.062889
0.063868
0.064063
0.075483
0.064649
0.064236
0.062194
0.064239
0.064129
0.064041
0.063974
0.062071
0.061699
0.063664
0.065237
0.064228
0.064546
0.063974
0.064509
0.064557
0.064299
0.064452
0.064174
0.076833
0.064821
0.064795
0.063178
0.065019
0.065250
0.065067
0.065163
0.065094
0.065010
0.065154
0.064906
0.063102
0.064878
0.064367
0.064739
0.066023
0.064534
0.064875
0.064351
0.076210
0.065159
0.065158
0.064881
0.062760
0.065041
0.064804
0.064938
0.064694
0.064337
0.065118
0.062986
0.065069
0.064480
0.064403
0.064595
0.064857
0.064859
0.064403
0.064797
0.076539
0.065556
0.065156
0.065199
0.065002
0.064625
0.064634
0.064735
0.065516
0.065398
0.065053
0.064645
0.065336
0.064965
0.064199
0.064956
0.064753
0.064558
0.064450
0.064704
0.075814
0.064894
0.065145
0.064862
0.065150
0.064672
0.065054
0.063602
0.065154
0.065222
0.064877
0.064765
0.062531
0.064764
0.064607
0.064217
0.063402
0.064593
0.064677
0.065125
0.077330
0.065840
0.065117
0.065252
0.065073
0.064983
0.065228
0.064998
0.064916
0.065395
0.065096
0.065346
0.066126
0.063184
0.065057
0.064224
0.062715
0.065154
0.064804
0.062559
0.075731
0.064866
0.064631
0.063715
0.064366
0.063886
0.063057
0.064453
0.062379
0.064021
0.063912
0.064160
0.064427
0.062282
0.064004
0.064148
0.064507
0.064660
0.063316
0.064074
0.075157
0.063730
0.062095
0.064614
0.062542
0.064336
0.064110
0.063514
0.064271
0.063458
0.064068
0.064632
0.063670
0.063885
0.063753
0.061539
0.063639
0.063171
0.063110
0.078473
0.079124
0.071044
0.076644
0.064565
0.061005
0.062780
0.063269
0.063596
0.063837
0.063880
0.064494
0.063467
0.063294
0.061747
0.061433
0.063409
0.064349
0.062804
0.062636
0.063218
0.074440
0.062293
0.066733
0.066335
0.064285
0.062429
0.069130
0.062829
0.065655
0.065201
0.065462
0.068771
0.064251
0.064095
0.062990
0.064606
0.065185
0.064501
0.065115
0.065037
0.076908
0.065949
0.064539
0.069432
0.062767
0.063964
0.069994
0.064593
0.064012
0.064971
0.065068
0.064468
0.062573
0.062773
0.065522
0.064321
0.063045
0.064350
0.062100
0.064330
0.076304
0.066484
0.064327
0.064492
0.062108
0.064547
0.064737
0.064615
0.063178
0.065094
0.063711
0.065097
0.064613
0.064599
0.064822
0.065090
0.064945
0.065778
0.064383
