0.105170
0.066739
0.065645
0.065321
0.065570
0.064987
0.064796
0.065022
0.062562
0.064679
0.064504
0.063147
0.065063
0.064734
0.064497
0.064297
0.064362
0.067094
0.064061
0.063142
0.072544
0.043707
0.063574
0.063300
0.065045
0.062081
0.064079
0.066702
0.065027
0.062433
0.064587
0.064474
0.064128
0.063710
0.063840
0.061779
0.064237
0.065305
0.064906
0.064216
0.075756
0.062243
0.063981
0.065078
0.064778
0.065060
0.063275
0.064003
0.064231
0.066821
0.063191
0.062803
0.063035
0.063288
0.062767
0.063843
0.061131
0.063171
0.063587
0.062872
0.074369
0.064970
0.063342
0.062919
0.062761
0.063012
0.062819
0.063233
0.063170
0.063163
0.066211
0.066095
0.063628
0.066697
0.065300
0.062970
0.063109
0.063615
0.064002
0.043750
0.050060
0.064435
0.043603
0.062284
0.043557
0.041625
0.043475
0.044312
0.045031
0.043599
0.043430
0.043389
0.043315
0.043218
0.064142
0.043850
0.064333
0.064650
0.043150
0.043139
0.048871
0.043117
0.041950
0.042614
0.064824
0.043285
0.064641
0.064841
0.065765
0.067368
0.067262
0.063884
0.063692
0.061963
0.067380
0.063709
0.067556
0.067189
0.067226
0.066929
0.074832
0.066984
0.063666
0.063474
0.061538
0.042533
0.063391
0.063433
0.040996
0.042069
0.043107
0.042653
0.042608
0.042678
0.043504
0.062648
0.061967
0.061959
0.063835
0.066918
0.068768
0.066852
0.064609
0.063636
0.066042
0.062431
0.061623
0.065790
0.062982
0.062839
0.062684
0.062980
0.063589
0.062955
0.062683
0.061108
0.063347
0.062450
0.063677
0.062850
0.072079
0.060645
0.062590
0.062482
0.062916
0.062922
0.060733
0.062313
0.061843
0.062655
0.063215
0.065954
0.062681
0.062615
0.065967
0.063186
0.064414
0.062760
0.040797
0.066116
0.046580
0.041760
0.063113
0.064075
0.062817
0.062837
0.063039
0.062874
0.060978
0.063569
0.062908
0.062701
0.062834
0.062836
0.064108
0.063198
0.060977
0.062517
0.062952
0.062565
0.074218
0.063262
0.063602
0.062934
0.063060
0.063430
0.063607
0.061959
0.063724
0.064425
0.063825
0.063756
0.061104
0.063873
0.061568
0.061199
0.042858
0.042431
0.040583
0.042812
0.048836
0.044155
0.062879
0.042529
0.042282
0.042322
0.042294
0.040745
0.066472
0.042712
0.062907
0.066249
0.067210
0.066894
0.063853
0.063351
0.061591
0.067166
0.063677
0.067593
0.075614
0.061600
0.063352
0.063717
0.061857
0.063137
0.064245
0.064617
0.062782
0.063446
0.063231
0.063139
0.066509
0.063876
0.061590
0.063188
0.063282
0.063376
0.063874
0.064005
0.073657
0.064295
0.063827
0.063783
0.063818
0.060542
0.062414
0.062674
0.066528
0.066554
0.066836
0.066783
0.064545
0.066808
0.061343
0.063471
0.046852
0.043682
0.043142
0.063965
0.072106
0.066225
0.062689
0.065740
0.063312
0.064567
0.063565
0.063089
0.062544
0.063298
0.063153
0.062879
0.063341
0.061356
0.063282
0.063919
0.063193
0.069509
0.067569
0.066381
0.068769
0.064482
0.066028
0.062858
0.062769
0.063267
0.063344
0.061875
0.062671
0.062679
0.064163
0.062690
0.063836
0.064192
0.064631
0.064551
0.062960
0.064599
0.064303
0.065428
0.073876
0.064489
0.064873
0.063843
0.065348
0.065735
0.065094
0.065376
0.064937
0.065450
0.065405
0.065989
0.065299
0.065004
0.064853
0.065471
0.064998
0.065245
0.062596
0.064417
0.075888
0.062861
0.064752
0.066184
0.062877
0.065134
0.065678
0.065213
0.066169
0.064131
0.065514
0.065575
0.065372
0.065266
0.065569
0.065918
0.064943
0.065111
0.064935
0.065032
0.077933
0.065379
0.062886
0.062969
0.064806
0.063229
0.065325
0.065411
0.064884
0.063145
0.065233
0.064945
0.067569
0.067758
0.067708
0.067751
0.067647
0.067656
0.064919
0.062200
0.072701
0.066599
0.063257
0.067036
0.070335
0.070632
0.065217
0.067125
0.067027
0.064999
0.062919
0.067058
0.063404
0.063878
0.063706
0.062215
0.068547
0.064588
0.061432
0.064137
0.074944
0.063749
0.064707
0.062086
0.063315
0.063821
0.063632
0.061591
0.062848
0.063412
0.062904
0.063293
0.062690
0.063703
0.063600
0.063593
0.063407
0.063337
0.063144
0.064289
0.075077
0.064180
0.062504
0.062740
0.062547
0.060411
0.064966
0.063115
0.063359
0.062928
0.062645
0.060874
0.062657
0.062637
0.063021
0.063116
0.063388
0.063166
0.063566
0.063627
0.072727
0.063709
0.063127
0.062698
0.061514
0.061865
0.063317
0.063429
0.061573
0.062627
0.062184
0.063820
0.062276
0.062476
0.066502
0.060652
0.062564
0.042425
0.045249
0.041992
0.048028
0.042928
0.042296
0.042315
0.040321
0.062904
0.065656
0.062289
0.063127
0.061458
0.062835
0.063222
0.062726
0.062382
0.062641
0.061192
0.042457
0.042319
0.040719
0.040508
0.047837
0.041844
0.042315
0.042398
0.042551
0.040664
0.042636
0.042080
0.060790
0.066306
0.064533
0.063441
0.065117
0.063432
0.063962
0.063812
0.063395
0.063467
0.065315
0.063163
0.074286
0.063080
0.063049
0.063611
0.063693
0.063236
0.062663
0.062806
0.062990
0.063053
0.064863
0.063354
0.063598
0.063302
0.063195
0.062454
0.065347
0.064717
0.061315
0.063915
0.074524
0.063514
0.064388
0.063471
0.061483
0.063170
0.063297
0.063255
0.064405
0.063148
0.062540
0.062447
0.062935
0.060457
0.063791
0.062657
0.062189
0.062788
0.062647
0.062587
0.077183
0.062914
0.062711
0.063345
0.061784
0.063325
0.063341
0.063863
0.061915
0.064311
0.063931
0.063733
0.065601
0.064819
0.063494
0.064142
