578.000000	194.000000	12.000000	30.000000
573.085388	193.879181	12.369997	32.464005
568.881897	192.341125	13.788795	32.828827
567.005920	191.578262	12.481188	31.636677
563.259705	190.957611	14.292057	30.622084
559.054993	190.474609	12.616389	31.375696
556.234497	188.763428	12.272210	32.175339
553.358765	186.374878	12.851155	31.529610
550.567505	186.415482	13.628366	29.509834
546.268921	184.574356	14.491035	29.605968
539.179321	182.589218	15.402864	30.378613
537.108459	182.048004	15.901556	31.601011
534.086304	180.671265	13.367427	28.801929
528.975342	179.883392	15.413185	28.594986
525.886047	177.666519	12.723091	29.617105
523.830566	179.090149	11.815083	29.985645
520.625122	176.767975	9.909775	26.458580
517.355225	178.478699	10.976364	26.696554
512.877991	179.443573	13.110353	28.170134
507.901520	181.792572	13.738356	30.523067
505.631134	186.505493	14.010064	30.683586
504.250519	191.461990	10.684576	29.763309
503.039276	197.818207	10.456341	28.175804
534.184631	200.863968	13.429141	27.249081
532.850342	205.361404	12.181984	26.339445
532.028992	208.595871	11.362462	26.682800
534.143127	212.932159	11.200400	25.015499
500.881042	220.962967	9.122070	26.414362
509.369293	221.707977	9.143602	28.298084
516.943726	222.285950	10.453901	28.750093
526.151611	223.336609	12.897714	27.897396
538.473938	225.132355	12.967587	26.869135
551.979858	227.351349	12.969929	30.288811
563.971802	229.522476	12.356639	32.607510
572.529175	230.679398	11.934538	30.255316
580.590149	231.101303	12.011661	29.354698
589.278564	231.615265	11.417306	29.101669
597.323669	231.191956	11.585578	30.686829
604.893555	232.761551	11.274568	30.211344
609.962830	232.773315	11.360436	30.840256
612.726196	232.957336	11.210231	31.321472
614.362366	232.699097	11.182684	31.635681
616.892090	235.840118	11.080906	32.002579
620.032837	234.277069	11.643758	31.433287
624.736755	234.704681	11.305166	32.764179
629.984192	233.002731	11.593719	31.562418
636.938293	231.646729	11.709896	31.018042
644.105530	231.665207	12.129753	31.390451
652.932129	231.225601	12.390660	31.459486
661.802368	231.747681	12.190413	31.895029
671.341919	232.523834	10.537411	31.668095
676.020752	232.424988	12.056862	31.384163
679.325928	232.546646	10.800799	31.594114
681.046814	232.323639	11.380412	30.300013
681.554565	232.569016	10.845970	31.914431
678.944580	232.535965	12.808319	32.208141
678.000977	233.703461	11.055850	31.501995
676.461304	233.115021	11.283944	32.245205
676.016907	231.621475	10.647336	32.371403
673.200500	231.628723	13.583613	31.746639
672.511353	230.339722	12.607656	31.983965
673.512390	229.634888	13.196127	32.447193
674.710327	230.256836	12.633501	31.808779
675.348938	229.966248	12.879785	32.355846
675.722046	229.943573	11.447170	32.653900
675.603760	229.902023	10.617729	31.690914
676.578491	229.948715	11.529897	31.440056
679.189270	229.048798	11.383587	31.874811
681.107178	228.746338	11.291153	31.344587
682.948059	227.948227	10.978877	31.271049
683.862488	227.098358	11.269096	32.788315
683.805237	226.796173	11.619403	32.517330
682.323792	227.036560	12.756471	32.745224
681.094543	228.323181	12.358178	32.019745
680.071045	228.534866	12.486716	31.311588
679.677795	229.274551	14.120605	30.886866
680.524231	229.735886	12.919230	31.531933
682.957581	230.948410	12.353003	32.224174
684.626587	231.161835	12.268834	32.574478
688.049133	231.900513	10.766007	31.659245
693.109131	232.448349	9.928856	30.606594
697.857422	230.447449	10.682560	31.782171
701.158386	230.661667	11.395860	31.209423
704.968994	232.520996	12.280458	29.463356
709.315552	230.157654	12.815159	30.573729
713.733704	228.451263	12.770834	28.240845
717.701477	228.396942	12.208644	31.529587
720.783264	227.293732	11.830812	30.867073
723.120972	227.460953	11.448475	32.554329
723.429810	228.530609	11.991636	32.541321
723.569824	228.408585	11.284134	31.661146
723.917419	228.179657	10.758392	32.158482
724.122437	228.161438	10.813373	32.380775
724.928711	228.342056	10.467664	32.301933
724.758362	228.264038	10.941475	32.161011
725.799255	228.599884	10.146830	31.979918
726.745422	228.605331	9.994340	31.547031
726.682678	228.863892	9.730229	31.072041
722.189331	228.061646	11.017667	31.369564
716.637939	227.729080	10.842378	32.256557
716.784546	226.328873	10.745822	31.490604
716.641296	225.782211	10.659449	31.506279
716.049438	225.594925	11.684805	31.304512
715.150146	224.806961	11.162936	31.520483
713.989929	224.192932	10.856396	30.950090
711.412537	224.502121	11.217504	31.965654
707.917847	222.857498	11.270257	31.146772
706.906250	221.847610	10.117391	28.462284
705.885254	221.199539	10.594296	28.996223
705.697083	218.162872	10.931897	30.765186
705.158875	217.506256	11.346131	32.097031
705.008301	213.678619	10.641788	31.658609
704.024780	212.669418	11.372576	31.924349
704.859497	210.627151	13.285002	31.948210
708.239624	207.820877	11.033395	29.359474
709.370300	206.355164	11.724510	32.712101
711.318970	205.536545	9.834727	27.473394
711.181580	206.681229	10.509356	26.500345
714.035278	206.584991	10.916796	26.444323
715.648499	211.752869	11.369595	21.340048
718.356384	213.303406	9.535797	19.918463
718.481934	213.595337	7.852413	16.977835
721.438110	197.920364	8.325318	17.142092
721.383118	196.410172	9.239411	20.637018
722.458496	194.464722	9.020019	24.091766
723.216125	193.987625	8.785074	27.016718
723.730347	194.773956	7.800781	23.783691
724.519714	193.746887	8.101466	24.387598
725.191895	198.871750	7.641666	18.404297
735.305176	189.564377	7.357845	17.513357
737.649719	184.572968	7.425501	20.468485
740.383606	182.679123	9.392471	20.780365
744.581848	180.499741	10.064878	21.478672
750.164368	178.921249	9.716315	22.666681
756.230347	177.718887	10.627832	27.670860
762.721191	176.916946	11.848288	27.526457
764.084839	176.672440	10.714468	24.464853
766.817505	175.168732	9.902622	28.366955
772.803223	172.872345	9.574521	27.000536
778.010315	170.907471	9.788279	29.525797
782.804260	167.809998	10.682269	28.118690
786.731323	165.732971	10.664604	29.498537
791.521301	164.632965	9.563011	28.349991
795.394592	163.871750	11.563953	28.569622
800.357422	162.188171	12.826015	31.190479
804.762695	162.923325	13.049873	30.783636
810.709473	163.644501	11.536781	29.604219
815.905701	166.292465	11.794950	28.485899
822.934448	168.885254	11.296744	24.866348
829.499695	170.969177	11.477108	28.216011
835.514160	174.048798	10.179087	24.718575
836.222900	178.026215	11.566540	27.514879
837.309753	178.991501	11.863194	25.845491
834.810669	181.816833	10.448462	26.644585
830.971863	186.546875	10.495847	26.170111
826.878113	182.795990	11.132978	29.045044
822.330078	184.914948	11.887485	28.654022
817.518127	186.062195	12.704218	28.548904
811.147339	187.754166	10.902393	29.272173
804.366760	187.589569	11.036832	26.407732
796.516907	189.682846	11.349364	29.316565
790.298706	190.569931	11.586527	28.505587
788.141418	192.705688	12.588087	30.863211
792.991211	195.594131	11.170409	31.836359
789.585327	199.421570	11.152864	32.809383
773.841797	199.095047	9.824691	30.800821
745.782227	199.565567	10.376646	32.479694
712.236938	199.229218	11.241582	28.974527
682.522278	202.033737	10.030757	33.588573
670.272705	204.686401	9.383731	31.860945
665.743347	208.934998	9.596536	32.237095
663.060730	213.251678	10.059857	32.418995
662.390137	216.137054	9.733408	32.416191
662.454651	220.565247	9.251895	34.261490
662.483582	223.775208	9.804878	33.588394
661.249512	226.591644	9.795671	34.288620
647.938416	230.994904	9.557142	34.593571
626.935608	234.544968	11.517987	32.723930
599.885620	239.618469	13.350334	33.255283
572.275208	243.023544	11.453093	33.642559
545.842529	250.057678	9.778208	35.184948
521.325256	253.231033	11.338815	34.484283
515.153687	257.761322	11.556885	34.204395
515.216125	259.391296	12.597569	35.611710
518.557312	262.138000	12.428694	35.030087
523.768311	267.122986	11.475241	33.186443
529.137573	270.144409	11.012677	32.856171
535.067200	273.273346	11.742400	33.264301
542.707458	276.531311	11.469861	33.612591
553.635559	278.841461	11.841451	34.908749
562.589905	282.020813	12.097966	33.999783
571.637878	284.074036	12.750578	34.114559
579.000000	285.633301	11.877840	35.027443
585.572266	287.728546	12.203926	36.352200
587.818542	291.247070	14.055593	34.341904
580.945496	295.476868	15.235805	34.558029
573.225830	299.818726	12.412902	34.661652
562.301514	305.353882	11.636532	31.017879
548.400635	311.345154	11.887079	27.506424
533.387024	315.251495	12.336409	27.171362
529.789612	319.099915	10.805869	26.553688
529.970642	320.245880	12.562885	27.333628
533.499268	315.860535	15.163936	29.361038
554.520081	314.456970	15.512786	30.731045
577.170288	310.908173	13.150444	31.736931
598.987549	309.486755	13.132516	30.440849
616.836670	312.586029	11.043988	28.999962
628.125061	318.779083	11.765484	25.239069
642.482178	317.611908	9.065945	27.332777
652.208008	318.981720	10.794549	28.188866
662.988831	314.772461	9.919203	30.996920
652.223328	316.378662	10.575578	31.677521
628.908569	317.345398	7.721406	31.041830
628.908569	317.345398	7.721406	31.041830
628.908569	317.345398	7.721406	31.041830
628.908569	317.345398	7.721406	31.041830
628.908569	317.345398	7.721406	31.041830
628.908569	317.345398	7.721406	31.041830
628.908569	317.345398	7.721406	31.041830
628.908569	317.345398	7.721406	31.041830
628.908569	317.345398	7.721406	31.041830
628.908569	317.345398	7.721406	31.041830
628.908569	317.345398	7.721406	31.041830
628.908569	317.345398	7.721406	31.041830
628.908569	317.345398	7.721406	31.041830
628.908569	317.345398	7.721406	31.041830
628.908569	317.345398	7.721406	31.041830
628.908569	317.345398	7.721406	31.041830
628.908569	317.345398	7.721406	31.041830
628.908569	317.345398	7.721406	31.041830
628.908569	317.345398	7.721406	31.041830
628.908569	317.345398	7.721406	31.041830
628.908569	317.345398	7.721406	31.041830
586.093323	324.474121	7.748035	29.312374
593.013306	320.617920	12.961340	33.482014
594.998169	320.705750	15.400178	30.817570
597.427795	322.066467	13.097725	34.110859
593.402466	323.124023	12.155421	32.976646
589.527893	330.336060	14.052204	24.821423
590.168457	334.113617	13.364218	19.926132
564.170410	335.787262	15.014472	16.708569
595.391602	320.359192	13.049230	20.991272
603.012573	317.549469	11.871453	23.167120
566.196045	325.933441	12.642344	19.699972
578.906616	324.186127	13.568676	15.421375
590.453979	322.865082	13.455188	15.069238
600.058350	322.595215	15.355654	15.089530
635.901550	307.537415	13.211917	28.122776
652.603455	308.495422	11.747851	28.809124
667.243835	305.604675	13.084139	29.630337
680.302185	301.717499	12.570475	32.101505
696.039185	301.397888	11.832068	28.995316
711.726807	293.932068	13.536608	33.353767
719.304138	298.750305	18.152277	26.612675
732.822754	289.481750	15.008261	33.644062
725.133545	283.966217	17.086111	29.600027
722.115662	280.736237	13.610727	33.495090
707.864136	278.801453	12.087712	32.693962
689.096436	275.206909	14.255591	31.903103
663.722046	272.797668	11.092843	30.135157
634.040588	273.369171	12.068491	29.597775
608.588684	275.189362	12.285707	27.373041
586.228149	272.864166	12.101357	28.076206
586.228149	272.864166	12.101357	28.076206
566.533020	255.027634	10.670950	29.243130
556.663940	270.320129	11.857492	30.865215
558.345642	273.225708	9.184530	25.271578
594.327820	287.600739	11.822527	18.569002
618.987610	291.140533	13.060738	14.555416
629.613281	290.280457	12.433147	14.480182
643.374695	289.071655	12.341045	16.974997
659.045532	288.058380	12.004029	13.646560
674.949707	285.787872	11.504601	14.554565
692.888184	284.694000	12.487917	13.469789
711.460266	282.622040	12.736021	14.980401
730.990479	281.043457	10.901283	18.037481
730.990479	281.043457	10.901283	18.037481
730.990479	281.043457	10.901283	18.037481
750.924194	277.469971	11.096586	16.096224
779.580688	281.433319	12.866816	13.171947
780.615967	281.141022	12.851408	13.194238
780.222107	281.710663	12.684221	12.305708
779.053589	282.100525	12.333665	12.115117
776.560120	281.511719	12.761740	12.752062
772.906067	280.858612	12.361272	12.735695
768.478943	279.648956	12.952121	13.221715
766.557861	280.083557	12.300032	12.374691
765.053162	279.269562	12.586921	12.893008
765.397766	278.981415	11.851314	12.805608
766.877991	278.687561	12.558807	12.556390
770.063782	278.793121	13.596156	13.195087
778.021545	278.414032	12.892246	13.021800
787.836731	277.817047	12.922862	13.079393
799.523254	277.245331	12.487619	12.848464
813.019531	276.610565	12.881041	12.854561
799.274597	271.957031	12.239761	15.657912
771.297363	265.373016	13.109376	14.412578
787.630432	266.580841	12.406332	12.526793
803.102661	266.446136	12.313567	12.400899
818.719116	265.478668	11.682568	12.983293
790.396484	260.524170	12.806750	14.272285
760.574036	259.882507	13.253921	16.739632
778.557495	260.077698	12.153414	13.179963
795.793579	261.058472	12.668062	15.699636
795.793579	261.058472	12.668062	15.699636
801.741211	259.794342	12.455047	18.768740
810.799500	261.098602	14.017481	18.372540
824.363647	262.041718	12.724936	16.216120
858.264038	266.401459	11.268558	13.851747
867.285095	266.741180	10.643271	19.119078
867.285095	266.741180	10.643271	19.119078
872.693054	269.905548	13.102312	19.116779
873.709656	270.345337	14.719487	19.113855
874.135132	270.039886	11.747776	16.230690
874.877075	272.136688	11.767187	14.800293
874.558533	273.759277	13.209036	13.602272
878.050415	275.056793	13.313576	12.667051
884.452332	275.787720	11.500543	16.355169
915.625916	277.459473	13.465766	15.129191
893.643738	278.899384	11.089612	17.608494
873.155334	276.095062	12.830247	17.163588
881.806702	279.154449	12.567002	16.396355
885.048950	280.182465	11.981680	17.012659
892.015198	281.301056	13.450881	15.835381
922.488831	284.802521	12.105216	15.244648
956.806213	287.545441	14.055074	12.529416
964.136963	288.393707	13.565692	12.243718
944.662476	286.528656	13.304100	16.548077
927.205505	288.054932	12.994722	15.299932
931.574585	288.936920	13.951131	15.861913
936.612061	289.692688	11.272446	14.880932
941.845520	289.657349	11.133533	14.205575
948.926208	289.704803	9.652483	14.575009
977.345764	292.762878	12.563828	14.238492
984.432251	292.228607	14.544932	14.497587
992.279114	291.750031	14.727424	12.861647
1003.400574	291.915405	12.892149	14.208336
990.961487	290.162292	10.964955	16.297886
996.417480	289.942535	10.631235	14.017947
1002.459045	288.952240	12.308523	14.641896
1012.266174	288.161896	9.629789	16.881720
1039.564575	289.331665	14.496036	15.777586
1046.022583	290.028656	12.563750	13.399710
1077.436523	291.121918	13.655060	13.360043
1080.025879	289.705475	15.127971	14.341301
1053.372192	289.214355	14.409477	13.269528
1033.352295	288.105042	11.404347	13.250510
1034.496948	287.217865	10.508034	13.344819
1034.999146	287.031281	11.375498	13.231734
1036.956543	286.920074	10.588512	13.103059
1059.223633	289.089233	11.660265	15.310647
1060.975586	289.156982	12.529319	14.401809
1038.978149	288.153839	10.597056	14.424265
1062.125244	290.690308	12.283142	13.797638
1040.730103	290.488190	10.931154	13.390301
1063.503662	293.305206	11.774659	13.554872
1063.187378	295.342560	11.535591	15.950225
1063.192383	296.234558	11.141338	16.055958
1063.673096	298.088623	11.424044	17.503199
1062.571899	297.641663	12.980123	16.547409
1039.165283	298.504608	10.181756	14.814068
1063.615112	301.565918	10.642457	17.417048
1063.494385	301.602051	11.452367	18.931162
1064.215576	301.970947	12.263082	17.474981
1065.613403	301.750763	11.360884	18.604298
1043.183838	299.773132	11.125405	13.841295
1047.326172	299.417480	9.224015	13.579589
1050.703857	298.040070	9.828717	14.704513
1055.672485	297.099854	8.855851	17.504086
1061.117310	296.624725	9.184804	18.365969
1088.256714	296.597534	12.261242	13.831377
1122.749878	296.923126	11.768340	11.418790
1100.424316	296.391113	13.522262	12.984964
1106.912476	295.827240	14.683231	14.499121
1110.424072	296.530701	13.921391	13.863926
1111.888794	297.431732	13.797163	12.707985
1113.458130	297.762756	13.741647	12.993726
1113.796875	299.242218	14.098688	12.136681
1115.050049	300.183197	13.479540	11.825493
1114.559326	300.759277	14.082973	11.601219
1115.627441	301.292328	13.617569	12.131603
1116.850952	302.500946	13.526231	12.000851
1119.838745	303.325531	12.837185	11.711067
1150.697754	303.997711	11.961596	14.897488
1157.203979	305.678467	12.206307	12.115514
1164.296875	307.211395	14.511271	12.830273
1174.434326	308.272919	13.391172	11.526071
1184.828979	309.244904	13.929875	11.489153
1165.928833	309.055908	15.184608	17.412338
1180.612671	311.007019	13.697591	13.467900
1180.612671	311.007019	13.697591	13.467900
1207.890259	312.672333	11.585258	13.866714
1192.031128	310.726105	10.704521	12.189320
1192.031128	310.726105	10.704521	12.189320
1220.348511	312.788788	7.799568	13.582327
1222.575317	312.529755	8.491874	14.618536
1222.970337	313.295135	9.549745	14.016616
1223.281372	313.628998	9.307326	14.034459
1223.781006	314.487274	9.689958	13.654709
1224.557251	313.591156	11.383534	15.618678
1226.976562	313.490112	13.213687	16.077244
1230.018921	314.387573	16.304546	15.646477
1235.115601	315.596313	17.525248	16.633335
1239.945557	314.234375	15.962528	13.711566
1249.715942	315.842834	11.556674	11.542845
1253.716309	315.760193	11.679359	11.807585
1257.313232	313.954132	12.808934	13.439506
1268.778809	315.157959	12.792490	11.860791
1268.778809	315.157959	12.792490	11.860791
1268.778809	315.157959	12.792490	11.860791
1268.778809	315.157959	12.792490	11.860791
1268.778809	315.157959	12.792490	11.860791
1203.716431	301.889832	11.073938	12.692089
1177.087158	299.892181	10.843628	14.868571
1166.871948	298.350067	13.142633	16.022079
1188.545654	305.059021	14.280984	17.580990
1227.864868	314.180328	16.348694	13.514210
1249.599243	322.217957	16.536873	15.246324
1252.215576	321.972626	16.390213	15.978479
1253.334106	321.190857	16.260458	14.828290
1254.227539	321.286835	16.100641	13.664950
1255.619873	322.335754	17.471060	15.016768
1258.075562	322.122589	16.530399	15.903604
1261.075684	323.272125	15.785887	17.381420
1263.603638	323.303986	17.124287	16.513405
1247.457153	322.998322	15.081422	14.432907
1226.885376	319.806763	14.836112	13.588191
1229.383789	321.273865	14.468307	14.086264
1230.143066	322.329193	13.453399	13.036283
1230.760254	321.914825	14.180573	13.207770
1230.685059	322.124146	14.443013	13.127146
1232.093750	323.015320	15.080554	12.710743
1233.056274	323.326141	14.364679	13.212383
1234.828125	323.206207	14.739283	13.645320
1236.478638	323.437805	14.213101	12.977177
1237.502197	324.075684	14.766368	13.241027
1237.029297	324.417786	14.884517	13.685349
1239.199829	325.692444	12.902504	13.154624
1239.962402	327.211029	14.701250	13.558170
1243.021118	328.785248	13.995122	13.318047
1246.685181	330.619965	13.401307	13.297778
1249.732178	332.484741	12.005350	12.911006
1249.805176	331.980133	13.626607	15.062877
1249.819580	333.139160	13.989014	14.095543
1249.729980	333.774719	13.681231	13.437375
1249.968018	333.839294	13.714738	13.316633
1246.814087	333.211060	12.858207	13.649447
1244.296265	333.142731	14.103332	14.126576
1242.577148	332.129517	14.186638	13.761295
1243.437134	331.587097	13.393140	13.899591
1241.751099	330.325470	13.628978	14.580004
1264.209717	334.684937	16.313103	15.969765
1264.677124	334.565094	16.747080	15.829537
1263.802734	333.543854	17.595779	13.492286
1251.635986	332.590057	14.245688	15.154661
1259.384521	335.371704	14.332594	15.034644
1262.546509	334.156464	13.973891	17.918552
1266.354736	335.526123	14.897646	16.308031
1269.409180	338.769958	12.370932	14.352339
1269.409180	338.769958	12.370932	14.352339
1255.514526	339.627991	9.704073	12.157052
1258.742065	340.239685	12.232352	12.965261
1259.626343	342.179047	12.676887	11.695159
1259.845947	342.832336	13.021601	13.829585
1262.567505	344.272705	12.969565	13.088720
1264.133423	345.607147	14.074278	13.115207
1264.133423	345.607147	14.074278	13.115207
1266.640137	346.483063	14.455542	13.649673
1197.058350	337.205322	10.087421	14.938506
1168.626587	338.851318	8.828594	14.584863
1148.281616	337.098419	11.895149	14.501499
1149.266235	337.943268	13.804998	15.295642
1170.010376	339.918823	11.430920	15.344794
1170.243774	340.425415	11.941900	15.650989
1169.753540	341.228302	14.374595	16.336733
1169.498169	341.377380	13.881948	15.905858
1130.557739	339.992523	16.326817	16.147575
1104.634766	343.061432	12.829904	20.227098
1132.125610	355.218781	12.593859	18.991198
1145.445312	360.593170	12.182662	18.367531
1154.797852	364.033234	12.898796	20.801634
1161.165771	366.544006	12.398839	19.802399
1163.227661	368.357269	15.678025	18.018307
1169.266357	370.273407	14.443583	18.835394
1174.896851	371.735870	12.510775	19.703840
1172.457031	372.389557	13.489313	18.326502
1203.549072	377.102020	15.372103	20.365429
1208.296753	377.510834	14.635396	21.127434
1210.359375	377.333771	15.475765	22.112616
1212.490601	377.781219	15.755579	18.813965
1215.186768	378.463226	15.728198	18.456257
1218.108276	378.387085	17.013435	18.304520
1221.506470	379.471497	17.354530	22.143295
1226.677002	380.857452	17.543287	18.491131
1233.271851	383.981659	16.969009	20.853039
1210.729980	379.763275	16.413513	23.221813
1216.371826	383.372986	14.497972	19.642929
1214.558716	383.487030	13.027438	20.545212
1217.950562	385.625183	15.818024	19.975632
1218.878906	387.208679	16.773941	19.051146
1220.650513	388.080475	16.299486	20.114443
1221.494385	389.360809	17.538155	19.854368
1224.681152	392.059387	18.074350	16.105883
1230.700439	394.857452	16.662676	16.112450
1234.216797	397.150970	17.781454	18.086609
1239.186279	399.294617	16.263742	18.326700
1239.443481	398.890656	15.804347	17.846388
1239.137207	398.788422	15.080814	17.506618
1238.333008	398.556183	15.069681	15.413938
1238.961182	398.662933	16.860807	15.891257
1240.230347	398.651031	14.152093	17.241987
1240.546387	398.703461	15.871451	18.389595
1240.860229	399.047455	14.972736	16.211756
1242.726562	399.950653	17.404301	15.816354
1243.548096	399.772369	16.683090	17.279531
1245.479248	401.444336	16.785711	17.396540
1247.659180	402.502747	17.301451	18.049994
1253.161865	405.038330	17.879408	19.524214
1257.606201	407.328735	17.474937	20.722269
1263.702271	411.037750	17.411554	17.865831
1267.004639	413.326538	14.134835	16.281223
1267.296387	413.547089	14.134140	15.472023
1268.082764	414.129578	12.842185	14.616008
1268.434692	414.498871	13.143933	14.479858
1268.642700	414.357574	12.646048	14.527916
1268.744507	414.298187	12.500368	14.147568
1267.635742	414.746490	14.227083	14.271955
