0.093960
0.064191
0.064269
0.064219
0.062247
0.064210
0.064624
0.064232
0.065655
0.064295
0.064162
0.064303
0.064396
0.061610
0.064237
0.063633
0.063684
0.063568
0.063835
0.063895
0.074015
0.064050
0.064140
0.063988
0.064310
0.063965
0.065014
0.064231
0.063951
0.063492
0.063463
0.064806
0.063995
0.064533
0.061788
0.063991
0.064075
0.063863
0.064038
0.063721
0.075403
0.064388
0.061957
0.064337
0.064190
0.065360
0.064029
0.064320
0.063913
0.064584
0.064193
0.064132
0.064018
0.064272
0.063982
0.063898
0.064013
0.062374
0.064562
0.064282
0.075416
0.063540
0.063580
0.064399
0.063943
0.064808
0.063584
0.061482
0.061711
0.063820
0.064990
0.064417
0.063717
0.064607
0.064122
0.061780
0.063517
0.064475
0.061955
0.062013
0.074889
0.063412
0.064394
0.065430
0.064038
0.063767
0.063968
0.061890
0.063791
0.065582
0.061826
0.063690
0.063629
0.063576
0.063945
0.067131
0.064688
0.063994
0.064429
0.063777
0.075922
0.062622
0.064461
0.064547
0.062407
0.062311
0.064306
0.066122
0.064777
0.064110
0.063911
0.064116
0.064350
0.064695
0.062366
0.064383
0.064001
0.064634
0.064865
0.063489
0.077161
0.064624
0.062468
0.064097
0.064689
0.064898
0.065298
0.064255
0.042997
0.064187
0.063632
0.062953
0.066055
0.067840
0.043187
0.064730
0.062590
0.043481
0.043656
0.067972
0.073520
0.062289
0.064720
0.067727
0.068594
0.067677
0.068202
0.064517
0.064583
0.067949
0.066208
0.062808
0.064674
0.043550
0.043142
0.043062
0.043983
0.044803
0.046984
0.042797
0.048968
0.043251
0.043554
0.064209
0.065927
0.065142
0.064602
0.065316
0.064868
0.062509
0.065001
0.064809
0.066304
0.064418
0.064617
0.065322
0.064925
0.065058
0.064432
0.064257
0.076271
0.065230
0.062986
0.065028
0.066897
0.063056
0.064602
0.062410
0.044779
0.041847
0.040039
0.041901
0.041774
0.041709
0.061879
0.042756
0.062089
0.062087
0.061818
0.061794
0.073800
0.063826
0.062309
0.062329
0.062543
0.060493
0.062374
0.060798
0.062496
0.062328
0.062123
0.063249
0.062534
0.062933
0.062523
0.062363
0.062287
0.062186
0.060379
0.063339
0.073733
0.060046
0.062877
0.062136
0.063805
0.063120
0.062480
0.062922
0.062487
0.062088
0.063110
0.062094
0.060820
0.062241
0.062294
0.061985
0.062707
0.064732
0.063248
0.062837
0.073547
0.063485
0.062821
0.062870
0.063026
0.061623
0.062716
0.062438
0.062762
0.063988
0.061347
0.062738
0.062831
0.062528
0.060405
0.062104
0.063211
0.062300
0.062760
0.060467
0.071854
0.062369
0.064253
0.062682
0.062532
0.062376
0.062402
0.062510
0.063357
0.062633
0.062590
0.062853
0.062829
0.062647
0.061644
0.063234
0.062370
0.060021
0.062704
0.061445
0.075497
0.062765
0.062418
0.062861
0.062579
0.060538
0.063303
0.063726
0.062557
0.062549
0.062608
0.062535
0.063589
0.063798
0.060867
0.062796
0.062591
0.062992
0.062842
0.062701
0.075423
0.062580
0.062664
0.062608
0.063222
0.063968
0.064258
0.064173
0.064062
0.064308
0.064240
0.064048
0.065396
0.063893
0.063958
0.063629
0.064600
0.063780
0.063519
0.063300
0.075608
0.063926
0.063512
0.062258
0.062539
0.062444
0.062199
0.062120
0.063519
0.062207
0.062094
0.063885
0.062392
0.062089
0.062700
0.062383
0.062072
0.061998
0.062888
0.062705
0.074554
0.062908
0.062637
0.062311
0.062801
0.062321
0.062137
0.062225
0.060074
0.062356
0.061560
0.062687
0.062910
0.062882
0.062393
0.062592
0.062847
0.060826
0.062424
0.063063
0.071956
0.062428
0.064300
0.062675
0.062469
0.062593
0.062346
0.062704
0.062485
0.063084
0.062469
0.062674
0.062497
0.062109
0.063447
0.064394
0.060549
0.062629
0.061897
0.060607
0.073792
0.062537
0.062337
0.062935
0.062298
0.062830
0.061815
0.062760
0.062820
0.063756
0.062506
0.062462
0.060320
0.062461
0.062481
0.063522
0.062694
0.062400
0.062404
0.062498
0.074821
0.063230
0.062054
0.061830
0.061559
0.060788
0.062798
0.062853
0.062510
0.062356
0.062220
0.062474
0.062356
0.063753
0.060033
0.061777
0.061788
0.062828
0.062392
0.063270
0.073510
0.062581
0.062259
0.062466
0.061882
0.063246
0.042082
0.041992
0.041669
0.062992
0.061100
0.062550
0.042168
0.064106
0.061569
0.062876
0.062922
0.060783
0.041686
0.040660
0.047603
0.041737
0.041836
0.041552
0.041755
0.041573
0.039775
0.040375
0.041765
0.039938
0.041690
0.041674
0.039959
0.041729
0.041518
0.041101
0.042111
0.041732
0.039399
0.041282
0.046977
0.041161
0.041091
0.041708
0.039654
0.041409
0.041644
0.041576
0.042019
0.041792
0.039977
0.041786
0.041966
0.040112
0.042161
0.062369
0.063532
0.041761
0.041661
0.041276
0.047236
0.041650
0.041686
0.041629
0.040021
0.041638
0.041706
0.042625
0.041470
0.041747
0.042667
0.040351
0.041893
0.062062
0.041166
0.040025
0.041393
0.061630
0.062062
0.062738
0.072062
0.063471
0.062685
0.062384
0.064011
0.062860
0.062907
0.042076
0.063344
0.060784
0.062495
0.062370
0.061114
0.061028
0.040663
0.041751
0.041803
0.041835
0.043421
0.062718
0.073942
0.060997
0.061865
0.060488
0.062082
0.062275
0.062342
0.060893
0.062453
0.062191
0.059973
0.061308
0.061924
0.062312
0.062264
0.062137
0.065007
0.062145
0.062049
0.063531
0.074225
0.060197
0.063060
0.063705
0.042026
0.060085
0.062747
0.062666
0.062344
0.062281
0.066263
0.062701
0.060647
0.062400
0.060579
0.041872
0.042048
0.063970
0.061256
0.062706
0.047216
0.062277
0.062401
0.062373
0.062750
0.063230
0.062619
0.062841
0.062924
0.062941
0.064370
0.063278
0.061163
0.062255
0.041395
0.041649
0.041550
0.062503
0.062394
0.062819
0.072032
0.063194
0.062348
0.062412
0.062809
0.062308
0.062592
0.062275
0.062861
0.062354
0.062797
0.045125
0.063822
0.062609
0.065516
0.062838
0.068442
0.066128
0.065681
0.060243
0.073721
0.062203
0.063232
0.062235
0.062790
0.066033
0.062449
0.041582
0.044002
0.042669
0.062170
0.060948
0.062608
0.042155
0.041948
0.043136
0.063212
0.062351
0.062091
0.062415
0.071626
0.060658
0.042987
0.041570
0.041342
0.041496
0.041872
0.042083
0.042797
0.043199
0.042140
0.041615
0.042036
0.042057
0.044806
0.042113
0.043234
0.041372
0.062089
0.046203
0.073781
0.066232
0.065580
0.065291
0.065057
0.061832
0.062050
0.068419
0.063733
0.065342
0.065075
0.066818
0.066199
0.042565
0.064129
0.063058
0.063047
0.061432
0.067815
0.063236
0.072034
0.066430
0.062959
0.062183
0.063740
0.066273
0.066224
0.066283
0.065472
0.063040
0.063256
0.066101
0.061078
0.042382
0.045520
0.040591
0.046051
0.061958
0.066440
0.063025
0.074484
0.061069
0.064541
0.066093
0.040454
0.063089
0.062922
0.062874
0.042574
0.046299
0.067706
0.060980
0.042197
0.042775
0.042566
0.042331
0.047202
0.065696
0.045645
0.045651
0.048268
0.065929
0.043434
0.043722
0.066083
0.041500
0.060940
0.046065
0.042614
0.040564
0.062454
0.042383
0.042232
0.042008
0.045347
0.042018
0.045047
0.042803
0.042830
0.041793
0.075169
0.042581
0.042455
0.039999
0.062001
0.066747
0.062653
0.063153
0.063199
0.063239
0.063374
0.064003
0.066378
0.066620
0.063346
0.062914
0.061241
0.067044
0.063005
0.062944
0.074036
0.062703
0.062721
0.064826
0.065898
0.062882
0.062133
0.062831
0.062457
0.064049
