0.112143
0.062947
0.060738
0.062756
0.062939
0.060850
0.061544
0.063008
0.063045
0.060979
0.063413
0.063033
0.061162
0.065045
0.062991
0.062025
0.062324
0.060589
0.064180
0.065370
0.071146
0.060655
0.060336
0.062290
0.062345
0.062320
0.061679
0.066731
0.062668
0.062536
0.060691
0.062431
0.042540
0.061021
0.059999
0.060338
0.062598
0.062393
0.066173
0.066881
0.072362
0.061624
0.060768
0.062653
0.064355
0.060866
0.061246
0.063690
0.062369
0.062282
0.060563
0.061858
0.060908
0.062833
0.066797
0.065966
0.068340
0.066311
0.066169
0.064675
0.071573
0.062478
0.062536
0.062419
0.063731
0.063453
0.062898
0.062570
0.043255
0.060798
0.062769
0.063000
0.066223
0.062796
0.063140
0.063002
0.060563
0.062607
0.061549
0.061131
0.071940
0.064524
0.061374
0.068996
0.060657
0.066974
0.060268
0.064621
0.065765
0.066222
0.069105
0.068207
0.066148
0.062293
0.060885
0.064978
0.062344
0.063631
0.063086
0.061064
0.073782
0.062475
0.060500
0.062580
0.063285
0.062673
0.062052
0.062573
0.062049
0.064168
0.065577
0.064577
0.064215
0.063576
0.061464
0.062036
0.064362
0.065101
0.064214
0.063701
0.075812
0.065058
0.041960
0.043274
0.067709
0.061553
0.063843
0.066767
0.062073
0.063835
0.064514
0.062273
0.063887
0.064097
0.061989
0.062276
0.064392
0.065026
0.061880
0.063893
0.074537
0.063977
0.063730
0.065891
0.061483
0.063389
0.064781
0.062620
0.064340
0.065980
0.064984
0.064431
0.064403
0.062651
0.064488
0.062186
0.063356
0.064099
0.064362
0.063965
0.049165
0.064091
0.062926
0.065326
0.064530
0.063483
0.064534
0.065369
0.064932
0.064920
0.064454
0.062398
0.064721
0.064159
0.064211
0.062742
0.042659
0.064204
0.063624
0.062929
0.072126
0.060780
0.063123
0.061073
0.062716
0.060780
0.060996
0.062517
0.060746
0.063781
0.063676
0.060676
0.061120
0.062240
0.063057
0.065159
0.061044
0.065993
0.062705
0.063038
0.074152
0.063063
0.061687
0.064492
0.062129
0.062872
0.060650
0.062594
0.060953
0.061388
0.062232
0.062561
0.042254
0.041936
0.060381
0.040679
0.063411
0.063177
0.063560
0.062733
0.074747
0.061080
0.064577
0.061408
0.062901
0.063858
0.061127
0.063040
0.060689
0.064646
0.061217
0.065941
0.065410
0.064504
0.063046
0.066992
0.065343
0.064834
0.062984
0.062792
0.074168
0.067253
0.064905
0.068054
0.069922
0.065565
0.068254
0.062642
0.063443
0.064990
0.064874
0.065119
0.066166
0.068235
0.063916
0.064792
0.064554
0.065927
0.068367
0.064610
0.075605
0.062558
0.064619
0.063325
0.065328
0.067894
0.064939
0.067777
0.064345
0.067665
0.067254
0.067547
0.065942
0.068605
0.069447
0.065093
0.065216
0.065151
0.065105
0.045529
0.076273
0.064884
0.065913
0.066310
0.063154
0.065829
0.064832
0.062826
0.064711
0.063017
0.063045
0.063093
0.063757
0.063447
0.065104
0.064872
0.065502
0.065897
0.065471
0.043677
0.074204
0.064821
0.064609
0.064234
0.065652
0.063381
0.063276
0.064677
0.066090
0.065963
0.068887
0.068923
0.065838
0.062978
0.064524
0.064947
0.064681
0.065919
0.065087
0.064579
0.075750
0.062337
0.061980
0.063747
0.064591
0.062766
0.062833
0.064410
0.063762
0.063835
0.064356
0.063490
0.061734
0.063441
0.063043
0.063776
0.062680
0.062488
0.061553
0.061597
0.074281
0.062849
0.063039
0.063357
0.060954
0.062960
0.061236
0.062242
0.061298
0.061523
0.065850
0.067425
0.070545
0.061100
0.064839
0.060924
0.063314
0.063418
0.062932
0.062465
0.072294
0.063088
0.064301
0.064160
0.063583
0.061207
0.042440
0.042584
0.040658
0.042405
0.061759
0.042658
0.063229
0.063337
0.042628
0.040745
0.061079
0.064012
0.064530
0.065467
0.066220
0.066137
0.065995
0.062945
0.063349
0.061028
0.060917
0.062057
0.062680
0.060264
0.040543
0.040266
0.042130
0.042969
0.044042
0.043132
0.041485
0.043117
0.039845
0.063359
0.045623
0.040358
0.040686
0.062731
0.060302
0.042000
0.041809
0.066843
0.062243
0.063915
0.065191
0.060990
0.065725
0.060674
0.042579
0.064405
0.042762
0.062653
0.060931
0.060583
0.075083
0.061300
0.060975
0.060535
0.062139
0.064275
0.061020
0.061741
0.062848
0.062625
0.065514
0.061075
0.060655
0.066443
0.060997
0.065648
0.060936
0.064096
0.061639
0.061024
0.049285
0.062907
0.063224
0.040627
0.060960
0.042452
0.062776
0.063378
0.066426
0.066668
0.061100
0.066647
0.046561
0.060957
0.067623
0.041356
0.070107
0.063756
0.064073
0.043437
0.048323
0.062196
0.063349
0.065072
0.067343
0.064429
0.064609
0.063063
0.061837
0.063696
0.064859
0.066916
0.066834
0.061712
0.062598
0.065003
0.064165
0.064301
0.064300
0.065567
0.075434
0.063361
0.061473
0.063627
0.067231
0.063694
0.066992
0.042967
0.063533
0.066791
0.067488
0.064924
0.068418
0.042227
0.063222
0.066488
0.066807
0.064960
0.067409
0.064624
0.072523
0.022101
0.062982
0.061409
0.063076
0.063381
0.020640
0.066849
0.063643
0.046128
0.063483
0.061577
0.064705
