0.099393
0.063591
0.061419
0.064319
0.062880
0.063530
0.061092
0.062724
0.063012
0.063211
0.062974
0.064077
0.063119
0.063062
0.062988
0.063091
0.064174
0.063706
0.063048
0.060951
0.070810
0.062559
0.062453
0.065346
0.060814
0.062703
0.062690
0.062905
0.063530
0.061172
0.061961
0.061725
0.063724
0.063555
0.063398
0.064033
0.062105
0.063565
0.063902
0.063343
0.072819
0.065402
0.063962
0.061539
0.064471
0.062046
0.062048
0.063805
0.062156
0.063692
0.063882
0.061855
0.061278
0.062753
0.061188
0.062343
0.062166
0.060132
0.062091
0.062821
0.074799
0.062196
0.062175
0.063219
0.062165
0.062276
0.063990
0.062634
0.060186
0.062157
0.060183
0.063266
0.061254
0.062635
0.062298
0.062101
0.062203
0.059986
0.062489
0.062191
0.072482
0.060756
0.063403
0.060790
0.062836
0.063317
0.062641
0.060615
0.062546
0.060611
0.062500
0.060764
0.063546
0.060765
0.060458
0.060237
0.041681
0.040605
0.041470
0.039543
0.045732
0.060700
0.062330
0.062292
0.062586
0.039795
0.062769
0.062909
0.062120
0.062029
0.060801
0.063331
0.041948
0.041918
0.042212
0.041987
0.042769
0.041885
0.041825
0.040694
0.021296
0.019074
0.020865
0.043632
0.020004
0.020930
0.020778
0.018957
0.020814
0.019181
0.022049
0.020940
0.020900
0.019114
0.041882
0.041848
0.040246
0.041656
0.041510
0.039753
0.047840
0.041870
0.041984
0.043075
0.041019
0.040450
0.042291
0.042185
0.042741
0.042036
0.041805
0.042295
0.063035
0.061263
0.062896
0.061420
0.062892
0.059417
0.063672
0.043044
0.048372
0.063856
0.063195
0.061368
0.063948
0.063736
0.063770
0.064033
0.063823
0.061610
0.064098
0.065486
0.061986
0.064159
0.063713
0.063255
0.063568
0.061040
0.063418
0.063703
0.072994
0.063278
0.062676
0.063458
0.044526
0.041204
0.043778
0.042594
0.042966
0.042717
0.042125
0.042836
0.061496
0.043000
0.064368
0.064707
0.064230
0.040860
0.040774
0.064959
0.047121
0.041433
0.042800
0.042683
0.043000
0.040935
0.043024
0.042870
0.041194
0.063111
0.064119
0.061380
0.061676
0.063060
0.045167
0.044621
0.042815
0.042601
0.040981
0.042851
0.048830
0.043196
0.062258
0.063057
0.043443
0.043063
0.041132
0.043109
0.043253
0.043356
0.044130
0.041777
0.042891
0.041362
0.041577
0.041868
0.043077
0.041299
0.064661
0.064335
0.076524
0.065318
0.063010
0.065266
0.065979
0.066143
0.063286
0.063374
0.065133
0.063239
0.063559
0.065182
0.065097
0.065221
0.065342
0.063228
0.065815
0.066218
0.063375
0.065417
0.076738
0.063591
0.063724
0.064678
0.062427
0.062415
0.063129
0.063584
0.063158
0.063841
0.064111
0.063413
0.060998
0.062862
0.063086
0.062922
0.060984
0.060890
0.062803
0.063011
0.072379
0.063140
0.064513
0.062018
0.063694
0.061611
0.063606
0.064158
0.063698
0.063719
0.063151
0.064101
0.061613
0.063966
0.062946
0.064403
0.063329
0.063160
0.063109
0.064356
0.072855
0.063713
0.063043
0.062785
0.063123
0.062425
0.063111
0.063795
0.064723
0.064720
0.062848
0.063713
0.061434
0.063648
0.063616
0.063497
0.061267
0.063583
0.063106
0.060961
0.076436
0.061351
0.062938
0.063505
0.063073
0.060850
0.062862
0.062716
0.060823
0.063509
0.063058
0.061031
0.062478
0.064520
0.063348
0.063189
0.063139
0.062751
0.062702
0.060714
0.074021
0.062279
0.063119
0.062658
0.062598
0.062406
0.064432
0.060442
0.062811
0.060790
0.062811
0.062493
0.060586
0.060735
0.063586
0.062602
0.060806
0.062640
0.062644
0.064394
0.075591
0.063434
0.062999
0.062937
0.062536
0.062743
0.064240
0.060688
0.062760
0.062617
0.060556
0.062977
0.063386
0.060685
0.061951
0.062723
0.062544
0.062274
0.063462
0.061081
0.073817
0.063281
0.062115
0.060749
0.063402
0.063184
0.060641
0.062889
0.062590
0.060125
0.060608
0.063862
0.042098
0.042202
0.042038
0.041856
0.041878
0.041951
0.039678
0.064079
0.046005
0.041824
0.041962
0.041901
0.039978
0.042666
0.042065
0.040369
0.041843
0.041675
0.042198
0.041996
0.040605
0.042300
0.042377
0.040260
0.042176
0.042705
0.040089
0.042214
0.048026
0.042492
0.042358
0.042478
0.043003
0.062520
0.062420
0.062436
0.062413
0.062367
0.061516
0.063970
0.062340
0.061283
0.063159
0.062372
0.063884
0.061841
0.063529
0.063140
0.076291
0.064018
0.061823
0.061945
0.065802
0.064568
0.063898
0.063738
0.064146
0.062119
0.064019
0.064057
0.064299
0.064245
0.064478
0.062734
0.064704
0.065225
0.064449
0.064923
0.076431
0.064622
0.064654
0.062629
0.064788
0.064650
0.065061
0.064477
0.064716
0.065371
0.064151
0.063992
0.064363
0.062328
0.063936
0.064018
0.063998
0.063395
0.065147
0.064452
0.075534
0.067755
0.067610
0.064044
0.062406
0.064602
0.064678
0.064372
0.064752
0.063631
0.040534
0.046626
0.042515
0.042475
0.042386
0.042769
0.042950
0.042178
0.042132
0.042988
0.046587
0.040036
0.062944
0.062597
0.060771
0.063684
0.066194
0.063252
0.065361
0.063112
0.043330
0.065161
0.043901
0.043431
0.043709
0.043952
0.065857
0.043322
0.043524
0.043637
0.047426
0.045287
0.022657
0.022309
0.041355
0.043723
0.042257
0.023536
0.022541
0.020897
0.024119
0.020740
0.020705
0.022413
0.022459
0.022052
0.020274
0.022448
0.022331
0.020782
0.022004
0.020261
0.020610
0.022157
0.022147
0.020431
0.020053
0.022435
0.020667
0.041607
0.043571
0.045726
0.042121
0.042820
0.043779
0.041741
0.043289
0.043241
0.043727
0.064707
0.049480
0.044193
0.043414
0.043312
0.043384
0.041508
0.041570
0.042965
0.044493
0.042113
0.043216
0.043583
0.041770
0.043711
0.043190
0.043599
0.043605
0.045066
0.043905
0.043792
0.049216
0.064839
0.043873
0.063104
0.064610
0.068172
0.065923
0.068707
0.065228
0.067903
0.063496
0.062842
0.066021
0.066048
0.064300
0.064679
0.067037
0.064620
0.062476
0.064559
0.075678
0.062659
0.065626
0.065211
0.066210
0.068225
0.067216
0.067383
0.068494
0.068688
0.064568
0.067561
0.062196
0.061043
0.063720
0.062828
0.062967
0.063028
0.063026
0.061794
0.074780
0.063773
0.062914
0.065233
0.060175
0.062132
0.061907
0.062938
0.042293
0.042924
0.042462
0.041857
0.041839
0.041700
0.042742
0.042120
0.040991
0.042690
0.042438
0.041840
0.047823
0.042260
0.043379
0.063158
0.041859
0.062495
0.041779
0.062207
0.063562
0.042424
0.041931
0.040313
0.041339
0.042350
0.040402
0.042109
0.061966
0.066625
0.066058
0.062564
0.074043
0.060505
0.062602
0.063457
0.062996
0.061896
0.064431
0.060628
0.060465
0.062734
0.060793
0.062294
0.060666
0.062212
0.060578
0.060544
0.060977
0.060395
0.062407
0.064124
0.074114
0.062440
0.063029
0.063055
0.062654
0.062510
0.062412
0.066565
0.066618
0.065743
0.064045
0.066468
0.064731
0.062828
0.063641
0.062885
0.062787
0.062826
0.062822
0.063743
0.075217
0.063317
0.063376
0.063147
0.064298
0.063030
0.064197
0.060934
0.062614
0.062748
0.060739
0.062889
0.066618
0.064571
0.064354
0.061243
0.042477
0.043865
0.043408
0.063347
0.048033
0.063200
0.063381
0.063849
0.064398
0.062057
0.064478
0.061919
0.063796
0.064191
0.061955
0.066010
0.064173
0.064333
0.064689
0.064826
0.063992
0.064142
0.064724
0.062961
0.076073
0.063754
0.064252
0.065207
0.065530
0.041854
0.042777
0.042892
0.043193
0.044211
0.042891
0.042857
0.041702
0.041154
0.043056
0.042988
0.042710
0.042550
0.042712
0.043212
0.049039
0.064062
0.064195
0.063731
0.063740
0.064279
0.065638
0.062104
0.064239
0.064268
0.064260
0.064170
0.064898
0.063527
0.064522
0.064416
0.064176
0.063946
0.064329
0.064939
0.074993
0.061339
0.063342
0.062775
0.066495
0.066308
0.061524
0.066094
0.065916
0.070821
0.064813
0.063042
0.063820
0.064423
0.062314
0.064146
0.064161
0.063904
0.064623
0.063442
0.075493
0.063328
0.063946
0.063819
0.064393
0.064952
0.064839
0.066236
0.066674
0.065010
0.067156
0.063470
0.061198
0.063014
0.063375
0.064250
0.061996
0.063814
0.063677
0.061860
0.074745
0.062150
0.063476
0.064768
0.063493
0.063594
0.061772
0.067966
0.066793
0.066399
0.063739
0.066981
0.061360
0.067997
0.063290
0.063027
0.067294
0.064102
0.062965
0.061692
0.071751
0.060874
0.066521
0.064324
0.061570
0.063732
0.062962
0.060844
0.063195
0.063410
0.063301
0.064719
0.063647
0.062797
0.061603
0.063510
0.063566
0.061651
0.063892
0.063514
0.074958
0.062589
0.063557
0.063833
0.062998
0.062703
0.063648
0.062868
0.060877
0.060891
0.063306
0.060936
0.063108
0.064089
0.063353
0.063793
0.064715
0.063445
0.063477
0.063458
0.073268
0.063317
0.063951
0.063193
0.063596
0.060917
0.062959
0.062424
0.063707
0.061461
0.063675
0.063652
0.063207
0.063150
0.064653
0.063468
0.063243
0.063222
0.062812
0.063032
0.073938
0.061104
0.063078
0.061316
0.063322
0.060941
0.063702
0.063169
0.061248
0.063584
0.064125
0.064023
0.064534
0.061783
0.061031
0.062965
0.062809
0.063239
0.063314
0.063936
0.074783
0.063803
