0.100356
0.063644
0.062030
0.064196
0.062333
0.062372
0.062677
0.062622
0.062300
0.061739
0.063501
0.063326
0.064679
0.064907
0.061328
0.070091
0.069362
0.061198
0.061033
0.062823
0.067212
0.066542
0.062998
0.063627
0.064009
0.064204
0.061340
0.064337
0.063361
0.062579
0.065806
0.062989
0.062940
0.060990
0.063584
0.040174
0.068554
0.061481
0.065017
0.064483
0.074116
0.061632
0.066090
0.065851
0.062016
0.065983
0.067429
0.066079
0.062140
0.063072
0.062617
0.064267
0.064809
0.065844
0.065530
0.064338
0.062390
0.064531
0.068950
0.065666
0.076100
0.065298
0.064819
0.066085
0.066784
0.069785
0.099722
0.085021
0.073177
0.063501
0.061648
0.085156
0.089699
0.065348
0.068161
0.068655
0.069042
0.068693
0.086466
0.087256
0.077362
0.073015
0.068682
0.065260
0.064332
0.063222
0.063874
0.065458
0.063161
0.065887
0.063725
0.063095
0.064644
0.064311
0.074150
0.062869
0.065781
0.062388
0.061917
0.061192
0.076341
0.063935
0.063767
0.064882
0.062089
0.064089
0.063880
0.063507
0.068568
0.068774
0.062382
0.062070
0.063455
0.069621
0.065164
0.071099
0.063926
0.064229
0.063195
0.064829
0.075257
0.063218
0.065970
0.063976
0.063494
0.063490
0.063220
0.067678
0.063686
0.063474
0.063576
0.062110
0.064249
0.064312
0.062279
0.064421
0.041958
0.041466
0.064445
0.064251
0.048124
0.041536
0.064120
0.043415
0.041453
0.064420
0.063940
0.064531
0.064315
0.062972
0.066008
0.063895
0.067711
0.066879
0.063507
0.063826
0.070522
0.063556
0.066941
0.061958
0.075601
0.062415
0.066214
0.063960
0.063505
0.068403
0.069379
0.068010
0.072340
0.066442
0.062949
0.068201
0.066470
0.064011
0.062548
0.065972
0.063904
0.065155
0.063242
0.060794
0.074338
0.066458
0.066077
0.064479
0.064556
0.064732
0.064454
0.068829
0.065014
0.064506
0.064365
0.064759
0.066204
0.065283
0.066231
0.062425
0.064264
0.064508
0.065561
0.064058
0.077572
0.064911
0.064704
0.065235
0.062609
0.063011
0.061409
0.062739
0.062859
0.062893
0.062776
0.063015
0.063728
0.063059
0.063395
0.060562
0.063051
0.060642
0.073250
0.066179
0.075680
0.064898
0.068677
0.062697
0.065384
0.064414
0.064767
0.065871
0.062322
0.066761
0.066723
0.065923
0.064548
0.063648
0.061835
0.061852
0.067367
0.062113
0.065892
0.066036
0.077564
0.066080
0.062148
0.064279
0.065976
0.063782
0.061811
0.070107
0.066081
0.062535
0.062871
0.064522
0.062310
0.062699
0.040322
0.040247
0.041924
0.040064
0.040114
0.041789
0.047795
0.042000
0.042041
0.041582
0.041532
0.043287
0.042727
0.042173
0.043654
0.042152
0.043010
0.043525
0.041964
0.060644
0.041890
0.062918
0.043152
0.044556
0.063816
0.044234
0.048502
0.051162
0.042212
0.041572
0.041588
0.048822
0.043799
0.044499
0.043363
0.044856
0.042548
0.044559
0.067831
0.065357
0.043818
0.066829
0.065665
0.063842
0.061055
0.062090
0.074993
0.067315
0.065242
0.061690
0.063564
0.065470
0.063883
0.064062
0.067256
0.065034
0.064509
0.064845
0.065121
0.064322
0.062349
0.064545
0.062458
0.043687
0.042905
0.063716
0.075210
0.063870
0.061577
0.063882
0.062049
0.068250
0.062050
0.064309
0.063205
0.063021
0.063177
0.062834
0.060818
0.063581
0.062755
0.063171
0.062468
0.062722
0.064373
0.060853
0.074228
0.063721
0.061023
0.062713
0.062646
0.060276
0.063242
0.062611
0.063076
0.062845
0.062811
0.062027
0.063265
0.063369
0.064374
0.062844
0.069942
0.065968
0.063279
0.063316
0.073973
0.062226
0.068445
0.066442
0.046858
0.065933
0.045083
0.064817
0.067277
0.066659
0.064883
0.065816
0.070778
0.062869
0.062602
0.063830
0.062132
0.063887
0.060667
0.066251
0.071882
0.062866
0.066551
0.063140
0.062703
0.064156
0.066190
0.067285
0.065967
0.065868
0.065006
0.066147
0.061364
0.062921
0.063027
0.045934
0.041956
0.044861
0.062622
0.066249
0.071773
0.065784
0.062843
0.064694
0.066878
0.060879
0.066001
0.060707
0.065989
0.063967
0.065885
0.062549
0.062159
0.062727
0.060470
0.062313
0.062708
0.064607
0.065875
0.063419
0.069158
0.062572
0.063753
0.066080
0.062835
0.060933
0.061068
0.062403
0.062373
0.062313
0.062048
0.063084
0.062502
0.042047
0.060787
0.063230
0.062530
0.062875
0.062662
0.062543
0.071286
0.060567
0.062503
0.064319
0.063110
0.062628
0.060435
0.061149
0.060956
0.061094
0.060930
0.062515
0.060685
0.060622
0.062927
0.060806
0.060894
0.061603
0.063843
0.064325
0.074357
0.063422
0.063881
0.066371
0.066824
0.063333
0.063254
0.064658
0.064023
0.065483
0.063387
0.062618
0.064212
0.064444
0.062767
0.066981
0.065620
0.065187
0.062747
0.063753
0.077630
0.065213
0.065692
0.065434
0.064975
0.063549
0.063159
0.065238
0.063322
0.064968
0.065031
0.064812
0.065892
0.064651
0.064454
0.069355
0.066269
0.066249
0.063142
0.065119
0.072039
0.064887
0.062950
0.065502
0.068019
0.064991
0.064836
0.068053
0.064854
