0.097444
0.064605
0.061869
0.063286
0.061256
0.063289
0.063962
0.063045
0.062795
0.063190
0.063222
0.060840
0.065143
0.063170
0.061086
0.061302
0.060838
0.063028
0.063948
0.063940
0.071607
0.062113
0.064435
0.063686
0.063519
0.063452
0.061378
0.063524
0.064126
0.063324
0.064049
0.061364
0.062946
0.063559
0.063852
0.064017
0.063570
0.063589
0.063379
0.063262
0.073542
0.063634
0.063250
0.062308
0.063611
0.063940
0.063696
0.064349
0.064003
0.063767
0.063686
0.061886
0.064046
0.066617
0.062156
0.064216
0.064026
0.061722
0.064367
0.064220
0.076923
0.064078
0.063646
0.061785
0.063705
0.063731
0.065337
0.061902
0.064644
0.061727
0.062728
0.062800
0.066894
0.063343
0.063051
0.066594
0.062867
0.065578
0.061635
0.064385
0.074315
0.062654
0.060602
0.062753
0.063108
0.063016
0.062591
0.062488
0.060576
0.062560
0.062336
0.063221
0.064467
0.062530
0.063783
0.062329
0.066168
0.063881
0.062522
0.063005
0.074133
0.063190
0.063642
0.062139
0.063087
0.063307
0.060512
0.062447
0.065882
0.067731
0.066025
0.066423
0.066282
0.062969
0.062588
0.066273
0.063677
0.064023
0.063436
0.065217
0.073951
0.064357
0.062932
0.060726
0.062813
0.063825
0.060750
0.062813
0.063170
0.062835
0.062979
0.062928
0.062709
0.062798
0.063751
0.063140
0.060528
0.060373
0.042044
0.062630
0.074745
0.061018
0.060650
0.062803
0.061049
0.062528
0.064783
0.063886
0.061192
0.062930
0.063170
0.062980
0.062974
0.064378
0.063590
0.063501
0.063181
0.063775
0.063361
0.063758
0.074482
0.062511
0.060671
0.060722
0.042119
0.041337
0.063248
0.062826
0.063182
0.063323
0.064822
0.063388
0.063888
0.063030
0.062671
0.063052
0.061288
0.060695
0.065027
0.063035
0.072346
0.063225
0.062957
0.062251
0.061534
0.063146
0.063257
0.063170
0.063460
0.062841
0.040330
0.042758
0.040848
0.062559
0.062678
0.042183
0.062400
0.063962
0.063517
0.061330
0.074445
0.060436
0.067277
0.063414
0.064276
0.061372
0.062860
0.062733
0.062749
0.063765
0.063893
0.061445
0.063238
0.062976
0.061023
0.063135
0.063827
0.061344
0.063287
0.063018
0.072467
0.063236
0.064162
0.063594
0.062800
0.062959
0.061339
0.061679
0.063104
0.061380
0.063078
0.063215
0.061270
0.062414
0.063213
0.064195
0.061835
0.063922
0.063218
0.062142
0.075279
0.060647
0.062214
0.062767
0.060821
0.062538
0.042850
0.063853
0.065282
0.063421
0.062263
0.066854
0.061579
0.064332
0.061689
0.063707
0.063704
0.067368
0.066571
0.063396
0.075656
0.065101
0.064167
0.065649
0.064173
0.064093
0.064289
0.064162
0.064015
0.064440
0.064667
0.062197
0.063971
0.063462
0.065941
0.063862
0.062075
0.063711
0.062965
0.060717
0.073911
0.063089
0.062771
0.060615
0.062638
0.062408
0.062412
0.063273
0.064157
0.060367
0.062393
0.062357
0.042124
0.062171
0.060125
0.062669
0.062874
0.060654
0.060332
0.062412
0.072703
0.062794
0.062368
0.060474
0.062118
0.060647
0.060670
0.063666
0.062483
0.061591
0.061458
0.062507
0.061790
0.061846
0.062915
0.060287
0.062145
0.062353
0.062378
0.063145
0.073684
0.062121
0.060114
0.063156
0.062051
0.061973
0.061178
0.062754
0.060747
0.062670
0.062946
0.062763
0.064286
0.062909
0.060877
0.062558
0.062432
0.062372
0.062891
0.063822
0.072491
0.062051
0.062839
0.061989
0.062059
0.060242
0.062109
0.061983
0.059673
0.062281
0.062077
0.061158
0.063055
0.062871
0.060116
0.062346
0.061939
0.062781
0.060318
0.062028
0.073540
0.062212
0.061869
0.060192
0.062638
0.062452
0.063684
0.061837
0.062507
0.061909
0.062633
0.061976
0.061682
0.061932
0.061823
0.059688
0.062886
0.061697
0.062836
0.065560
0.070940
0.061780
0.062878
0.060488
0.060516
0.062455
0.062496
0.059929
0.062656
0.062644
0.062482
0.063601
0.062915
0.062322
0.061682
0.062732
0.062177
0.062285
0.062013
0.062570
0.074057
0.060692
0.062149
0.062119
0.062598
0.062928
0.060297
0.060676
0.062892
0.065811
0.065837
0.062569
0.065814
0.066526
0.062695
0.062716
0.060240
0.067917
0.066012
0.061915
0.067828
0.062701
0.065605
0.065974
0.064897
0.063683
0.065108
0.065969
0.065557
0.066290
0.061822
0.063621
0.062666
0.062371
0.060508
0.060200
0.063021
0.062528
0.062114
0.062741
0.073619
0.061954
0.062554
0.063767
0.063719
0.063470
0.064077
0.061454
0.063392
0.063061
0.063623
0.061066
0.062654
0.063612
0.061105
0.042112
0.043541
0.042619
0.041835
0.041811
0.045731
0.042099
0.040080
0.041947
0.062969
0.061522
0.063513
0.063449
0.061518
0.063323
0.064056
0.064986
0.063459
0.061279
0.063915
0.063794
0.063310
0.064276
0.061011
0.060442
0.073613
0.060622
0.042073
0.040310
0.064254
0.062084
0.066331
0.067150
0.067481
0.065545
0.068006
0.067338
0.064205
0.062361
0.061999
0.063556
0.064687
0.068196
0.063720
0.061940
0.074952
0.061273
0.064899
0.061382
0.061310
0.063309
0.061055
0.064421
0.065444
0.064639
0.061462
0.063315
0.063017
0.061009
0.064191
0.063097
0.062918
0.063142
0.061461
0.063093
0.075326
0.063158
0.064968
0.063219
0.040745
0.042385
0.061014
0.065404
0.064959
0.062059
0.063528
0.061702
0.063057
0.064347
0.063630
0.067798
0.063146
0.062102
0.062735
0.061336
0.072000
0.063104
0.060808
0.061730
0.062437
0.061455
0.061100
0.062821
0.064255
0.061439
0.063548
0.063879
0.063624
0.063147
0.063041
0.060945
0.063193
0.042195
0.041192
0.042235
0.047795
0.041952
0.041616
0.042548
0.042265
0.042326
0.062196
0.040553
0.062732
0.060480
0.060595
0.062428
0.041994
0.042587
0.040105
0.060286
0.042060
0.064163
0.060702
0.060433
0.048385
0.060828
0.060539
0.062345
0.061007
0.062806
0.063174
0.062576
0.060477
0.063318
0.063069
0.060851
0.065270
0.064589
0.064475
0.062248
0.065499
0.064165
0.064516
0.064700
0.073537
0.066551
0.067003
0.068797
0.064486
0.062848
0.063786
0.063559
0.062982
0.061289
0.062594
0.062981
0.066121
0.062772
0.062667
0.061003
0.063708
0.061562
0.063575
0.066712
0.072088
0.060500
0.062490
0.063178
0.064080
0.060735
0.065764
