0.097864
0.062337
0.064008
0.061410
0.063368
0.063562
0.064038
0.064326
0.063918
0.061936
0.062022
0.064006
0.063739
0.066062
0.063845
0.063694
0.063573
0.063730
0.063402
0.062276
0.073050
0.064592
0.061623
0.063851
0.063391
0.064276
0.064984
0.063323
0.063529
0.063761
0.064232
0.065334
0.064452
0.061653
0.063329
0.061408
0.063412
0.064394
0.064553
0.062813
0.072404
0.063395
0.061264
0.040657
0.040631
0.041162
0.042442
0.042392
0.060761
0.063125
0.063608
0.063314
0.064762
0.063755
0.062591
0.063509
0.064400
0.062237
0.065032
0.063949
0.075883
0.064027
0.063820
0.061926
0.064871
0.064050
0.065574
0.064301
0.064055
0.063779
0.064476
0.062154
0.064120
0.063826
0.063788
0.061703
0.063890
0.063992
0.064315
0.063029
0.073136
0.064049
0.064801
0.064273
0.063879
0.061863
0.063514
0.063593
0.063830
0.065574
0.063870
0.063827
0.065166
0.064109
0.066926
0.061925
0.066926
0.070221
0.066962
0.068347
0.075028
0.068922
0.063593
0.070174
0.068378
0.041441
0.042668
0.042621
0.061838
0.063511
0.063615
0.063575
0.063724
0.063658
0.064056
0.063678
0.066810
0.063151
0.068103
0.063506
0.074346
0.063845
0.063927
0.065162
0.062237
0.063249
0.066034
0.065616
0.065311
0.062005
0.063204
0.067076
0.063822
0.060787
0.062766
0.062100
0.062292
0.042091
0.062428
0.061001
0.073504
0.062090
0.061906
0.061695
0.063758
0.061889
0.062727
0.062606
0.062661
0.062366
0.061881
0.042637
0.041602
0.041548
0.062216
0.065747
0.065773
0.061029
0.063269
0.065350
0.071179
0.062165
0.061876
0.065514
0.066573
0.063346
0.045214
0.044719
0.042789
0.061880
0.062305
0.061256
0.065251
0.045001
0.061721
0.059937
0.064928
0.061870
0.062349
0.061916
0.069249
0.063715
0.041917
0.062484
0.062719
0.042246
0.041944
0.041819
0.041703
0.039749
0.041678
0.041806
0.042563
0.041678
0.041585
0.061557
0.061832
0.065468
0.062394
0.066669
0.069267
0.065733
0.065614
0.062343
0.062151
0.066780
0.065875
0.063736
0.063563
0.065653
0.065570
0.042925
0.062185
0.063732
0.062624
0.062563
0.060349
0.062682
0.062109
0.060433
0.073688
0.061865
0.061981
0.041981
0.042982
0.059823
0.044769
0.041888
0.041513
0.041640
0.041426
0.044895
0.045573
0.042068
0.039682
0.039786
0.041596
0.041467
0.039676
0.062118
0.074392
0.062120
0.063105
0.060280
0.060526
0.065088
0.064667
0.066810
0.065589
0.065458
0.065492
0.065350
0.066780
0.065922
0.066071
0.067207
0.066333
0.063894
0.066559
0.066177
0.071593
0.065745
0.066078
0.065832
0.062475
0.062441
0.065388
0.063356
0.060891
0.062234
0.062697
0.065612
0.065631
0.063189
0.065951
0.066335
0.063769
0.065790
0.062359
0.065498
0.069140
0.062387
0.063612
0.060618
0.063628
0.060110
0.065578
0.062335
0.065452
0.066123
0.063528
0.063728
0.060923
0.067999
0.066404
0.067294
0.063020
0.066125
0.066102
0.062411
0.069931
0.065062
0.063243
0.063431
0.064347
0.066466
0.067899
0.062275
0.066594
0.064399
0.066293
0.062764
0.062934
0.066925
0.066357
0.064304
0.064444
0.062973
0.064854
0.064059
0.074311
0.060793
0.062792
0.062815
0.062538
0.065392
0.066676
0.064985
0.066685
0.063635
0.063512
0.065485
0.063568
0.061606
0.066316
0.063628
0.063912
0.062302
0.064357
0.064785
0.073211
0.064482
0.064108
0.064336
0.065010
0.062233
0.065408
0.064069
0.067225
0.064458
0.067526
0.062166
0.064102
0.065001
0.061467
0.064118
0.069502
0.064355
0.066584
0.069502
0.072795
0.064502
0.063504
0.066921
