484.000000	287.000000	28.000000	22.000000
486.227966	287.318024	27.263996	20.615725
486.131012	287.098297	27.833290	21.140205
486.218048	286.902008	28.108425	20.811710
487.922516	287.555145	27.182217	20.243174
487.724823	287.622833	27.843584	19.800724
488.192535	287.654022	27.668140	20.118521
488.762543	287.682953	27.751642	19.759888
489.835358	287.649353	27.140232	20.171797
491.048096	287.745850	27.826183	20.044390
491.654510	287.538177	28.385542	20.440895
492.089722	287.842804	27.537148	19.883097
492.073212	287.887421	28.041136	19.981749
493.571320	287.597656	27.171734	20.418163
495.317810	288.690399	27.198015	19.825964
495.537903	288.022797	27.792934	20.679340
496.880707	288.304901	27.446596	20.453709
497.197083	288.286438	28.303633	20.278788
499.119659	288.716797	28.198681	20.070908
499.441559	289.188202	27.964651	19.624254
499.939911	289.246643	27.133350	19.442087
500.748474	288.886047	27.183092	20.149654
502.873566	288.947998	27.678267	20.227818
503.971924	288.647156	27.279688	20.869081
505.167725	289.013062	27.434820	20.587481
506.399323	289.832611	27.625044	19.619745
507.083160	289.763092	28.183546	19.869328
508.363770	290.023224	28.002924	19.941313
508.885834	290.226471	28.001152	19.840881
511.895447	290.365234	27.228611	19.925430
512.485291	289.937439	27.197605	20.784739
513.386841	290.492554	27.685591	20.489191
514.778564	289.509369	27.466213	21.035206
515.498413	290.520905	27.526039	20.543716
516.434937	290.788971	27.309568	20.490084
518.091064	291.892059	27.323889	19.640593
518.171936	291.723572	27.805084	20.467304
520.160278	291.953827	26.987143	20.218437
520.459351	292.045074	28.000307	20.096046
521.615662	293.027740	27.178463	19.422762
521.824036	292.348877	28.030565	20.629263
524.233887	292.868225	27.175173	20.227083
524.739685	293.300690	27.697159	19.589552
526.386108	294.051453	27.544373	19.324472
528.125732	293.802673	27.190517	19.668140
529.567566	293.878082	27.370541	19.987621
530.683289	293.976501	28.064163	19.854786
532.131592	294.019196	28.105333	20.091017
531.865356	293.051788	28.245270	20.904310
532.087036	293.576569	27.788105	20.206354
535.334656	294.541046	27.199598	19.758602
536.470093	294.666687	26.586720	20.039879
540.205566	294.723572	25.651957	20.293478
539.907837	294.513824	26.742378	20.842976
543.635620	293.725281	24.836140	21.450508
541.055969	294.406097	27.963650	21.099813
544.153564	294.520813	27.439613	21.471529
545.262085	294.562225	29.246920	21.398945
546.402344	295.345581	28.476315	20.997522
547.752563	294.894470	28.027220	21.422066
547.969543	294.632538	28.932001	21.311628
549.954468	295.482208	28.524189	20.615150
551.899902	294.321320	28.358593	22.477819
548.668274	294.715637	32.794266	22.404081
553.025208	296.023895	30.200521	21.135893
553.192566	295.302307	28.647783	22.188364
554.685425	296.518005	29.409208	21.617208
555.899109	296.628265	28.984001	21.785316
557.256226	296.357849	28.365435	21.758509
557.955200	297.761597	29.120985	21.811956
558.312988	297.201416	29.175848	22.580933
560.318420	298.240967	27.086111	21.691029
560.271545	299.173553	28.401649	21.526037
560.597717	299.316040	27.711679	20.920464
562.453857	299.767395	27.398794	21.087574
562.309631	299.468536	28.079523	21.457382
564.633789	300.827637	28.025242	20.499027
564.787109	301.734863	28.010611	20.114626
565.896179	300.594360	27.905787	21.840307
565.986572	301.814819	27.776258	20.738419
566.035400	301.517944	28.593443	21.359381
567.624634	303.442688	28.186668	19.826853
567.082947	302.936523	29.589359	20.571856
567.565918	303.316620	29.096977	20.567816
568.793823	303.163574	29.210806	21.285122
568.858704	302.933990	29.493715	21.839300
569.792358	304.370697	29.938574	20.671225
570.299255	303.763123	30.078167	21.353012
572.088501	304.654633	29.034342	20.203114
572.125610	303.834045	28.970758	20.529022
572.753784	304.031067	29.583345	21.020233
573.337158	303.603485	30.425404	21.623857
572.670654	304.374542	30.312002	21.456850
573.357483	304.631775	28.729441	21.081360
574.556702	304.404907	28.915863	21.905823
575.053955	303.594879	28.952709	22.810719
575.600830	304.809845	28.205151	20.957542
575.851379	305.401184	28.912909	20.976767
577.815125	305.818329	28.678886	20.764866
578.262146	305.823822	28.313601	20.642752
579.118530	305.859253	28.539059	21.061987
578.699280	306.630005	28.583654	19.790619
579.042908	305.354523	28.290678	21.032915
579.601257	307.762421	27.862656	18.735880
579.684570	307.444885	28.563204	19.380491
579.891235	307.168884	28.176878	19.658850
580.356689	306.579712	28.544392	20.224930
581.411865	307.342621	28.425673	19.757977
581.634216	307.668243	28.595091	19.475225
581.449646	307.543243	29.286545	19.727978
581.586182	307.813812	28.506296	19.189489
582.364746	307.623566	28.434368	20.015299
582.742737	308.184814	29.128498	19.804148
583.141479	308.894379	28.436146	19.806705
583.625916	309.267303	28.864965	19.674562
584.155579	309.341248	28.413912	19.761494
584.617920	309.193176	28.659254	19.964132
585.523376	310.132355	28.342703	19.683704
585.650391	310.572601	29.002934	19.267521
585.914062	310.302948	29.026541	19.623598
586.205383	310.752380	29.281973	19.634661
586.633484	310.517120	29.121252	20.085304
587.068726	310.147308	28.751835	21.130562
588.224731	310.040192	28.509638	21.253654
587.924255	310.069031	28.585403	21.239220
587.849609	310.459137	28.352394	20.905527
588.011536	310.454773	28.026571	21.219288
588.018860	310.664948	28.688883	20.944542
589.314819	310.785614	28.145411	21.381197
590.178101	311.193390	28.461773	21.123465
589.719727	311.058014	28.574642	21.040655
591.211182	311.761597	28.204416	20.394739
591.726440	310.776733	27.913723	21.751883
591.840515	310.426483	28.329550	21.837570
593.213928	310.067047	27.908146	21.909163
592.996704	310.718536	28.238817	21.476555
593.839172	311.319855	28.310648	21.113119
594.519836	310.628693	27.638550	21.311180
594.895386	311.389679	28.434320	21.622818
595.852478	310.142334	28.585871	22.071482
594.984375	310.814758	29.699877	21.813566
596.395142	311.110474	28.822741	21.239279
598.281677	310.829742	28.727047	21.869253
597.290344	309.814606	29.718777	22.657797
599.350220	310.763672	28.836170	21.784559
599.533997	310.843811	30.085484	21.178036
600.423157	310.569519	29.447552	22.135141
601.249573	309.956451	28.492857	22.099350
602.396667	309.947021	29.327843	22.165867
602.747375	310.231934	28.696589	21.802382
604.215881	310.469421	28.724051	21.530628
604.444641	310.766785	29.059515	21.731401
606.450684	310.733948	28.025995	21.890516
607.224670	311.068054	28.643488	21.270899
607.972168	310.674805	28.433640	21.697651
609.925415	310.502716	27.381617	22.452724
610.337158	310.676575	27.351093	22.183367
609.843262	310.935364	28.410872	21.648838
609.752075	310.524994	28.601746	21.936163
611.923828	311.434601	27.944063	21.847303
611.826111	310.773499	28.953409	22.063753
612.712280	311.123474	29.047935	21.529730
613.634827	311.090393	28.578512	21.876009
614.928284	310.610931	28.005352	22.472580
615.490906	311.443420	28.391710	21.832060
615.826660	311.300690	28.829144	21.927282
617.502563	311.522491	28.799349	21.805496
617.714111	311.515869	28.456787	21.582264
618.530273	311.322571	27.863161	22.049040
619.326477	311.398804	28.500637	21.504532
619.156372	311.288818	29.443674	22.201723
620.816284	311.776764	28.645344	21.407907
621.142151	311.941620	29.079239	21.451239
621.881958	312.352661	27.921188	21.573929
622.421692	312.086914	28.255520	21.887934
624.391113	312.178040	28.263527	21.869387
624.359253	312.147339	28.446060	22.346104
625.132141	312.801758	28.370661	21.988663
626.510315	312.739136	28.325481	22.092978
626.641418	312.907379	28.438057	21.959812
627.101807	312.833984	28.443157	22.556293
628.128052	313.395203	28.105738	22.303024
629.080078	313.639099	27.978807	22.168215
629.231628	313.431732	28.583204	22.924437
630.016174	314.636139	28.228235	22.304989
631.598389	314.755188	28.070160	21.986082
631.509094	314.997559	28.619431	21.604069
632.513733	315.023895	28.280767	22.556543
633.663635	315.442871	27.897408	22.156931
633.940613	315.767609	28.188248	22.006344
634.560913	315.914673	28.159475	22.747498
635.662109	316.488281	27.744667	22.326969
635.100769	316.842194	29.056959	22.426188
635.416626	316.907837	28.899256	22.628365
636.956970	316.889648	28.972284	22.684235
637.107788	317.235840	28.685480	22.728304
638.779724	317.901855	28.367723	22.179968
639.086060	318.210571	28.535606	22.384155
638.986694	317.977386	28.994652	22.541080
640.516479	318.459656	28.281780	22.159124
641.734253	318.290619	28.725012	22.598656
641.788818	318.816742	28.318691	22.025227
642.171509	319.447723	29.203680	21.773668
644.025574	319.781128	27.666777	22.182413
644.747070	319.758026	27.681816	22.348688
644.840393	320.304016	28.273878	22.403259
646.544678	320.197662	28.345655	22.204737
646.526917	320.802612	28.572510	22.044371
647.567139	320.935120	29.121538	22.100073
647.979004	321.423859	28.666695	22.150938
649.999084	321.778534	27.996582	21.963554
650.420349	321.764313	27.538084	22.181957
651.727539	322.194580	27.971186	22.217407
652.057861	322.690887	28.243202	22.324770
654.592834	322.635803	27.427593	22.218431
654.784668	322.280273	27.387049	23.008759
655.979980	322.789734	27.705935	22.754690
655.791748	323.908508	28.435295	22.070194
657.578796	323.760468	27.241499	22.391720
657.987244	324.088165	27.814049	22.832645
659.408203	324.844727	27.793772	22.502378
659.993835	325.205750	28.175280	22.191626
660.521362	326.193268	29.343809	22.405827
661.627136	326.343262	28.501297	21.975971
662.901672	326.621216	28.750570	22.340591
663.686646	327.155273	28.392771	21.952736
664.254395	327.699615	28.989832	22.109930
666.299072	327.665070	28.239962	21.985394
667.264343	328.095520	28.155710	22.347116
668.012695	328.680847	28.474585	22.442148
670.356079	328.570923	27.802786	22.934803
670.312927	328.792267	28.286325	22.889690
671.533447	329.642212	27.913757	22.950470
672.938416	329.914032	27.377378	22.643545
672.913879	330.175751	28.536348	23.045790
675.992188	331.366425	27.848490	22.270220
675.702454	331.371613	29.026094	23.020069
678.311096	331.582886	28.307415	23.202698
679.046204	332.282440	28.619453	23.121788
681.861328	333.021179	28.508713	22.457689
683.002991	333.111450	28.589031	23.625898
685.691711	334.594391	28.244862	22.306065
686.764648	333.549500	28.624546	22.811031
689.734863	334.109131	28.432520	23.789265
691.745972	335.162079	27.944315	22.680290
692.688416	334.563812	28.515921	23.660337
695.227478	335.926331	28.216667	23.382179
697.148010	336.332947	28.284170	22.339912
699.694641	337.281525	27.644125	22.023050
700.255981	337.466309	28.675282	22.619932
703.356384	337.863342	28.439676	23.264034
704.945068	338.287659	28.724628	23.142946
707.571533	339.851654	27.930788	21.906021
708.769897	337.003967	28.283871	25.319849
711.910278	339.789093	28.166130	23.213608
711.653809	336.860809	28.165760	25.707558
713.848877	336.566528	28.714729	26.850513
716.262756	338.203583	28.492781	25.059412
717.167053	339.050720	30.186386	25.173197
718.649048	338.869598	30.640123	25.930861
722.846130	339.569519	27.456539	26.153334
723.638306	340.691101	27.509272	26.123207
669.205322	344.666290	30.606367	22.189919
729.351379	341.671112	22.933598	24.895651
732.337158	342.807281	22.302732	23.823742
734.048096	342.991577	22.363855	24.264633
734.376892	342.515320	23.748426	24.697016
736.169128	342.005615	18.368286	21.894329
739.248352	342.848358	14.000406	21.752346
741.592041	343.366791	11.438656	21.763474
738.877686	341.393463	15.385660	24.052008
686.364014	348.103149	22.082235	22.312225
737.577698	341.866821	19.108513	26.147781
740.330383	341.259247	20.375765	27.131197
738.975586	343.318481	23.839001	25.374334
740.166748	344.218353	25.875942	24.964001
741.535522	346.163177	28.145805	22.608479
741.055176	347.744080	28.241333	21.563610
742.527100	347.482513	29.356255	21.683226
742.768616	347.853088	29.159042	21.750589
744.892334	347.582550	29.004801	21.837997
745.585327	348.555878	29.281569	20.943235
747.201660	349.509033	29.167233	20.407307
747.892944	348.811340	29.247805	21.170513
749.236572	349.740631	28.563601	20.720657
750.594971	348.694489	27.990602	21.705490
752.581665	348.245270	27.415749	22.433485
753.463013	347.608490	27.253439	22.905754
753.466187	346.838196	27.831415	24.552946
754.698303	347.582489	28.465940	23.359846
754.952271	347.986298	28.694790	23.040228
757.177307	347.487274	28.310413	24.240971
761.428528	348.364441	24.501982	23.924946
764.840454	349.943237	21.715910	22.347115
762.033997	349.480560	27.163864	22.907957
761.453918	349.998749	28.868443	22.077549
761.617126	349.484528	29.890211	22.929773
761.457886	349.302917	30.653616	23.361969
763.165833	350.018036	30.061760	22.839058
763.468201	350.581604	29.533323	22.435823
765.874817	351.336853	28.275681	21.395544
765.380615	349.938538	30.527369	23.293171
768.344238	350.095123	28.533312	23.509315
772.216248	350.212708	25.247934	23.573652
769.936096	349.660248	28.622099	24.220575
775.133484	350.772491	23.088978	23.543175
774.238220	350.105072	25.834284	24.382994
772.530334	350.814117	28.748123	23.918240
778.160095	351.839569	23.983484	22.892630
782.134521	352.985931	20.777546	22.679253
780.998291	351.909088	24.009565	24.214132
780.266846	353.965485	25.629463	22.364414
779.344055	353.413361	27.822340	23.197275
784.309937	353.721008	24.033779	23.274731
786.257874	352.998169	23.696161	24.184790
738.379028	357.509918	29.096973	24.644163
786.933472	352.774506	27.247822	24.310709
785.370239	353.732330	26.574261	23.807091
787.463074	354.813873	26.880487	22.956043
789.876404	354.861633	25.971613	23.087135
792.458435	354.369019	21.199854	23.659475
789.895325	355.880280	27.777025	23.171726
792.972473	355.022217	25.583742	23.671513
793.595032	356.881439	27.266439	23.080967
791.704895	357.653198	29.342026	21.903471
793.517456	358.872375	32.265667	21.185421
795.763123	358.294830	29.142416	21.713686
797.766113	358.756256	30.164742	22.631258
801.053833	358.261139	29.366922	23.105528
801.420166	358.785278	29.612425	22.737204
802.794067	358.732849	30.905338	23.321012
805.022278	357.396179	28.790178	25.048998
807.097351	358.667572	29.355059	24.444563
810.695496	359.150238	28.447321	24.925144
814.226685	360.776459	27.213455	24.170454
818.987610	360.555298	24.497736	24.476454
817.202759	360.490570	26.690487	24.400448
819.277649	362.333008	27.101421	23.374950
816.685974	359.571472	31.991703	26.358030
820.594971	360.410431	30.046741	25.472288
824.134338	360.927155	29.499983	25.495522
829.468445	362.013214	26.415119	24.544821
832.681091	362.278320	25.386358	25.184063
830.714600	361.336853	30.492712	25.824308
837.133484	362.402344	25.814232	24.978092
841.251770	362.827118	25.527580	25.346127
840.631775	364.303955	27.399694	24.009518
839.983521	364.061737	30.331539	24.126743
843.526855	364.601074	30.861544	23.291132
843.714355	366.314178	29.526892	22.660038
848.490967	365.714874	27.536926	23.270981
849.284729	366.469391	28.441599	23.389164
850.652222	365.720795	29.802425	23.886086
853.022644	367.307709	29.918112	22.625988
855.496765	366.948853	28.842836	23.301846
857.431458	365.302002	29.274878	24.845037
860.075073	365.726685	29.923819	24.952305
862.346619	365.889221	29.117355	24.799536
864.477905	363.867371	28.987700	27.232475
866.272644	364.595520	29.426508	27.043755
868.320190	362.596558	29.740971	29.101358
869.885071	363.122223	30.044815	29.160105
873.607056	364.267303	28.996292	28.504580
875.423950	366.789886	28.775364	26.535006
878.051636	369.288086	28.686031	24.484636
879.221130	370.654907	28.946262	22.609465
881.452576	370.719452	28.128531	22.644152
883.746460	370.313293	27.934549	23.945873
886.088196	369.343781	28.949879	24.936888
886.512451	368.491669	29.976730	26.890100
889.110291	368.304230	28.748236	27.441496
891.763000	370.026672	29.746965	25.739815
893.720703	373.219910	28.741383	21.867125
893.674011	370.037659	29.759056	25.634293
896.288696	369.877106	30.100090	26.635448
898.970459	370.130524	29.138186	26.847269
901.453369	371.089935	28.442247	26.419174
903.493530	372.513489	28.794983	24.855339
905.588806	373.730042	28.736835	24.151924
907.026672	375.069031	29.249960	22.444405
908.012695	374.391968	30.237297	23.598663
910.755432	375.644135	29.140326	23.504566
912.466980	375.283325	28.994242	23.306541
914.049500	374.407501	29.303171	25.101660
916.362122	375.636658	28.925697	23.569338
917.847229	374.155396	29.070810	25.433996
919.906921	372.939148	28.585316	27.201120
921.138428	373.903442	28.824324	26.683079
923.325500	373.983215	28.176720	26.281227
923.740356	375.328705	29.536510	25.905958
925.612122	377.083832	29.415525	24.912317
927.107117	377.330994	29.897015	23.248417
928.906616	378.582947	29.538784	23.053131
931.090881	377.325623	29.054043	23.473204
932.140869	378.988800	29.237270	23.366308
934.077393	378.406250	29.533884	22.591881
935.831421	378.195648	29.534309	23.472523
936.145508	378.567810	30.202501	23.204897
938.140625	379.213043	29.472017	22.473448
939.618347	379.583496	29.187220	22.840925
940.921509	376.842194	28.916512	24.995705
942.171265	375.798889	29.411673	26.398802
944.023376	374.953125	28.780481	27.003536
944.139160	376.479797	30.186697	25.651007
945.976868	376.224792	29.712456	25.406452
948.250244	377.216736	28.615360	24.781279
948.180420	378.032623	30.167664	24.070875
950.197327	378.094604	30.369907	23.991213
950.812866	377.691498	30.803537	23.870995
953.001404	377.615814	29.683661	24.046122
954.055603	376.420746	29.210163	24.982641
954.149353	374.916321	29.880011	27.188816
955.580933	373.629242	29.269503	28.185091
957.181702	374.514435	29.951050	27.354197
958.346924	375.593994	29.351019	26.866692
959.980957	375.177094	28.529795	26.768946
961.218140	376.790039	29.491968	26.150867
962.430420	377.730072	29.704189	24.854887
963.326721	378.452240	29.802191	23.773813
963.907166	379.202789	30.022020	22.329493
964.787354	379.176086	30.306103	21.854105
966.065063	379.165863	30.228260	21.817158
966.937317	378.360657	30.574076	22.636499
967.792419	377.942657	30.507698	22.605915
968.367371	378.284241	30.870449	22.124237
970.025879	378.392700	30.602949	21.602089
970.553650	378.908539	30.876501	21.582106
972.704346	377.529510	29.985401	22.511538
973.907471	377.895966	30.005995	22.124010
977.347290	377.369568	27.103035	22.619070
976.461914	374.836914	28.371960	25.224174
975.368958	373.766022	29.482183	26.639669
976.808594	373.938171	30.331022	26.871206
977.581909	373.025146	29.397812	26.975931
979.034119	374.283722	28.904316	26.161488
980.607300	374.885895	28.091366	26.093149
981.823853	375.296509	29.698986	25.265837
981.783264	375.414429	31.274286	24.949833
982.056519	375.680023	32.589603	24.767878
984.218201	376.457703	31.146389	23.768272
983.893250	376.258240	31.417553	23.577425
985.229736	376.386322	30.496834	23.579224
985.709595	376.398102	30.417276	22.460522
986.752991	375.982544	30.310854	22.860609
988.507812	376.438812	29.395880	22.870333
989.222595	375.483398	30.305552	22.980799
991.731201	375.971619	29.053146	22.439711
991.737000	375.097168	30.134274	23.322403
993.152588	374.175629	29.330139	23.754000
993.841797	374.009766	29.400204	24.134802
993.893311	374.754608	30.544878	23.301630
994.770874	374.812592	30.482977	23.822084
996.476196	373.819061	29.703047	24.443079
996.979309	373.488892	30.539753	24.598503
997.997559	373.684174	30.033756	24.001852
999.109680	374.088318	29.761518	23.634912
1000.691650	374.255554	30.020655	23.130362
1000.639648	373.046936	29.030500	23.499212
1002.359802	374.675232	29.175030	22.476908
1003.007568	374.696838	30.073595	22.380470
1004.365173	374.558105	30.142485	22.657259
1005.683289	375.675812	29.087498	21.074347
1007.269226	375.627319	28.461367	21.253595
1009.900391	374.821289	27.024992	22.588076
1015.011414	375.752869	22.370035	21.967358
1015.883606	375.033081	22.014540	22.443327
1017.730225	376.538239	21.479944	21.719963
1016.103760	375.165100	24.751936	22.038177
1017.979004	375.136444	23.496290	22.252327
1021.003113	376.086670	21.313650	21.700876
1020.900391	375.325500	23.634254	22.910599
1024.163940	376.098602	21.480341	22.226862
1023.002441	376.112518	23.522167	22.671986
1023.392761	375.941864	23.865314	22.604597
1020.894836	375.369110	28.723297	23.139761
1022.866211	376.718872	27.611042	21.812645
1026.558594	376.775726	26.767265	22.173414
1023.729797	375.901947	32.067989	22.657452
1020.610291	376.360535	35.764244	21.671892
1021.663269	374.871063	33.762798	23.380682
1021.818970	375.739441	30.562519	22.245266
1024.724854	374.140717	27.485407	23.962851
1026.155762	374.220490	29.009966	23.833492
1028.209839	373.960602	28.539406	24.103802
1029.743408	374.359955	28.575027	23.732948
1030.023071	375.524506	29.224222	23.714668
1031.270264	375.321045	29.041681	23.592638
1032.878540	376.488159	28.693998	23.291149
1033.635254	377.657013	29.483810	22.026690
1035.764771	375.711243	28.885040	24.110619
1036.941284	378.429749	28.536131	21.471199
1036.659424	380.947937	29.028332	19.626333
1038.277954	379.919281	28.591297	20.353149
1039.631836	379.657776	28.531490	20.646544
1039.905029	379.665863	28.650080	20.599049
1041.825317	378.189606	28.879259	22.267803
1043.036865	379.213776	28.375851	21.467728
1043.688354	379.721802	28.859533	20.778008
1044.203735	380.322327	28.380152	20.501850
1046.666748	379.350281	27.982185	21.619143
1046.605103	380.946228	28.938803	20.672285
1047.517334	381.410889	28.298561	20.476608
1048.795288	380.082428	28.357986	21.691099
1049.864136	381.956299	27.748156	20.688215
1050.239990	380.337219	28.531145	22.228546
1050.782104	382.246460	28.996775	20.754669
1052.095215	380.756897	28.648602	21.982929
1053.227661	382.183075	28.544584	20.939898
1053.917725	381.012238	28.181864	22.030834
1054.243652	381.356384	28.613430	22.409533
1054.731201	381.004852	29.670851	23.112408
1055.221680	381.127655	28.948942	23.332693
1056.551025	382.016388	29.563873	22.349125
1057.529297	382.489655	28.806875	22.294798
1057.583252	382.802429	28.982990	21.999495
1057.803101	383.021362	29.624693	21.712130
1058.467285	383.550964	29.357077	21.360802
1058.378052	383.440338	29.733397	20.843367
1058.916626	383.948578	29.753521	20.683104
1059.927612	383.716919	29.286184	20.553070
1060.871460	383.558472	29.433645	20.964582
1061.021118	384.078613	29.471159	20.499393
1061.789062	383.369812	29.395187	21.196362
1062.434082	383.221069	29.084120	21.383698
1062.958496	383.141327	29.375093	21.383677
1063.454346	383.210541	29.289753	21.339260
1064.194458	381.523163	28.647621	22.999001
