0.099663
0.063558
0.061473
0.063046
0.061156
0.063207
0.063222
0.063717
0.062982
0.061428
0.061250
0.063396
0.062152
0.063581
0.062706
0.064259
0.063742
0.063430
0.063905
0.064335
0.074034
0.065035
0.061606
0.068664
0.066666
0.069870
0.069922
0.064644
0.064095
0.062021
0.062075
0.064275
0.063363
0.063131
0.063940
0.063873
0.063557
0.067010
0.062104
0.067081
0.074898
0.063188
0.063675
0.063996
0.064170
0.064193
0.065306
0.067046
0.061512
0.062053
0.061572
0.063291
0.066378
0.061597
0.061433
0.063418
0.066587
0.066147
0.062132
0.060487
0.074671
0.063736
0.063318
0.063389
0.063854
0.061355
0.062565
0.063317
0.062165
0.063707
0.061684
0.063464
0.061174
0.062721
0.061222
0.060704
0.063099
0.062856
0.063533
0.063081
0.073954
0.063561
0.062881
0.065360
0.065237
0.063533
0.063908
0.061056
0.063226
0.062747
0.063149
0.063975
0.063930
0.061539
0.063734
0.064372
0.065200
0.063905
0.062477
0.063733
0.075285
0.063879
0.062137
0.064002
0.062292
0.061920
0.061961
0.063383
0.065026
0.063688
0.061894
0.063373
0.063574
0.061422
0.063212
0.061252
0.063793
0.063298
0.063307
0.063908
0.072874
0.061716
0.064795
0.063323
0.063613
0.061138
0.064178
0.063454
0.063900
0.061371
0.063327
0.061575
0.061430
0.064754
0.064352
0.061117
0.063316
0.061130
0.061531
0.061909
0.075696
0.063821
0.061633
0.063534
0.062516
0.063318
0.065241
0.063850
0.063583
0.063840
0.061712
0.063589
0.062559
0.063430
0.063550
0.063595
0.063808
0.061247
0.065082
0.060949
0.073707
0.062606
0.063317
0.061144
0.061906
0.063090
0.062721
0.061085
0.062927
0.062785
0.061352
0.064768
0.063080
0.060895
0.062956
0.063385
0.061535
0.061737
0.061683
0.063234
0.074351
0.062625
0.063865
0.061757
0.062006
0.063275
0.063845
0.062995
0.063195
0.063330
0.063530
0.063472
0.063390
0.066161
0.065261
0.065128
0.064568
0.065191
0.063122
0.064972
0.076311
0.064728
0.062160
0.065129
0.065008
0.063830
0.062589
0.064345
0.064793
0.064787
0.064603
0.062806
0.062824
0.061494
0.063468
0.061904
0.061551
0.063505
0.063854
0.061498
0.072615
0.064229
0.061337
0.063342
0.064399
0.063630
0.064649
0.062402
0.061795
0.064001
0.064666
0.062266
0.064162
0.064091
0.065588
0.063967
0.065350
0.064009
0.061945
0.061862
0.075088
0.063652
0.064388
0.062611
0.063474
0.061441
0.062499
0.063658
0.063775
0.061623
0.063627
0.063257
0.061166
0.063121
0.063025
0.061680
0.063118
0.061241
0.061222
0.064245
0.074471
0.061740
0.062992
0.063218
0.062605
0.062806
0.062600
0.062564
0.063542
0.063238
0.060874
0.063503
0.061753
0.062169
0.063733
0.063713
0.063605
0.063945
0.063279
0.064598
0.074719
0.061549
0.061190
0.063103
0.062084
0.063469
0.062792
0.062828
0.060627
0.063187
0.063018
0.064521
0.066335
0.060736
0.061446
0.067103
0.067324
0.066208
0.063912
0.067007
0.072822
0.066764
0.061684
0.063905
0.066540
0.063453
0.063222
0.062740
0.060926
0.063426
0.063124
0.061172
0.064714
0.061055
0.062355
0.065016
0.063338
0.061454
0.061744
0.060999
0.074726
0.065150
0.067713
0.061836
0.062128
0.067178
0.063679
0.066098
0.063487
0.063821
0.064219
0.061859
0.067138
0.069207
0.064721
0.064297
0.063838
0.064859
0.062342
0.064267
0.075364
0.063953
0.063703
0.063766
0.062327
0.064777
0.064832
0.064526
0.064660
0.061832
0.064522
0.062479
0.067137
0.064098
0.062146
0.065170
0.062484
0.063616
0.062294
0.063373
0.073591
0.063215
0.064313
0.061711
0.060293
0.060517
0.063347
0.068043
0.062757
0.065201
0.062700
0.062857
0.063545
0.064557
0.064461
0.064884
0.064040
0.062185
0.064292
0.064241
0.075070
0.063054
0.063765
0.061641
0.062415
0.063755
0.061718
0.065246
0.064376
0.065463
0.064988
0.062382
0.064459
0.063187
0.064699
0.064285
0.065314
0.063398
0.062877
0.063034
0.076289
0.064737
0.065603
0.065047
0.064528
0.065635
0.064737
0.064941
0.065880
0.066966
0.065496
0.065912
0.065220
0.065310
0.066535
0.064653
0.065737
0.063590
0.065742
0.066589
0.076643
0.067109
0.063421
0.063890
0.064991
0.064587
0.065882
0.065202
0.065095
0.065219
0.064861
0.064486
0.064216
0.065160
0.063164
0.065351
0.064756
0.064070
0.065476
0.063116
0.076172
0.063045
0.062691
0.065206
0.065129
0.065422
0.064373
0.063576
0.065102
0.065122
0.065073
0.065134
0.064925
0.062827
0.064852
0.064488
0.064946
0.065040
0.066855
0.065250
0.074514
0.062827
0.065967
0.065835
0.067007
0.063947
0.063716
0.065677
0.065420
0.062788
0.066880
0.065879
0.067010
0.063869
0.066231
0.067698
0.073145
0.066226
0.067643
0.064560
0.075644
0.065754
0.067529
0.064568
0.069005
0.066908
0.066197
0.066127
0.063549
0.063867
0.069635
0.066363
0.066631
0.063639
0.065345
0.065448
0.065581
0.063798
0.062409
0.064165
0.075729
0.062431
0.079819
0.062996
0.065641
0.062219
0.063931
0.066099
0.063397
0.063906
0.061648
0.064195
0.063184
0.065287
0.064638
0.061777
0.064026
0.064279
0.064065
0.062290
0.075907
0.062668
0.061383
0.062813
0.066207
0.067679
0.064721
0.061608
0.062843
0.063310
0.061599
0.061366
0.065223
0.064724
0.064398
0.064077
0.061166
0.062306
0.063029
0.063786
0.074829
0.064505
0.065335
0.062238
0.062403
0.064398
0.065316
0.064043
0.065053
0.064716
0.068700
0.063785
0.063793
0.067127
0.065254
0.066591
0.065657
0.065971
0.064807
0.061678
0.073771
0.063843
0.065342
0.066267
0.063000
0.063558
0.063591
0.063217
0.062819
0.068466
0.061814
0.063681
0.063661
0.063864
0.066566
0.061756
0.064775
0.065004
0.061001
0.064589
0.075059
0.062035
0.063535
0.062520
0.063645
0.062001
0.064136
0.064437
0.061914
0.063152
0.063697
0.062629
0.065387
0.063823
0.065515
0.064041
0.063005
0.063486
0.062791
0.064999
0.072951
0.064754
0.065137
0.065327
0.064732
0.063596
0.063148
0.065091
0.063773
0.065627
0.063345
0.063078
0.063509
0.061896
0.061238
0.063176
0.067947
0.064639
0.062434
0.065163
0.075274
0.065393
0.063877
0.062905
0.062791
0.063365
0.062996
0.063200
0.065413
0.065210
0.061787
0.064461
0.064178
0.063661
0.063357
0.061612
0.063104
0.063139
0.062504
0.066979
0.074439
0.062829
0.061718
0.062595
0.062488
0.063978
0.063580
0.065060
0.063182
0.063344
0.063813
0.063565
0.064153
0.064201
0.063861
0.061113
0.061447
0.065888
0.062812
0.064094
0.074356
0.061243
0.063541
0.061859
0.065486
0.067896
0.061665
0.063747
0.063804
0.064376
0.064312
0.064264
0.063387
0.063644
0.062939
0.063510
0.065951
0.067062
0.064729
0.063457
0.075020
0.064005
0.061877
0.063843
0.069033
0.062196
0.063540
0.064591
0.061625
0.063547
0.061226
0.063197
0.060890
0.063138
0.065318
0.063740
0.061567
0.063084
0.063312
0.061722
0.074699
0.063978
0.061154
0.060812
0.063586
0.063528
0.061957
0.062321
0.061430
0.063294
0.063482
0.063135
0.061961
0.064069
0.064369
0.064513
0.064331
0.062121
0.063876
0.065488
0.075538
0.063994
0.064435
0.064200
0.063096
0.064900
0.064171
0.062551
0.064490
0.065593
0.072715
0.063168
0.065419
0.064789
0.062720
0.043539
0.045337
0.043946
0.043427
0.043335
0.046752
0.042617
0.042716
0.063293
0.061934
0.043334
0.044142
0.041703
0.061800
0.041846
0.064917
0.064254
0.066106
0.064745
0.041802
0.064801
0.062398
0.064337
0.062597
0.064003
0.071121
0.065412
0.062728
0.065252
0.065036
0.066038
0.065381
0.063407
0.065506
0.069161
0.069070
0.066788
0.066764
0.063598
0.065260
0.065746
0.062805
0.062210
0.045107
0.042382
0.049481
0.043946
0.063138
0.043908
0.043792
0.041869
0.043694
0.043834
0.043653
0.044003
0.044348
0.042141
0.043935
0.042239
0.062624
0.064985
0.065678
0.064939
0.065255
0.065406
0.077708
0.064107
0.064600
0.065724
0.065084
0.065150
0.066019
0.063075
0.064793
0.062568
0.062633
0.064903
0.063146
0.065278
0.065451
0.064523
0.064602
0.064633
0.064413
0.064537
0.076527
0.064383
0.064183
0.064951
0.064502
0.065185
0.065471
0.064559
0.064825
0.064740
0.063735
0.063672
0.064371
0.063832
0.063443
0.062978
0.063009
0.063706
0.063902
0.063394
0.072807
0.063195
0.062627
0.063175
0.063751
0.063404
0.061226
0.063293
0.063646
0.061617
0.066227
0.061942
0.063138
0.060927
0.063268
0.063137
0.063407
0.061735
0.062530
0.062825
0.074677
0.061132
0.063301
0.063118
0.061928
0.063501
0.062930
0.063929
0.063347
0.066374
0.065545
0.063159
0.062549
0.062282
0.065225
0.065592
0.062911
0.045533
0.060543
0.068460
0.075127
0.066694
0.060920
0.062887
0.063222
0.066242
0.062900
0.063842
0.062083
0.061575
0.060968
0.063346
0.062688
0.063334
0.060849
0.062400
0.061252
0.062567
0.062962
0.064050
0.074428
0.064223
0.063048
0.063768
0.063995
0.064825
0.064048
0.063631
0.061549
0.064845
0.063484
0.064896
0.061558
0.063927
0.064310
0.065124
0.064137
0.063822
0.064722
0.063549
0.072782
0.063823
0.063317
0.064778
0.061990
0.063210
0.065145
0.063610
0.063556
0.065050
0.061073
0.063101
0.064661
0.061765
0.063389
0.063509
0.060910
0.061468
0.063220
0.064395
0.074433
0.063278
0.061333
0.061546
0.063072
0.061210
0.062912
0.063046
0.061222
0.061310
0.063335
0.064782
0.063390
0.063304
0.063850
0.061553
0.063330
0.061102
0.063051
0.063916
0.075272
0.064707
0.063931
0.061585
0.064642
0.063532
0.060864
0.063836
0.063286
0.060725
0.062942
0.062479
0.063156
0.060969
0.062175
0.062975
0.061353
0.064580
0.063268
0.063152
0.075035
0.063029
0.061089
0.061262
0.063769
0.063798
0.062968
0.061710
0.061844
0.063750
0.062115
0.063743
0.064769
0.063378
0.063477
0.063324
0.063320
0.063293
0.063088
0.063874
0.072522
0.063554
0.065907
0.063502
0.064601
0.062481
0.062909
0.065067
0.063156
0.065281
0.066949
0.064902
0.064662
0.062855
0.062679
0.063807
0.065305
0.062477
0.064057
0.063829
0.075760
0.064004
0.065632
0.064728
0.065071
0.064131
0.064404
0.063730
0.065778
0.064092
0.064469
0.064525
0.062245
0.043587
0.022757
0.044598
0.062549
0.064454
0.062514
0.064575
0.076478
0.066576
0.043896
0.065101
0.041493
0.064186
0.064769
0.064099
0.043976
0.065280
0.062775
0.062219
0.065712
0.067763
0.066280
0.062672
0.067737
0.067722
0.067899
0.064077
0.075267
0.064240
0.063789
0.062162
0.064281
0.062274
0.064234
0.064162
0.064513
0.064157
0.064668
0.065217
0.065993
0.064376
0.064407
0.062535
0.064599
0.062128
0.068818
0.063318
0.076004
0.063071
0.064425
0.065042
0.065827
0.065291
0.066090
0.065035
0.065758
0.062734
0.065143
0.066954
0.067602
0.064535
0.064482
0.064842
0.064976
0.065826
0.067824
0.063987
0.071180
