0.105147
0.062181
0.063401
0.059873
0.060890
0.062456
0.062466
0.061917
0.061697
0.062089
0.061394
0.060411
0.062251
0.062183
0.062815
0.060598
0.060579
0.041664
0.042537
0.041641
0.043132
0.039533
0.040540
0.043262
0.041610
0.040584
0.041868
0.044960
0.042973
0.044637
0.041481
0.041070
0.041462
0.039980
0.041705
0.041662
0.041383
0.041850
0.039368
0.044319
0.041052
0.039321
0.044832
0.041609
0.041155
0.045275
0.043215
0.043870
0.042132
0.042142
0.042144
0.041925
0.041858
0.040248
0.042133
0.042296
0.042100
0.042638
0.042309
0.042425
0.048341
0.063130
0.066100
0.066258
0.063234
0.062988
0.062567
0.062519
0.062483
0.066468
0.063007
0.061840
0.063195
0.061434
0.063818
0.063725
0.064232
0.063209
0.061005
0.066118
0.073954
0.062725
0.063447
0.061433
0.064593
0.063352
0.062587
0.062929
0.063069
0.063107
0.068356
0.061471
0.063199
0.062875
0.062495
0.065744
0.062231
0.066713
0.063094
0.060444
0.073633
0.062343
0.062248
0.060266
0.060313
0.060269
0.061201
0.061960
0.061731
0.061669
0.061383
0.062579
0.060357
0.061857
0.062062
0.062686
0.063116
0.062584
0.065167
0.063694
0.063033
0.065118
0.068267
0.064142
0.062356
0.064853
0.063154
0.062674
0.062812
0.062907
0.061028
0.063487
0.063395
0.066401
0.066184
0.063160
0.066386
0.063443
0.067822
0.063463
0.074879
0.062956
0.061170
0.063417
0.064550
0.064306
0.063141
0.066176
0.066350
0.064172
0.063328
0.064511
0.068078
0.061711
0.063476
0.064052
0.063329
0.064815
0.061772
0.063547
0.072972
0.063444
0.063037
0.066580
0.061925
0.064537
0.063685
0.063443
0.063210
0.061356
0.064049
0.063398
0.063500
0.063518
0.061224
0.063628
0.063543
0.063872
0.064028
0.062341
0.074617
0.063418
0.061459
0.064106
0.064322
0.063869
0.063844
0.064175
0.064040
0.062193
0.064033
0.063516
0.064601
0.063668
0.061720
0.061910
0.064495
0.062353
0.061027
0.063079
0.072539
0.063323
0.063431
0.063407
0.060687
0.062908
0.060962
0.061989
0.061926
0.062321
0.061731
0.061725
0.061195
0.059389
0.062845
0.061394
0.060736
0.061708
0.061528
0.060594
0.072213
0.061605
0.062171
0.060763
0.062603
0.060311
0.062394
0.062080
0.062069
0.062973
0.059855
0.062405
0.062200
0.063850
0.062455
0.062052
0.061221
0.062146
0.062233
0.060027
0.073505
0.062071
0.062705
0.059938
0.062113
0.062114
0.061967
0.061600
0.061147
0.062157
0.059571
0.061326
0.061778
0.061999
0.062734
0.061989
0.060335
0.061682
0.061245
0.061993
0.073247
0.061872
0.063927
0.061591
0.060474
0.060472
0.061909
0.060095
0.062144
0.062728
0.060175
0.060252
0.061758
0.062174
0.060351
0.061185
0.060198
0.059920
0.062525
0.061628
0.073032
0.061547
0.061072
0.061675
0.059489
0.061958
0.062069
0.062013
0.062339
0.063236
0.062141
0.062010
0.062002
0.062242
0.060082
0.062206
0.061860
0.061827
0.061626
0.061506
0.070881
0.061284
0.064058
0.060480
0.061836
0.061982
0.062257
0.061967
0.060264
0.062498
0.061473
0.062512
0.059925
0.061355
0.061596
0.062142
0.063541
0.062424
0.062372
0.061724
0.074166
0.062418
0.063209
0.062233
0.063544
0.061877
0.062722
0.062176
0.063391
0.063152
0.063327
0.062198
0.062586
0.062212
0.060281
0.063018
0.063210
0.061421
0.063434
0.063154
0.072749
0.064553
0.063983
0.062147
0.061403
0.062935
0.061015
0.062958
0.063497
0.062773
0.063403
0.066560
0.063790
0.063502
0.061689
0.064082
0.062518
0.065617
0.064078
0.063766
0.075104
0.063779
0.063444
0.063002
0.059943
0.062138
0.061898
0.061604
0.062334
0.059973
0.062279
0.062412
0.062711
0.062211
0.063251
0.060319
0.060497
0.061980
0.062589
0.062415
0.071655
0.058447
0.061100
0.062014
0.063212
0.061853
0.062158
0.062690
0.061809
0.062217
0.062437
0.060464
0.060587
0.059767
0.062477
0.061975
0.061269
0.061565
0.061596
0.062012
0.071712
0.062216
0.060744
0.061797
0.059467
0.059698
0.059522
0.062892
0.059457
0.059344
0.059763
0.061549
0.062892
0.060280
0.060923
0.061848
0.059784
0.061498
0.061804
0.061675
0.073596
0.062032
0.061314
0.059430
0.059923
0.062263
0.060690
0.062587
0.062061
0.060189
0.062478
0.062336
0.060212
0.062049
0.063952
0.060101
0.062034
0.060004
0.059433
0.062775
0.074030
0.061865
0.059808
0.059906
0.059614
0.060252
0.062428
0.062336
0.061715
0.061590
0.061884
0.062901
0.061679
0.063002
0.062377
0.062822
0.060320
0.062696
0.062148
0.059880
0.074870
0.062016
0.059747
0.062114
0.061842
0.061368
0.062116
0.062356
0.061685
0.061810
0.059780
0.059630
0.061652
0.062003
0.061726
0.061715
0.061597
0.059445
0.061733
0.061579
0.072258
0.062850
0.062108
0.062150
0.062716
0.062028
0.060111
0.062828
0.060220
0.060226
0.062315
0.061574
0.061703
0.063220
0.063739
0.062768
0.062310
0.062274
0.061331
0.062258
0.074075
0.060458
0.062120
0.060038
0.061918
0.061042
0.061863
0.061519
0.060666
0.061699
0.061440
0.061520
0.061598
0.061671
0.061511
0.061621
0.061717
0.061950
0.061485
0.059774
0.072046
0.060440
0.064187
0.062469
0.061907
0.061701
0.060596
0.061887
0.061751
0.061682
0.062042
0.062041
0.062268
0.062215
0.059727
0.062249
0.060638
0.062281
0.061680
0.062101
0.073707
0.059931
0.061456
0.061949
0.062692
0.060130
0.062959
0.061958
0.061719
0.063103
0.061830
0.061790
0.061632
0.060077
0.061757
0.061455
0.061632
0.061544
0.061332
0.062467
0.071515
0.062532
0.062055
0.062983
0.061688
0.061774
0.062603
0.061646
0.059685
0.061490
0.061798
0.061552
0.061503
0.061413
0.061599
0.061970
0.062504
0.063058
0.062345
0.061802
0.073890
0.062147
0.062723
0.062731
0.062367
0.062918
0.062584
0.062776
0.060678
0.062435
0.061111
0.062554
0.063149
0.062532
0.061658
0.064589
0.061976
0.059680
0.061146
0.062291
0.072736
0.059649
0.061744
0.061124
0.061356
0.060543
0.060299
0.060098
0.062444
0.062927
0.061569
0.060146
0.061877
0.062434
0.063796
0.063769
0.062533
0.061105
0.061407
0.063274
0.074341
0.061477
0.063225
0.063017
0.063318
0.066357
0.064668
0.063406
0.066037
0.066265
0.066070
0.063089
0.066632
0.066450
0.064171
0.065935
0.067706
0.068878
0.069218
0.068739
0.072089
0.069649
0.066607
0.063872
0.070020
0.065954
0.062759
0.064451
0.065808
0.070043
0.064572
0.064589
0.064785
0.063650
0.063247
0.066621
0.063966
0.067620
0.063144
0.062675
0.072859
0.063182
0.063327
0.063950
0.062173
0.062531
0.063711
0.062686
0.060806
0.063495
0.064588
0.061754
0.064177
0.061694
0.062148
0.062512
0.062460
0.062055
0.062205
0.061510
0.072855
0.061746
0.062178
0.061568
0.062227
0.059422
0.061411
0.061240
0.061822
0.060706
0.060875
0.061477
0.060949
0.061323
0.060083
0.062092
0.062560
0.062697
0.062996
0.061864
0.072701
0.061443
0.062326
0.061291
0.061584
0.059782
0.061582
0.061378
0.061506
0.062002
0.059731
0.061968
0.062054
0.061554
0.059700
0.062546
0.061321
0.060050
0.061612
0.062288
0.073246
0.061483
0.062023
0.061017
0.060879
0.062383
0.061854
0.059483
0.061642
0.059633
0.061234
0.062365
0.062122
0.061636
0.061783
0.062535
0.061631
0.062143
0.061971
0.061164
0.072545
0.059521
0.059554
0.061474
0.061797
0.059854
0.061618
0.061287
0.059784
0.059803
0.059198
0.061331
0.061401
0.060286
0.061238
0.062160
0.061067
0.061161
0.061563
0.061320
0.072243
0.062604
0.060035
0.059015
0.061095
0.061831
0.062358
0.059476
0.062098
0.061005
0.061231
0.059246
0.061379
0.059149
0.061240
0.062111
0.061299
0.060966
0.061635
0.059615
0.073802
0.061701
0.060544
0.061721
0.060107
0.062418
0.063134
0.062220
0.061174
0.062217
0.061759
0.062697
0.061560
0.061420
0.062082
0.061900
0.061552
0.059850
0.061500
0.059405
0.072252
0.062876
0.062365
0.061975
0.061645
0.060099
0.060010
0.061985
0.063702
0.061929
0.061707
0.062472
0.062179
0.061808
0.062247
0.062284
0.061938
0.059951
0.060325
0.063993
0.073318
0.063723
0.063979
0.063575
0.061762
0.063533
0.063506
0.063353
0.061619
0.061422
0.063771
0.063559
0.061590
0.059864
0.062078
0.060893
0.060044
0.062157
0.061690
0.059683
0.072929
0.064229
0.062157
0.063827
0.062062
0.062249
0.064024
0.065287
0.064906
0.064597
0.065807
0.063903
0.065892
0.066073
0.064213
0.065619
0.063522
0.063834
0.061146
0.063511
0.073963
0.063329
0.063828
0.065837
0.063106
0.063468
0.063796
0.063324
0.065507
0.063410
0.064327
0.060949
0.063726
0.063640
0.061400
0.062262
0.063387
0.063023
0.062870
0.063511
0.073790
0.062725
0.060769
0.061778
0.061878
0.062216
0.060545
0.062467
0.063119
0.062698
0.062437
0.061868
0.062880
0.062129
0.061385
0.061996
0.060436
0.061944
0.061827
0.060857
0.073151
0.061770
0.060938
