0.097904
0.064652
0.064345
0.063982
0.064406
0.065775
0.062279
0.062075
0.063948
0.064269
0.063824
0.062580
0.063442
0.063961
0.062164
0.064037
0.065200
0.064722
0.062994
0.064700
0.072806
0.065279
0.064881
0.064641
0.065542
0.064615
0.062576
0.064472
0.064732
0.065722
0.065882
0.064550
0.064512
0.064652
0.064684
0.064920
0.063882
0.063770
0.064008
0.062331
0.076189
0.063329
0.065443
0.064454
0.062177
0.064538
0.064647
0.064405
0.064781
0.064538
0.064225
0.062459
0.064412
0.061952
0.063750
0.064476
0.062452
0.062494
0.064200
0.064565
0.075932
0.065020
0.064981
0.062562
0.062949
0.064413
0.062853
0.065710
0.064706
0.064399
0.063019
0.062810
0.062693
0.064741
0.062429
0.064130
0.066310
0.062805
0.064780
0.064306
0.076446
0.064754
0.064858
0.062790
0.062715
0.064251
0.062507
0.062637
0.064668
0.065098
0.062814
0.064943
0.064708
0.041978
0.043229
0.043796
0.043238
0.041313
0.064085
0.062351
0.075576
0.064178
0.063530
0.064837
0.064445
0.062410
0.064532
0.066068
0.063553
0.064642
0.064229
0.062453
0.064286
0.062264
0.064541
0.064532
0.065456
0.064006
0.064395
0.062991
0.076010
0.064709
0.062501
0.064115
0.067096
0.064095
0.064210
0.064682
0.062624
0.062759
0.064554
0.064493
0.065773
0.063142
0.064664
0.062634
0.064578
0.065634
0.064430
0.064872
0.076726
0.064668
0.062405
0.062591
0.064796
0.063322
0.064460
0.064470
0.062581
0.062344
0.065524
0.068365
0.064291
0.064167
0.064072
0.062127
0.064308
0.063784
0.062942
0.065906
0.076311
0.062656
0.068277
0.066141
0.062918
0.064803
0.064542
0.064544
0.064431
0.065529
0.064055
0.062705
0.062265
0.064437
0.062490
0.065633
0.062336
0.064275
0.062493
0.065493
0.073686
0.065661
0.062702
0.063148
0.064238
0.064023
0.043594
0.067461
0.065074
0.062522
0.064862
0.064448
0.064347
0.064519
0.063067
0.063278
0.062922
0.064551
0.062334
0.067588
0.076701
0.064031
0.064348
0.062304
0.062499
0.064395
0.065459
0.062593
0.065212
0.062462
0.062358
0.064138
0.062954
0.064586
0.064626
0.062445
0.062738
0.064662
0.065325
0.064884
0.075837
0.065982
0.064501
0.064365
0.065138
0.064486
0.065024
0.062860
0.064576
0.064403
0.065225
0.062795
0.064490
0.066188
0.062710
0.062577
0.066234
0.062627
0.064668
0.062510
0.073888
0.064142
0.066191
0.064683
0.064096
0.064155
0.065812
0.064361
0.062657
0.064479
0.064438
0.064440
0.062394
0.064346
0.062188
0.062747
0.064622
0.062392
0.062734
0.063395
0.074167
0.062743
0.062562
0.065693
0.064405
0.064493
0.062474
0.063300
0.064836
0.062956
0.064842
0.066951
0.062920
0.063295
0.064398
0.064500
0.065596
0.064083
0.062184
0.062803
0.073156
0.065354
0.065575
0.063850
0.066427
0.067269
0.067685
0.067946
0.066284
0.068096
0.064886
0.063293
0.064447
0.062865
0.062684
0.064368
0.064615
0.066942
0.065045
0.065314
0.074376
0.062999
0.064708
0.063563
0.063972
0.065383
0.064595
0.063385
0.077036
0.068642
0.069051
0.093366
0.069067
0.075008
0.061931
0.062737
0.061783
0.061747
0.063000
0.060874
0.075117
0.069394
0.063828
0.064919
0.061089
0.063401
0.060527
0.062479
0.062705
0.060751
0.061686
0.063418
0.063316
0.067922
0.063867
0.063261
0.061084
0.062987
0.062787
0.062648
0.081820
0.067801
0.069662
0.064636
0.064250
0.063667
0.072444
0.067505
0.067355
0.076461
0.068822
0.069617
0.066825
0.065074
0.074949
0.063673
0.068070
0.066404
0.077011
0.067136
0.079556
0.073966
0.069097
0.066242
0.067193
0.067339
0.066883
0.065835
0.066323
0.064888
0.071764
0.077518
0.072768
0.071295
0.075089
0.066358
0.063895
0.084394
0.064683
0.067328
0.078871
0.069616
0.069510
0.067334
0.074661
0.065373
0.072385
0.066275
0.067649
0.066197
0.065607
0.068350
0.067839
0.063293
0.064016
0.061801
0.064271
0.064759
0.065080
0.063963
0.075341
0.061963
0.064159
0.062600
0.064698
0.061786
0.065707
0.063336
0.065177
0.043611
0.065071
0.064874
0.065035
0.064643
0.064899
0.067399
0.064005
0.063355
0.062135
0.064170
0.074528
0.063555
0.063886
0.063660
0.061643
0.070070
0.064148
0.069327
0.070301
0.063524
0.073023
0.041805
0.069242
0.042021
0.042741
0.041425
0.042767
0.063359
0.066928
0.074889
0.073869
0.067441
0.064543
0.064457
0.065291
0.067826
0.068843
0.064795
0.065387
0.067379
0.063157
0.064053
0.067899
0.070453
0.067591
0.069401
0.068306
0.067668
0.066422
0.070938
0.080710
0.068210
0.074428
0.083282
0.087073
0.071711
0.101791
0.088639
0.071153
0.061401
0.065042
0.070179
0.091439
0.091365
0.087712
0.086962
0.088042
0.087114
0.071528
0.066701
0.070036
0.061599
0.061447
0.065022
0.063564
0.064082
0.061781
0.063335
0.063630
0.063437
0.062532
0.064290
0.063806
0.063138
0.061867
0.064405
0.068964
0.063727
0.064299
0.068823
0.093387
0.068348
0.063579
0.061902
0.065898
0.065667
0.065612
0.062370
0.062352
0.064277
0.065771
0.063225
0.066746
0.071951
0.063685
0.064039
0.070379
0.064591
0.063783
0.069608
0.069999
0.063101
0.061547
0.066331
0.063579
0.064168
0.067539
0.066494
0.064732
0.068471
0.064564
0.065591
0.065832
