0.094395
0.062679
0.062950
0.062959
0.062870
0.061745
0.063023
0.062201
0.061039
0.060101
0.062357
0.062056
0.063070
0.064339
0.062719
0.062491
0.062009
0.062572
0.062286
0.064363
0.070530
0.062097
0.062571
0.062401
0.062387
0.042156
0.061347
0.062973
0.041863
0.063036
0.062897
0.063009
0.066862
0.063082
0.060882
0.062696
0.062845
0.041448
0.042246
0.063265
0.074106
0.060764
0.062161
0.062498
0.062413
0.041577
0.044380
0.068893
0.065915
0.065819
0.069051
0.069469
0.064246
0.065526
0.062354
0.065473
0.064140
0.065703
0.066876
0.065645
0.071980
0.066255
0.066144
0.063205
0.061643
0.060982
0.062854
0.062674
0.060687
0.062579
0.061806
0.063406
0.064558
0.063658
0.062133
0.063526
0.061074
0.063340
0.063191
0.064276
0.072720
0.063196
0.063478
0.061727
0.063971
0.062732
0.064185
0.063989
0.063928
0.062557
0.062020
0.062017
0.064069
0.061982
0.061876
0.064348
0.063403
0.063536
0.064256
0.063888
0.075164
0.061981
0.063226
0.062806
0.061164
0.063410
0.061381
0.063667
0.063243
0.062819
0.061060
0.063250
0.062986
0.061634
0.063637
0.061095
0.063027
0.062833
0.062449
0.062080
0.075078
0.062403
0.060347
0.062715
0.063099
0.061089
0.063510
0.062380
0.062341
0.062023
0.062173
0.062274
0.062432
0.062625
0.062382
0.062274
0.062508
0.063353
0.063136
0.063555
0.072341
0.062873
0.062701
0.061080
0.063053
0.063903
0.062775
0.062443
0.062243
0.063584
0.063723
0.061979
0.060553
0.062009
0.062551
0.060674
0.062745
0.063323
0.061361
0.063134
0.074375
0.063218
0.063442
0.061756
0.063227
0.062547
0.062747
0.062381
0.062516
0.062301
0.062972
0.062886
0.061115
0.063613
0.063532
0.063194
0.062225
0.063181
0.063833
0.063663
0.074435
0.060959
0.061900
0.067960
0.063447
0.061625
0.063611
0.061613
0.064930
0.064163
0.061183
0.063362
0.063642
0.063605
0.066493
0.064156
0.062593
0.060363
0.062222
0.060284
0.073768
0.063990
0.062689
0.062302
0.062396
0.061919
0.061407
0.062525
0.060480
0.062430
0.062224
0.062118
0.060157
0.062083
0.062938
0.063644
0.062235
0.065411
0.063551
0.065607
0.072729
0.063854
0.065977
0.063683
0.063146
0.059993
0.066011
0.065872
0.063155
0.062116
0.060066
0.061907
0.062472
0.063005
0.062429
0.062371
0.060461
0.062840
0.062617
0.063248
0.074088
0.063110
0.062151
0.062069
0.060425
0.063076
0.062383
0.062007
0.062077
0.062031
0.061924
0.062640
0.062123
0.060841
0.062413
0.063121
0.063117
0.062564
0.064133
0.062916
0.072233
0.062817
0.060864
0.063241
0.063678
0.062907
0.060848
0.062099
0.063166
0.062812
0.063615
0.060529
0.061812
0.062489
0.062184
0.060043
0.062565
0.061284
0.062537
0.062883
0.074813
0.060352
0.061864
0.061094
0.062229
0.062290
0.060334
0.060608
0.062756
0.060896
0.060980
0.062588
0.062935
0.064302
0.062733
0.062856
0.061406
0.062166
0.060070
0.062171
0.073310
0.062450
0.060915
0.062024
0.060629
0.063295
0.063519
0.060843
0.063103
0.060902
0.062696
0.060669
0.063204
0.063051
0.062731
0.063043
0.060444
0.062692
0.062651
0.063347
0.074596
0.063290
0.062579
0.062537
0.062459
0.062257
0.062965
0.063972
0.063716
0.060555
0.062757
0.062490
0.060760
0.063354
0.062553
0.060198
0.062288
0.062484
0.060729
0.062685
0.075142
0.060620
0.062920
0.062865
0.064157
0.064893
0.063761
0.064272
0.064389
0.064115
0.064219
0.064337
0.064985
0.062234
0.063788
0.063584
0.063983
0.066982
0.065030
0.070961
0.072800
0.066951
0.066924
0.070343
0.070738
0.063787
0.067118
0.063655
0.066911
0.063623
0.063977
0.063256
0.063948
0.064250
0.062344
0.064246
0.064453
0.064537
0.063831
0.064401
0.073486
0.063698
0.063904
0.063949
0.062879
0.063462
0.063284
0.063611
0.063524
0.063092
0.063791
0.064032
0.063709
0.063273
0.064013
0.063535
0.064321
0.065788
0.062277
0.064373
0.075752
0.061731
0.063397
0.061514
0.063361
0.063571
0.061451
0.061582
0.064072
0.061522
0.062942
0.063456
0.063409
0.061776
0.064368
0.063591
0.061316
0.062548
0.064593
0.063967
0.077042
0.064122
0.064453
0.065295
0.064370
0.064240
0.065113
0.062346
0.064232
0.061996
0.064072
0.064072
0.064169
0.064636
0.064536
0.064881
0.063444
0.067768
0.062595
0.064678
0.076202
0.062849
0.064481
0.067850
0.064366
0.062867
0.067512
0.067254
0.065676
0.064037
0.064585
0.064832
0.063717
0.064504
0.064592
0.064491
0.064745
0.063689
0.064688
0.064739
0.075080
0.064087
0.064842
0.064349
0.062102
0.062127
0.062011
0.061733
0.062057
0.060113
0.060252
0.062202
0.061890
0.062484
0.063281
0.060400
0.062014
0.061997
0.061990
0.061930
0.073586
0.060364
0.061091
0.062054
0.062160
0.062329
0.062451
0.062094
0.060775
0.069043
0.065156
0.062261
0.062670
0.062685
0.062606
0.063989
0.062742
0.062800
0.062711
0.062533
0.075696
0.066768
0.062625
0.063970
0.066324
0.063281
0.063591
0.063831
0.066355
0.066637
0.066376
0.063790
0.065956
0.062530
0.060496
0.063395
0.062968
0.060587
0.063279
0.063727
0.072690
0.066392
0.066417
0.064668
0.063382
0.064100
0.064872
0.063253
0.063401
0.062869
0.062749
0.062964
0.063873
0.062662
0.062845
0.063143
0.060888
0.062580
0.064363
0.064384
0.074567
0.060940
0.060685
0.062527
0.062927
0.062989
0.062603
0.062731
0.063362
0.063235
0.063343
0.063759
0.062633
0.063564
0.063541
0.063349
0.063379
0.064075
0.063277
0.063466
0.074560
0.063407
0.063397
0.064039
0.063687
0.062453
0.063575
0.061314
