0.094275
0.063595
0.061424
0.064325
0.062885
0.063534
0.061096
0.062728
0.063017
0.063216
0.062978
0.064082
0.063123
0.063066
0.062993
0.063095
0.064179
0.063710
0.063053
0.060956
0.070814
0.062563
0.062458
0.065351
0.060819
0.062708
0.062695
0.062910
0.063534
0.061177
0.061965
0.061729
0.063728
0.063560
0.063404
0.064037
0.062110
0.063569
0.063906
0.063347
0.072824
0.065408
0.063967
0.061544
0.064476
0.062051
0.062052
0.063810
0.062160
0.063696
0.063887
0.061859
0.061283
0.062758
0.061192
0.062347
0.062171
0.060135
0.062096
0.062825
0.074803
0.062200
0.062179
0.063223
0.062171
0.062281
0.063994
0.062638
0.060190
0.062161
0.060188
0.063276
0.061259
0.062639
0.062304
0.062105
0.062209
0.059991
0.062493
0.062195
0.072486
0.060760
0.063408
0.060795
0.062840
0.063321
0.062645
0.060619
0.062550
0.060615
0.062504
0.060768
0.063552
0.060769
0.060463
0.060241
0.041686
0.040610
0.041475
0.039547
0.045737
0.060705
0.062335
0.062296
0.062590
0.039800
0.062774
0.062913
0.062140
0.062034
0.060806
0.063336
0.041952
0.041922
0.042216
0.041992
0.042774
0.041889
0.041829
0.040699
0.021302
0.019079
0.020871
0.043637
0.020009
0.020936
0.020784
0.018961
0.020831
0.019185
0.022054
0.020944
0.020905
0.019118
0.041888
0.041854
0.040250
0.041662
0.041515
0.039758
0.047845
0.041876
0.041988
0.043080
0.041025
0.040455
0.042297
0.042191
0.042759
0.042042
0.041811
0.042300
0.063039
0.061271
0.062900
0.061424
0.062896
0.059421
0.063677
0.043050
0.048377
0.063861
0.063201
0.061372
0.063953
0.063740
0.063774
0.064038
0.063828
0.061615
0.064103
0.065491
0.062007
0.064163
0.063718
0.063259
0.063572
0.061046
0.063423
0.063708
0.072998
0.063283
0.062681
0.063462
0.044531
0.041209
0.043782
0.042599
0.042971
0.042722
0.042130
0.042842
0.061501
0.043005
0.064373
0.064712
0.064235
0.040864
0.040778
0.064963
0.047143
0.041437
0.042805
0.042687
0.043005
0.040940
0.043028
0.042874
0.041198
0.063116
0.064124
0.061384
0.061680
0.063065
0.045173
0.044626
0.042821
0.042606
0.040987
0.042856
0.048836
0.043202
0.062262
0.063061
0.043449
0.043068
0.041137
0.043114
0.043258
0.043362
0.044135
0.041781
0.042909
0.041366
0.041581
0.041873
0.043084
0.041303
0.064666
0.064340
0.076529
0.065323
0.063015
0.065271
0.065984
0.066148
0.063290
0.063378
0.065137
0.063243
0.063564
0.065187
0.065101
0.065226
0.065346
0.063233
0.065820
0.066223
0.063380
0.065421
0.076743
0.063596
0.063728
0.064683
0.062431
0.062419
0.063133
0.063589
0.063180
0.063846
0.064116
0.063418
0.061003
0.062867
0.063090
0.062926
0.060988
0.060895
0.062808
0.063015
0.072383
0.063144
0.064517
0.062023
0.063698
0.061616
0.063612
0.064164
0.063702
0.063724
0.063156
0.064106
0.061618
0.063970
0.062951
0.064408
0.063334
0.063165
0.063113
0.064360
0.072860
0.063717
0.063047
0.062791
0.063128
0.062429
0.063116
0.063799
0.064745
0.064724
0.062852
0.063718
0.061439
0.063653
0.063621
0.063502
0.061272
0.063587
0.063111
0.060966
0.076441
0.061355
0.062943
0.063511
0.063077
0.060855
0.062866
0.062721
0.060827
0.063514
0.063062
0.061036
0.062483
0.064525
0.063352
0.063194
0.063143
0.062756
0.062706
0.060718
0.074025
0.062283
0.063123
0.062662
0.062603
0.062411
0.064436
0.060446
0.062815
0.060794
0.062817
0.062498
0.060608
0.060739
0.063591
0.062606
0.060811
0.062645
0.062649
0.064399
0.075595
0.063438
0.063004
0.062942
0.062540
0.062747
0.064246
0.060694
0.062764
0.062621
0.060561
0.062981
0.063390
0.060689
0.061955
0.062727
0.062548
0.062279
0.063467
0.061085
0.073821
0.063286
0.062120
0.060754
0.063407
0.063189
0.060646
0.062893
0.062595
0.060130
0.060613
0.063867
0.042103
0.042206
0.042042
0.041861
0.041881
0.041956
0.039683
0.064084
0.046028
0.041828
0.041966
0.041906
0.039982
0.042670
0.042070
0.040374
0.041847
0.041680
0.042202
0.042000
0.040610
0.042305
0.042382
0.040267
0.042181
0.042709
0.040094
0.042219
0.048030
0.042496
0.042363
0.042483
0.043008
0.062524
0.062424
0.062441
0.062418
0.062371
0.061521
0.063974
0.062345
0.061288
0.063164
0.062376
0.063889
0.061846
0.063533
0.063144
0.076295
0.064023
0.061827
0.061949
0.065807
0.064573
0.063902
0.063742
0.064151
0.062124
0.064025
0.064062
0.064304
0.064250
0.064484
0.062738
0.064731
0.065230
0.064454
0.064927
0.076435
0.064627
0.064659
0.062633
0.064792
0.064654
0.065065
0.064481
0.064720
0.065376
0.064156
0.063996
0.064368
0.062332
0.063941
0.064023
0.064002
0.063400
0.065152
0.064456
0.075539
0.067759
0.067615
0.064049
0.062410
0.064607
0.064684
0.064376
0.064756
0.063636
0.040539
0.046630
0.042519
0.042480
0.042390
0.042773
0.042955
0.042183
0.042136
0.042992
0.046591
0.040040
0.062949
0.062603
0.060775
0.063688
0.066198
0.063256
0.065365
0.063117
0.043335
0.065165
0.043906
0.043436
0.043714
0.043957
0.065861
0.043326
0.043529
0.043642
0.047445
0.045292
0.022663
0.022314
0.041359
0.043727
0.042262
0.023540
0.022545
0.020901
0.024125
0.020745
0.020710
0.022420
0.022465
0.022057
0.020279
0.022453
0.022337
0.020786
0.022009
0.020265
0.020616
0.022163
0.022153
0.020436
0.020056
0.022440
0.020671
0.041611
0.043576
0.045730
0.042125
0.042825
0.043784
0.041746
0.043295
0.043245
0.043732
0.064711
0.049486
0.044197
0.043420
0.043317
0.043389
0.041512
0.041575
0.042969
0.044499
0.042117
0.043220
0.043587
0.041775
0.043716
0.043195
0.043604
0.043609
0.045070
0.043910
0.043798
0.049221
0.064844
0.043877
0.063108
0.064614
0.068176
0.065928
0.068712
0.065233
0.067907
0.063501
0.062846
0.066045
0.066054
0.064304
0.064683
0.067042
0.064624
0.062481
0.064564
0.075682
0.062663
0.065631
0.065216
0.066215
0.068229
0.067220
0.067388
0.068499
0.068692
0.064572
0.067565
0.062200
0.061047
0.063725
0.062832
0.062972
0.063033
0.063031
0.061798
0.074784
0.063777
0.062919
0.065238
0.060180
0.062136
0.061912
0.062943
0.042299
0.042930
0.042468
0.041862
0.041845
0.041705
0.042746
0.042126
0.040995
0.042695
0.042444
0.041845
0.047828
0.042265
0.043386
0.063162
0.041863
0.062500
0.041784
0.062212
0.063568
0.042429
0.041936
0.040318
0.041344
0.042355
0.040407
0.042114
0.061971
0.066629
0.066061
0.062568
0.074048
0.060509
0.062606
0.063462
0.063001
0.061901
0.064436
0.060632
0.060470
0.062738
0.060798
0.062298
0.060688
0.062216
0.060582
0.060549
0.060982
0.060398
0.062412
0.064129
0.074119
0.062444
0.063034
0.063060
0.062659
0.062515
0.062416
0.066569
0.066622
0.065747
0.064049
0.066473
0.064735
0.062833
0.063645
0.062889
0.062792
0.062830
0.062827
0.063748
0.075221
0.063321
0.063380
0.063151
0.064302
0.063035
0.064201
0.060939
0.062619
0.062752
0.060743
0.062893
0.066622
0.064575
0.064359
0.061247
0.042481
0.043871
0.043413
0.063353
0.048038
0.063204
0.063386
0.063854
0.064402
0.062062
0.064483
0.061924
0.063801
0.064195
0.061960
0.066014
0.064178
0.064338
0.064693
0.064830
0.063997
0.064146
0.064728
0.062966
0.076077
0.063758
0.064257
0.065212
0.065535
0.041859
0.042783
0.042897
0.043199
0.044216
0.042896
0.042862
0.041706
0.041159
0.043061
0.042994
0.042716
0.042555
0.042717
0.043217
0.049057
0.064066
0.064200
0.063736
0.063745
0.064284
0.065642
0.062109
0.064244
0.064273
0.064265
0.064174
0.064902
0.063532
0.064527
0.064421
0.064180
0.063951
0.064333
0.064943
0.074998
0.061344
0.063347
0.062779
0.066499
0.066312
0.061528
0.066098
0.065921
0.070826
0.064818
0.063047
0.063825
0.064427
0.062319
0.064151
0.064166
0.063908
0.064628
0.063447
0.075499
0.063332
0.063951
0.063824
0.064397
0.064956
0.064842
0.066240
0.066678
0.065014
0.067162
0.063475
0.061202
0.063019
0.063380
0.064254
0.062002
0.063818
0.063681
0.061864
0.074749
0.062154
0.063481
0.064774
0.063497
0.063598
0.061777
0.067969
0.066798
0.066404
0.063743
0.066985
0.061365
0.068001
0.063295
0.063032
0.067298
0.064106
0.062969
0.061697
0.071755
0.060878
0.066526
0.064329
0.061574
0.063736
0.062967
0.060848
0.063200
0.063414
0.063307
0.064723
0.063653
0.062802
0.061608
0.063515
0.063572
0.061655
0.063896
0.063518
0.074973
0.062594
0.063561
0.063837
0.063003
0.062707
0.063653
0.062873
0.060881
0.060896
0.063311
0.060941
0.063112
0.064093
0.063357
0.063797
0.064719
0.063449
0.063482
0.063464
0.073272
0.063322
0.063955
0.063198
0.063600
0.060921
0.062963
0.062428
0.063712
0.061465
0.063679
0.063657
0.063212
0.063159
0.064657
0.063473
0.063248
0.063226
0.062816
0.063036
0.073944
0.061108
0.063083
0.061321
0.063327
0.060946
0.063706
0.063174
0.061254
0.063588
0.064129
0.064027
0.064538
0.061788
0.061036
0.062970
0.062814
0.063244
0.063319
0.063940
0.074787
0.063808
