0.098030
0.060987
0.060935
0.063347
0.062957
0.062737
0.063199
0.063468
0.062955
0.062888
0.064516
0.062946
0.062883
0.060520
0.062840
0.062944
0.063077
0.060985
0.063100
0.063147
0.071638
0.063428
0.062726
0.063292
0.062655
0.062580
0.062690
0.062817
0.060513
0.063325
0.062646
0.062304
0.062577
0.062977
0.063991
0.062954
0.063602
0.062992
0.062706
0.062969
0.074490
0.063079
0.063983
0.063022
0.060804
0.062866
0.062788
0.063381
0.063306
0.063052
0.060565
0.062796
0.062743
0.062687
0.062781
0.063101
0.060253
0.062322
0.060366
0.062275
0.073811
0.061976
0.062852
0.062619
0.060910
0.063057
0.062605
0.062440
0.063445
0.062670
0.062604
0.062600
0.062624
0.062556
0.064097
0.063402
0.062521
0.060623
0.062675
0.060541
0.071864
0.063180
0.062605
0.060739
0.062577
0.059978
0.063419
0.062640
0.064635
0.060369
0.062079
0.062242
0.062616
0.062802
0.063281
0.062897
0.062929
0.062780
0.062597
0.062424
0.074666
0.062006
0.063243
0.062847
0.063090
0.063222
0.063072
0.063232
0.065882
0.062855
0.063010
0.062742
0.062671
0.062756
0.066170
0.063401
0.062227
0.062281
0.060364
0.062505
0.074164
0.060349
0.062773
0.062565
0.060690
0.060019
0.062409
0.062758
0.061001
0.063337
0.062704
0.062305
0.062124
0.063214
0.063815
0.061277
0.066901
0.067138
0.064136
0.067399
0.070756
0.070301
0.065672
0.063833
0.063606
0.064075
0.065365
0.063687
0.063691
0.063076
0.063674
0.063295
0.064145
0.063909
0.061618
0.062846
0.064272
0.064167
0.064324
0.064548
0.075755
0.065711
0.064110
0.063593
0.063240
0.063964
0.063344
0.060980
0.064873
0.063612
0.063614
0.063513
0.063007
0.062552
0.062384
0.062186
0.062183
0.062085
0.063701
0.064041
0.074554
0.063237
0.064564
0.063907
0.064154
0.063660
0.063757
0.063456
0.063486
0.063447
0.063422
0.064431
0.063625
0.064394
0.063594
0.065524
0.064086
0.063536
0.067298
0.064046
0.073334
0.063962
0.064205
0.064510
0.064370
0.062249
0.063345
0.062870
0.062893
0.065814
0.062752
0.060302
0.065650
0.065710
0.062354
0.060686
0.062776
0.063257
0.062849
0.062897
0.071652
0.060755
0.064018
0.063333
0.060454
0.065665
0.068899
0.066870
0.066018
0.066553
0.062181
0.063001
0.062935
0.060886
0.063109
0.063705
0.063604
0.062392
0.062293
0.062622
0.073686
0.062270
0.062951
0.062685
0.062321
0.062292
0.062451
0.060279
0.062106
0.064109
0.062223
0.065455
0.062189
0.062636
0.060806
0.063832
0.063506
0.060335
0.062230
0.062109
0.073649
0.062210
0.064350
0.062774
0.062828
0.062618
0.060819
0.062971
0.062995
0.063461
0.062969
0.062299
0.061086
0.063452
0.063433
0.064316
0.065062
0.063360
0.063394
0.063367
0.072314
0.062664
0.061278
0.062891
0.060755
0.062510
0.062821
0.062715
0.060801
0.063666
0.061815
0.063407
0.061256
0.063294
0.063180
0.063992
0.063360
0.063322
0.063806
0.063931
0.072119
0.065688
0.064204
0.063999
0.063183
0.062993
0.063102
0.063806
0.064257
0.063241
0.062837
0.063056
0.063043
0.062972
0.063529
0.062629
0.062886
0.063038
0.062853
0.063061
0.075062
0.063676
0.064324
0.066234
0.066227
0.067258
0.061335
0.064126
0.063225
0.063643
0.064732
0.061418
0.063249
0.063479
0.063386
0.063215
0.063396
0.061142
0.063200
0.063331
0.074403
0.062546
0.061987
0.063412
0.062959
0.063226
0.062413
0.066185
0.064287
0.064542
0.064559
0.064678
0.064138
0.066194
0.065248
0.063264
0.062503
0.065841
0.064552
0.066395
0.075841
0.064070
0.064914
0.064387
0.062789
0.065460
0.065277
0.063182
0.062475
0.063006
0.068115
0.063891
0.043874
0.042576
0.042535
0.042520
0.042336
0.042141
0.022095
0.042245
0.073691
0.063170
0.066212
0.062836
0.064230
0.066258
0.064791
0.063146
0.062636
0.061584
0.063521
0.062376
0.062881
0.066678
0.063674
0.063461
0.067484
0.066554
0.063575
0.064969
0.074167
0.066874
0.066401
0.062400
0.062717
0.062878
0.063293
0.061263
0.061229
0.061319
0.060990
0.064163
0.065869
0.066190
0.064496
0.064292
0.064179
0.064455
0.064490
0.065871
0.075836
0.065215
0.064331
0.064299
0.064472
0.062802
0.065204
0.064348
0.064263
0.064168
0.063888
0.064051
0.065001
0.064128
0.064611
0.064641
0.062452
0.064043
0.062529
0.063233
0.070834
0.063715
0.063925
0.062214
0.064021
0.064726
0.062120
0.063920
0.067100
0.067008
0.063725
0.063083
0.068318
0.064168
0.061882
0.063763
0.063880
0.063529
0.062271
0.063910
0.075048
0.063519
0.063383
0.064206
0.065077
0.065064
0.065220
0.064243
0.064383
0.062287
0.064192
0.064175
0.061897
0.063884
0.063788
0.063600
0.063151
0.064831
0.063847
0.065526
0.075219
0.063824
0.064202
0.065560
0.064381
0.063962
0.064398
0.062242
0.064146
0.064282
0.064468
0.063866
0.064709
0.064280
0.063936
0.063077
0.064218
0.063011
0.042706
0.063530
0.072902
0.042721
0.040764
0.040987
0.043221
0.042492
0.042618
0.042610
0.044453
0.041015
0.063481
0.061291
0.062423
0.063378
0.062982
0.060808
0.042276
0.042357
0.040425
0.042650
0.046493
0.040632
0.043544
0.042311
0.044226
0.042753
0.042462
0.042037
0.042609
0.040587
0.042300
0.042105
0.042226
0.042213
0.042360
0.042282
0.040322
0.040911
0.040504
0.042055
0.047693
0.042209
0.040129
0.043559
0.042431
0.042336
0.040633
