0.109104
0.064443
0.065708
0.064468
0.064226
0.065769
0.063873
0.064495
0.064887
0.064762
0.064516
0.064502
0.064350
0.064284
0.068443
0.062724
0.064984
0.067003
0.066808
0.064941
0.075421
0.064998
0.066722
0.067417
0.061228
0.063837
0.065816
0.065037
0.064115
0.063787
0.064220
0.064839
0.064334
0.061872
0.063386
0.062864
0.063527
0.063628
0.064467
0.064287
0.075582
0.064806
0.063064
0.063273
0.064487
0.068511
0.066998
0.064224
0.064156
0.065033
0.065927
0.065612
0.065048
0.065065
0.064720
0.065599
0.067405
0.065342
0.064782
0.064713
0.076162
0.064806
0.065690
0.064973
0.064407
0.064548
0.064491
0.065190
0.065013
0.064584
0.044111
0.062559
0.065216
0.064732
0.070482
0.067305
0.065104
0.067964
0.064848
0.064450
0.074223
0.065828
0.065101
0.064847
0.064422
0.064168
0.065070
0.064983
0.063966
0.065038
0.062922
0.064786
0.064666
0.063275
0.065200
0.064897
0.061710
0.063998
0.064003
0.067908
0.080040
0.064956
0.064568
0.064190
0.064667
0.064435
0.065470
0.064944
0.064059
0.064307
0.064610
0.065175
0.064447
0.066056
0.064965
0.064091
0.064560
0.064556
0.065228
0.066039
0.076349
0.064271
0.064288
0.063920
0.064112
0.065820
0.065077
0.064914
0.064836
0.065989
0.065098
0.064750
0.063734
0.064866
0.065004
0.064625
0.064504
0.065092
0.062318
0.064286
0.075691
0.064722
0.064209
0.064925
0.063303
0.064512
0.062800
0.064962
0.064684
0.065241
0.064703
0.064498
0.064802
0.064749
0.065566
0.065398
0.064495
0.065893
0.066781
0.063717
0.076108
0.064504
0.064854
0.065098
0.064794
0.070083
0.062574
0.067506
0.063271
0.064349
0.069264
0.066405
0.066200
0.066048
0.065485
0.065693
0.068526
0.061891
0.062074
0.060803
0.072233
0.062982
0.064447
0.066236
0.065791
0.064262
0.062095
0.062423
0.062258
0.062284
0.062182
0.063230
0.060104
0.061671
0.062393
0.063175
0.062335
0.064008
0.062488
0.062251
0.073535
0.063852
0.066001
0.065014
0.064058
0.063016
0.062986
0.064215
0.062933
0.063046
0.060258
0.061990
0.065356
0.062319
0.065191
0.065965
0.065783
0.062263
0.062495
0.062589
0.074030
0.062355
0.061086
0.062613
0.062618
0.062773
0.062660
0.063039
0.063622
0.062836
0.060826
0.062970
0.066042
0.063626
0.061213
0.062462
0.062246
0.062307
0.062128
0.062064
0.073291
0.062145
0.062476
0.062274
0.060589
0.060604
0.061870
0.060997
0.062585
0.060714
0.062758
0.062459
0.063086
0.062779
0.062738
0.062652
0.063708
0.062837
0.063393
0.063907
0.071371
0.065952
0.065893
0.065964
0.066206
0.062695
0.062166
0.066035
0.062586
0.062221
0.066191
0.069104
0.066752
0.066553
0.064095
0.063176
0.063443
0.064119
0.062799
0.064271
0.071463
0.063291
0.060571
0.064047
0.063556
0.062979
0.063384
0.063047
0.060867
0.066775
0.061106
0.062755
0.065775
0.062910
0.062850
0.063783
0.063586
0.061449
0.063447
0.063127
0.074573
0.064002
0.060991
0.062999
0.063122
0.063011
0.063433
0.063739
0.063542
0.062499
0.063172
0.062888
0.062346
0.062893
0.062989
0.062561
0.062598
0.062207
0.060174
0.062658
0.074224
0.060334
0.062474
0.042435
0.041791
0.041768
0.039740
0.041760
0.041798
0.041794
0.040389
0.042036
0.041756
0.042284
0.042117
0.042648
0.039814
0.041792
0.041562
0.042481
0.047635
0.041667
0.040026
0.042705
0.042508
0.042055
0.041777
0.041798
0.040111
0.042002
0.042044
0.042284
0.042784
0.041785
0.040212
0.041883
0.043327
0.042218
0.042160
0.042403
0.049083
0.042091
0.040264
0.042301
0.042551
0.041873
0.042162
0.042116
0.043032
0.041876
0.043057
0.042210
0.040214
0.045002
0.042311
0.041796
0.043923
0.042013
0.041729
0.041699
0.047403
0.041800
0.041795
0.041917
0.039799
0.042456
0.041609
0.040020
0.041815
0.041947
0.043106
0.042564
0.042317
0.043752
0.044908
0.044699
0.045177
0.045275
0.045333
0.045353
0.047785
0.040802
0.042264
0.044904
0.045348
0.045571
0.041717
0.044097
0.042079
0.040544
0.042024
0.040291
0.041893
0.041829
0.042090
0.041943
0.042083
0.042915
0.041739
0.041636
0.048181
0.041871
0.044940
0.040313
0.043252
0.041034
0.041813
0.041656
0.041466
0.041507
0.041733
0.041886
0.040221
0.041870
0.042697
0.041905
0.041760
0.041784
0.041843
0.041783
0.045663
0.040850
0.044349
0.041972
0.041819
0.062225
0.041947
0.042323
0.042091
0.041911
0.044177
0.042397
0.042101
0.040162
0.042004
0.041937
0.041996
0.062643
0.065813
0.063027
0.068604
0.063105
0.064124
0.062935
0.063878
0.062628
0.062579
0.062952
0.060830
0.062805
0.064870
0.064265
0.062879
0.062739
0.064066
0.062782
0.062652
0.063255
0.062730
0.060040
0.073934
0.062341
0.066911
0.061300
0.064198
0.042518
0.042070
0.042126
0.042253
0.041991
0.043393
0.043245
0.042785
0.042915
0.040931
0.042959
0.042866
0.042863
0.044039
0.043384
0.049095
0.044321
0.042812
0.041123
0.042891
0.043004
0.042887
0.043765
0.042961
0.041115
0.041287
0.043347
0.042809
0.042925
0.063703
0.043720
0.042913
0.042905
0.044661
0.041138
0.048609
0.043087
0.041178
0.044233
0.041210
0.042787
0.042932
0.042782
0.040996
0.042643
0.042841
0.044093
0.043302
0.042853
