0.093464
0.060995
0.060210
0.060265
0.060102
0.060633
0.061967
0.063227
0.064116
0.062717
0.062544
0.062488
0.063503
0.060175
0.063226
0.062172
0.062015
0.061701
0.060060
0.062486
0.071436
0.063054
0.062204
0.061995
0.062079
0.062215
0.062437
0.062540
0.061962
0.061857
0.061513
0.059966
0.062184
0.063071
0.060190
0.042198
0.061497
0.061805
0.061680
0.061775
0.073870
0.060461
0.062213
0.062414
0.062508
0.061932
0.062405
0.062449
0.062200
0.062590
0.062722
0.062524
0.063757
0.062468
0.062128
0.061692
0.062691
0.061910
0.062356
0.062001
0.073060
0.061782
0.062708
0.062475
0.063162
0.062874
0.062519
0.062409
0.062519
0.062429
0.062317
0.063112
0.062407
0.060693
0.063966
0.062775
0.062808
0.062964
0.062506
0.062234
0.073818
0.062584
0.062344
0.064828
0.062533
0.060301
0.062490
0.061563
0.062420
0.063116
0.062692
0.062230
0.062247
0.062226
0.062292
0.062271
0.060575
0.062572
0.062546
0.062351
0.072906
0.062499
0.063431
0.063301
0.063058
0.062753
0.063029
0.063091
0.063575
0.062365
0.062355
0.062483
0.060383
0.062025
0.063446
0.063636
0.063117
0.063117
0.062985
0.063125
0.074118
0.060628
0.062643
0.062835
0.062416
0.062711
0.062003
0.063525
0.062528
0.062419
0.061369
0.062622
0.040353
0.042082
0.041182
0.042329
0.039769
0.062341
0.062753
0.063205
0.076712
0.063783
0.063033
0.062827
0.062457
0.062428
0.060488
0.063525
0.062634
0.062801
0.062547
0.062581
0.063118
0.064485
0.063229
0.062900
0.062924
0.063080
0.062899
0.063645
0.074811
0.062535
0.062550
0.060607
0.062292
0.062978
0.062459
0.063110
0.062655
0.063028
0.062965
0.062941
0.061444
0.063149
0.062933
0.062848
0.062935
0.062442
0.063489
0.062048
0.074248
0.060940
0.062745
0.062641
0.063504
0.062547
0.062148
0.062330
0.062333
0.062516
0.060900
0.062806
0.063766
0.062493
0.062478
0.062514
0.062391
0.061242
0.062675
0.062622
0.074006
0.062407
0.062300
0.063159
0.062560
0.061886
0.062601
0.062391
0.062198
0.062931
0.062660
0.062429
0.062438
0.062016
0.060097
0.062941
0.062565
0.041652
0.040959
0.042011
0.046770
0.041396
0.041205
0.041323
0.040115
0.041191
0.039446
0.041507
0.041199
0.039291
0.041305
0.041169
0.042015
0.041326
0.041081
0.040105
0.042922
0.041936
0.041633
0.044918
0.044981
0.045115
0.041598
0.041330
0.044953
0.041562
0.041620
0.041550
0.041760
0.042747
0.039683
0.062424
0.062388
0.063807
0.063138
0.062937
0.062918
0.062809
0.062570
0.062573
0.073951
0.062657
0.063137
0.062682
0.062704
0.062755
0.061484
0.061991
