0.101544
0.060983
0.060931
0.063343
0.062953
0.062732
0.063194
0.063463
0.062950
0.062884
0.064512
0.062941
0.062879
0.060516
0.062836
0.062940
0.063072
0.060980
0.063096
0.063142
0.071633
0.063424
0.062722
0.063288
0.062650
0.062577
0.062685
0.062813
0.060509
0.063320
0.062641
0.062300
0.062573
0.062972
0.063986
0.062949
0.063598
0.062988
0.062701
0.062965
0.074486
0.063074
0.063979
0.063018
0.060800
0.062861
0.062784
0.063375
0.063301
0.063048
0.060561
0.062791
0.062738
0.062682
0.062777
0.063096
0.060249
0.062318
0.060361
0.062271
0.073807
0.061970
0.062848
0.062614
0.060905
0.063053
0.062601
0.062436
0.063441
0.062665
0.062600
0.062596
0.062620
0.062552
0.064091
0.063398
0.062516
0.060618
0.062670
0.060537
0.071860
0.063175
0.062601
0.060734
0.062573
0.059974
0.063415
0.062634
0.064631
0.060364
0.062075
0.062238
0.062611
0.062797
0.063275
0.062893
0.062924
0.062775
0.062592
0.062420
0.074660
0.062001
0.063239
0.062843
0.063086
0.063218
0.063067
0.063228
0.065863
0.062851
0.063006
0.062738
0.062667
0.062751
0.066166
0.063397
0.062223
0.062277
0.060360
0.062500
0.074160
0.060345
0.062769
0.062561
0.060686
0.060015
0.062405
0.062754
0.060977
0.063334
0.062699
0.062301
0.062120
0.063210
0.063810
0.061273
0.066896
0.067133
0.064132
0.067394
0.070752
0.070296
0.065668
0.063829
0.063602
0.064070
0.065361
0.063682
0.063670
0.063071
0.063670
0.063291
0.064140
0.063904
0.061614
0.062841
0.064268
0.064163
0.064317
0.064544
0.075751
0.065706
0.064105
0.063589
0.063236
0.063959
0.063340
0.060976
0.064868
0.063608
0.063610
0.063509
0.062987
0.062548
0.062380
0.062182
0.062179
0.062081
0.063697
0.064036
0.074550
0.063232
0.064560
0.063902
0.064149
0.063656
0.063753
0.063452
0.063482
0.063442
0.063418
0.064426
0.063621
0.064390
0.063589
0.065519
0.064081
0.063532
0.067293
0.064042
0.073318
0.063958
0.064200
0.064506
0.064366
0.062245
0.063340
0.062866
0.062888
0.065810
0.062748
0.060297
0.065646
0.065706
0.062349
0.060681
0.062771
0.063252
0.062845
0.062892
0.071647
0.060750
0.064014
0.063329
0.060450
0.065661
0.068895
0.066866
0.066013
0.066548
0.062177
0.062997
0.062915
0.060882
0.063105
0.063701
0.063600
0.062387
0.062289
0.062618
0.073681
0.062266
0.062947
0.062680
0.062316
0.062288
0.062446
0.060274
0.062102
0.064104
0.062218
0.065451
0.062184
0.062632
0.060802
0.063827
0.063502
0.060331
0.062226
0.062104
0.073645
0.062206
0.064346
0.062770
0.062823
0.062614
0.060815
0.062966
0.062968
0.063456
0.062964
0.062295
0.061082
0.063448
0.063428
0.064312
0.065058
0.063356
0.063390
0.063363
0.072310
0.062660
0.061273
0.062886
0.060751
0.062506
0.062817
0.062710
0.060796
0.063662
0.061809
0.063402
0.061251
0.063289
0.063176
0.063988
0.063355
0.063318
0.063802
0.063927
0.072115
0.065683
0.064200
0.063994
0.063179
0.062989
0.063098
0.063799
0.064237
0.063236
0.062833
0.063051
0.063039
0.062968
0.063525
0.062625
0.062881
0.063033
0.062849
0.063057
0.075056
0.063672
0.064320
0.066230
0.066223
0.067254
0.061331
0.064122
0.063220
0.063638
0.064728
0.061414
0.063245
0.063474
0.063382
0.063210
0.063392
0.061138
0.063196
0.063327
0.074399
0.062541
0.061983
0.063407
0.062955
0.063221
0.062408
0.066181
0.064282
0.064537
0.064555
0.064673
0.064117
0.066190
0.065244
0.063260
0.062498
0.065836
0.064548
0.066391
0.075835
0.064066
0.064909
0.064383
0.062785
0.065456
0.065272
0.063177
0.062471
0.063001
0.068111
0.063886
0.043870
0.042572
0.042531
0.042515
0.042332
0.042137
0.022090
0.042239
0.073688
0.063166
0.066208
0.062832
0.064226
0.066254
0.064787
0.063142
0.062631
0.061579
0.063517
0.062372
0.062876
0.066672
0.063669
0.063456
0.067480
0.066550
0.063570
0.064965
0.074151
0.066870
0.066396
0.062395
0.062713
0.062873
0.063288
0.061258
0.061225
0.061315
0.060985
0.064159
0.065864
0.066186
0.064492
0.064287
0.064174
0.064450
0.064486
0.065867
0.075832
0.065210
0.064327
0.064295
0.064467
0.062797
0.065199
0.064344
0.064260
0.064164
0.063884
0.064047
0.064997
0.064124
0.064606
0.064636
0.062447
0.064038
0.062524
0.063228
0.070830
0.063711
0.063920
0.062210
0.064016
0.064722
0.062116
0.063915
0.067095
0.067004
0.063721
0.063078
0.068313
0.064163
0.061878
0.063759
0.063859
0.063524
0.062267
0.063906
0.075043
0.063514
0.063379
0.064201
0.065073
0.065059
0.065216
0.064238
0.064378
0.062283
0.064186
0.064171
0.061893
0.063880
0.063783
0.063596
0.063146
0.064827
0.063843
0.065522
0.075214
0.063820
0.064197
0.065555
0.064376
0.063958
0.064394
0.062238
0.064142
0.064278
0.064464
0.063862
0.064704
0.064276
0.063932
0.063073
0.064213
0.063007
0.042702
0.063526
0.072898
0.042716
0.040760
0.040982
0.043217
0.042487
0.042614
0.042606
0.044449
0.041011
0.063477
0.061286
0.062418
0.063374
0.062978
0.060804
0.042272
0.042354
0.040421
0.042646
0.046476
0.040627
0.043539
0.042304
0.044221
0.042748
0.042457
0.042032
0.042604
0.040582
0.042296
0.042101
0.042221
0.042208
0.042356
0.042278
0.040317
0.040907
0.040501
0.042052
0.047689
0.042205
0.040126
0.043554
0.042428
0.042332
0.040628
