0.105170
0.065649
0.063405
0.064805
0.064344
0.063830
0.063658
0.063460
0.064058
0.061783
0.063869
0.061943
0.064396
0.064183
0.065090
0.062306
0.063310
0.062146
0.064242
0.063933
0.070843
0.064610
0.063750
0.063765
0.061905
0.064216
0.063971
0.064762
0.063672
0.064725
0.061808
0.063575
0.063791
0.064729
0.064477
0.062371
0.064547
0.063994
0.064251
0.064333
0.076461
0.064212
0.066373
0.064673
0.064257
0.064430
0.065176
0.064663
0.064569
0.064622
0.064823
0.064237
0.064949
0.064623
0.064198
0.064389
0.062829
0.064148
0.064794
0.065042
0.073641
0.063822
0.064117
0.065156
0.064758
0.063360
0.065536
0.064549
0.064878
0.063656
0.064318
0.062538
0.064010
0.063948
0.062054
0.061966
0.063898
0.064810
0.065944
0.064008
0.075371
0.064562
0.065981
0.064634
0.062223
0.064070
0.063606
0.062233
0.064332
0.062213
0.063310
0.064406
0.061718
0.063762
0.063648
0.065684
0.062604
0.064371
0.061991
0.063893
0.075601
0.064392
0.064788
0.064547
0.065495
0.064599
0.064880
0.062793
0.064752
0.066172
0.065999
0.062696
0.064589
0.064185
0.064470
0.064243
0.064415
0.062119
0.064381
0.064326
0.075610
0.064597
0.065600
0.066173
0.064549
0.064358
0.062387
0.064094
0.064137
0.064522
0.062932
0.064005
0.060787
0.062738
0.063031
0.063610
0.062430
0.062968
0.062976
0.062653
0.074802
0.062720
0.063223
0.060878
0.061078
0.063131
0.062932
0.063143
0.063040
0.064699
0.063254
0.062751
0.063037
0.063129
0.062967
0.062922
0.063474
0.063178
0.062929
0.061386
0.074508
0.063343
0.063352
0.063119
0.062697
0.062680
0.063279
0.063013
0.063264
0.060511
0.062170
0.063004
0.062802
0.060629
0.063063
0.063980
0.064805
0.062405
0.063688
0.061852
0.075106
0.062437
0.064007
0.064130
0.063873
0.064133
0.064840
0.063822
0.064931
0.065640
0.064417
0.061998
0.064146
0.064033
0.064493
0.064083
0.063483
0.061442
0.063325
0.063041
0.074657
0.063821
0.063332
0.064523
0.060972
0.062754
0.061921
0.065541
0.063379
0.061271
0.063781
0.060997
0.061035
0.063088
0.064203
0.061039
0.063563
0.063932
0.063253
0.061232
0.073770
0.062950
0.060896
0.062710
0.062671
0.060844
0.062934
0.063439
0.063410
0.060567
0.062414
0.063285
0.062711
0.060719
0.063210
0.060836
0.062933
0.060833
0.062700
0.063003
0.074926
0.063000
0.063186
0.063521
0.061771
0.062823
0.060947
0.063346
0.061224
0.061363
0.063144
0.063324
0.061231
0.061685
0.061109
0.061131
0.060778
0.063630
0.063344
0.062739
0.075510
0.063802
0.061377
0.063159
0.063041
0.063335
0.063788
0.062670
0.060194
0.060425
0.062177
0.063797
0.063187
0.063993
0.061210
0.063350
0.062975
0.062883
0.060780
0.063117
0.074864
0.061741
0.063449
0.066605
0.063993
0.063898
0.063454
0.061795
0.063336
0.062759
0.062923
0.062546
0.065356
0.061721
0.064372
0.063617
0.063805
0.063560
0.064676
0.062515
0.074831
0.063145
0.063416
0.063873
0.063200
0.064083
0.063672
0.063652
0.063754
0.063742
0.063504
0.062299
0.064215
0.063534
0.061777
0.063357
0.066967
0.064193
0.064751
0.061739
0.072421
0.063481
0.063202
0.063565
0.063092
0.064974
0.061975
0.063559
0.061372
0.061026
0.061208
0.063966
0.063453
0.062922
0.063184
0.063191
0.063650
0.063571
0.064768
0.064126
0.075008
0.063364
0.063222
0.061751
0.064852
0.063500
0.063666
0.063618
0.063558
0.063640
0.063516
0.061466
0.064407
0.063609
0.063440
0.063385
0.063849
0.064088
0.063253
0.063153
0.072496
0.060982
0.061089
0.063073
0.063280
0.061597
0.063646
0.063100
0.061594
0.063766
0.064288
0.061566
0.063084
0.064223
0.064692
0.063943
0.063471
0.064477
0.061554
0.064430
0.075131
0.063173
0.063548
0.063999
0.063473
0.061474
0.063847
0.064407
0.063208
0.063329
0.063642
0.063415
0.063777
0.061923
0.063360
0.061323
0.061913
0.063255
0.063182
0.063283
0.075340
0.063422
0.064227
0.063866
0.061288
0.062948
0.065449
0.063120
0.063099
0.063648
0.060999
0.062811
0.063111
0.061283
0.063124
0.062715
0.063436
0.062684
0.061220
0.063512
0.073197
0.063790
0.061872
0.063076
0.060973
0.061071
0.062950
0.060508
0.062550
0.061575
