0.555412
0.152582
0.062191
0.060814
0.061973
0.061508
0.059684
0.060198
0.060995
0.062271
0.062383
0.062700
0.061404
0.062419
0.060945
0.061112
0.059896
0.062398
0.061542
0.061430
0.073944
0.059287
0.059319
0.059527
0.061816
0.060251
0.062830
0.039622
0.040231
0.060528
0.060379
0.060636
0.062878
0.062525
0.062387
0.061759
0.061920
0.062328
0.062874
0.062011
0.076705
0.063193
0.063439
0.065142
0.063823
0.064180
0.070800
0.061710
0.063938
0.063907
0.063101
0.062221
0.063745
0.063975
0.065092
0.064611
0.069118
0.065375
0.064736
0.063366
0.076766
0.067487
0.064583
0.063929
0.065653
0.063479
0.064610
0.064942
0.064616
0.064791
0.064613
0.068819
0.064437
0.064151
0.064687
0.064009
0.064457
0.064251
0.064229
0.064080
0.075931
0.063916
0.064822
0.064580
0.064338
0.064082
0.064700
0.064609
0.064484
0.063670
0.064318
0.061748
0.064242
0.064643
0.064870
0.063720
0.065322
0.063751
0.064084
0.063774
0.075700
0.062272
0.064438
0.064049
0.063702
0.063626
0.063324
0.064384
0.063906
0.063380
0.064146
0.064010
0.064112
0.064586
0.064699
0.064290
0.064180
0.064206
0.063745
0.063692
0.076677
0.063275
0.064336
0.063665
0.064731
0.064091
0.064728
0.063272
0.063663
0.064113
0.063896
0.063163
0.064722
0.063837
0.064680
0.063908
0.065715
0.063306
0.063892
0.064405
0.075247
0.063733
0.064699
0.064006
0.063998
0.063648
0.063870
0.063609
0.064117
0.063182
0.064531
0.063421
0.065808
0.064681
0.063692
0.063006
0.063511
0.062945
0.064063
0.063168
0.074869
0.062998
0.064225
0.064049
0.063660
0.061697
0.063992
0.063202
0.064573
0.064014
0.064586
0.065245
0.064149
0.063905
0.065263
0.064830
0.065256
0.063616
0.065632
0.063428
0.075820
0.064290
0.064354
0.063106
0.064691
0.061970
0.062413
0.062037
0.062430
0.062567
0.063323
0.060551
0.062928
0.061939
0.062280
0.063375
0.062320
0.039271
0.062506
0.061421
0.067444
0.061685
0.062129
0.062366
0.042390
0.042378
0.041833
0.041199
0.062227
0.041215
0.042129
0.041390
0.041546
0.041024
0.041443
0.040734
0.041448
0.040665
0.041322
0.061543
0.047435
0.041458
0.043683
0.044407
0.044877
0.041152
0.045578
0.041045
0.044885
0.041197
0.041542
0.041569
0.062025
0.068973
0.063037
0.063050
0.063895
0.063513
0.064240
0.062605
0.074191
0.062944
0.060748
0.061769
0.063295
0.061631
0.062892
0.061850
0.062865
0.062077
0.063106
0.062914
0.063621
0.062289
0.062706
0.062297
0.062740
0.061311
0.062477
0.062383
0.074229
0.062023
0.061883
0.062930
0.062787
0.064107
0.062488
0.061564
0.062489
0.059771
0.062948
0.061119
0.065202
0.062945
0.064382
0.066481
0.063425
0.065860
0.068187
0.065385
0.072467
0.063582
0.068127
0.062753
0.063739
0.070676
0.068015
0.069911
0.063044
0.060287
0.067819
0.046301
0.064229
0.062289
0.063553
0.065013
0.066244
0.061790
0.065905
0.041099
0.075428
0.059725
0.061999
0.061431
0.061611
0.061115
0.061600
0.061275
0.064631
0.064687
0.062549
0.062023
0.062755
0.061919
0.063078
0.061593
0.061619
0.060668
0.063157
0.061356
0.074621
0.128857
0.104947
0.059625
0.060990
0.061960
0.060724
0.060136
0.066559
0.067738
0.065454
0.063288
0.066307
0.063789
0.060363
0.061220
0.063828
0.060875
0.061978
0.062012
0.072972
0.062309
0.062346
0.061992
0.041236
0.060314
0.069960
0.070582
0.064999
0.043922
0.042761
0.043617
0.042244
0.043247
0.042527
0.018926
0.023395
0.022506
0.063159
0.065774
0.047959
0.041486
0.042399
0.040693
0.043607
0.042388
0.043239
0.042009
0.044680
0.043457
0.042132
0.042258
0.044072
0.042128
0.048088
0.042613
0.042514
0.044223
0.042935
0.042058
0.047820
0.042050
0.044478
0.042905
0.042565
0.042290
0.042346
0.041676
0.042229
0.041925
0.042620
0.042413
0.043326
0.042191
0.042806
0.042481
0.043076
0.042123
0.042643
0.042205
0.053258
0.043911
0.042761
0.042608
0.044216
0.043068
0.042960
0.042789
0.042407
0.045403
0.045797
0.042120
0.042905
0.042912
0.043192
0.043422
0.043020
0.042046
0.042601
0.042544
0.049503
0.042365
0.043684
0.042714
0.042651
0.042185
0.042774
0.042955
0.042757
0.040000
0.043355
0.042369
0.042741
0.042183
0.042681
0.042490
0.043684
0.042569
0.044264
0.043488
0.046444
0.041178
0.041516
0.041183
0.041444
0.039857
0.041627
0.041114
0.041839
0.039980
0.044261
0.042381
0.042952
0.040127
0.042710
0.042238
0.042110
0.040701
0.041184
0.041465
0.047402
0.041225
0.043762
0.042514
0.042795
0.042634
0.043721
0.042610
0.041851
0.041987
0.043353
0.040049
0.041800
0.041294
0.042172
0.043920
0.042493
0.042006
0.042175
0.040377
0.049459
0.041201
0.041552
0.040872
0.066309
0.061251
0.066695
0.065579
0.065987
0.063892
0.067613
0.067630
0.063179
0.063696
0.067435
0.066263
0.066230
0.067919
0.067649
0.070300
0.074183
0.065651
0.063701
0.062475
0.064652
0.063283
0.063984
0.066524
0.060248
0.061089
0.062790
0.062298
0.064182
0.062262
0.062893
0.062850
0.062934
0.066974
0.063294
0.061944
0.073931
0.062300
0.064978
0.043244
