0.101732
0.062953
0.061190
0.061546
0.063209
0.066243
0.062322
0.062332
0.062465
0.060092
0.062006
0.065396
0.062351
0.062256
0.059918
0.061923
0.062201
0.065560
0.064833
0.064986
0.073379
0.062768
0.064810
0.064044
0.067194
0.065018
0.062607
0.064722
0.065013
0.065225
0.064446
0.064659
0.062426
0.064722
0.062802
0.065384
0.064867
0.065869
0.064544
0.064406
0.075686
0.065519
0.064438
0.064820
0.064839
0.064996
0.064914
0.065687
0.064995
0.067336
0.062981
0.064723
0.064395
0.064869
0.062789
0.064537
0.064574
0.065228
0.064715
0.064768
0.076299
0.064623
0.066414
0.064956
0.063278
0.063964
0.061447
0.063056
0.063122
0.064053
0.063336
0.061414
0.063757
0.061073
0.064370
0.064116
0.061082
0.063560
0.064515
0.063285
0.074091
0.063427
0.067041
0.063405
0.062230
0.063313
0.063262
0.064852
0.061539
0.066488
0.063973
0.062840
0.062877
0.060829
0.066522
0.062689
0.061570
0.063173
0.063791
0.064688
0.077085
0.063572
0.062716
0.063296
0.063036
0.063028
0.063069
0.063040
0.063645
0.063313
0.063025
0.064010
0.061091
0.062630
0.061509
0.061529
0.060944
0.064122
0.064250
0.064260
0.069758
0.065104
0.075194
0.073661
0.063241
0.064433
0.062310
0.061567
0.063330
0.061502
0.063608
0.063624
0.063576
0.063649
0.064342
0.061045
0.063146
0.063306
0.064868
0.062522
0.075598
0.062399
0.064338
0.064800
0.065181
0.065545
0.064667
0.064942
0.064776
0.062863
0.064906
0.066541
0.065031
0.065052
0.062981
0.064942
0.064811
0.065249
0.064344
0.062440
0.075517
0.064140
0.064248
0.065740
0.065201
0.064836
0.064734
0.063023
0.065177
0.066576
0.065214
0.064891
0.064781
0.064800
0.065053
0.065634
0.064394
0.064978
0.064641
0.064514
0.076023
0.065238
0.064651
0.064299
0.064589
0.064604
0.064597
0.064940
0.065135
0.064692
0.062383
0.063792
0.064556
0.064178
0.064609
0.066151
0.064289
0.064255
0.063984
0.062419
0.073869
0.065519
0.064618
0.062766
0.062834
0.065084
0.064955
0.067863
0.067724
0.065672
0.067742
0.065871
0.065526
0.062806
0.067493
0.062922
0.062574
0.060459
0.065332
0.065355
0.071832
0.045283
0.045810
0.062437
0.042383
0.045880
0.042379
0.062718
0.066644
0.066140
0.066119
0.063796
0.063383
0.063098
0.062728
0.060569
0.062555
0.063055
0.062814
0.062496
0.074221
0.062898
0.062497
0.063039
0.063562
0.062846
0.062593
0.062650
0.062433
0.062802
0.063330
0.062477
0.062571
0.064078
0.063008
0.062554
0.063663
0.062447
0.065702
0.060342
0.073685
0.060867
0.065063
0.063146
0.061042
0.063180
0.064880
0.062946
0.040589
0.063118
0.062861
0.063115
0.061108
0.063133
0.063184
0.064300
0.063506
0.061269
0.061243
0.063462
0.075090
0.064160
0.060894
0.062424
0.062721
0.062818
0.060789
0.063415
0.062991
0.062952
0.063389
0.063716
0.063754
0.064082
0.063571
0.063105
0.063078
0.063208
0.061037
0.063274
0.073218
0.063225
0.063509
0.064273
0.063943
0.066300
0.065512
0.063933
0.062119
0.064208
0.067082
0.063996
0.064925
0.063738
0.066983
0.067362
0.064260
0.063643
0.063290
0.064388
0.075673
0.063989
0.061767
0.061684
0.064453
0.063792
0.063766
0.063684
0.063538
0.064426
0.062334
0.065031
0.063740
0.063598
0.061606
0.063584
0.064742
0.064254
0.064420
0.062344
0.073732
0.064493
0.065069
0.065260
0.062976
0.063118
0.062719
0.062284
0.060546
0.061908
0.042289
0.040309
0.062016
0.060505
0.060454
0.062660
0.062972
0.062010
0.060517
0.062469
0.073700
0.060457
0.064082
0.062291
0.062376
0.062785
0.060347
0.062364
0.063020
0.062448
0.063733
0.062591
0.062258
0.062150
0.062524
0.060977
0.063062
0.062598
0.060321
0.062249
0.073854
0.060801
0.062510
0.063880
0.060476
0.062622
0.060368
0.062726
0.062212
0.062178
0.062193
0.062387
0.061982
0.063294
0.062225
0.062570
0.063600
0.062785
0.062333
0.063052
0.074322
0.062940
0.062442
0.062263
0.062455
0.063146
0.063043
0.060763
0.062459
0.063435
0.060170
0.062083
0.063224
0.060654
0.062564
0.063708
0.061155
0.062878
0.062113
0.066219
0.071918
0.062736
0.066968
0.065535
0.062086
0.060070
0.062325
0.061877
0.061954
0.062234
0.060518
0.062767
0.062304
0.065170
0.061888
0.064588
0.062435
0.064167
0.062533
0.060680
0.074439
0.060323
0.062709
0.063271
0.062108
0.062243
0.062344
0.060323
0.067563
0.066983
0.063959
0.065572
0.063531
0.065778
0.065552
0.065836
0.062652
0.060544
0.062517
0.062338
0.073787
0.063320
0.060946
0.060526
0.062337
0.066127
0.066057
0.062603
0.061521
0.065725
0.062196
0.063721
0.062368
0.062831
0.065340
0.062437
0.060221
0.062695
0.062978
0.065116
0.073081
0.062487
0.062253
0.062209
0.062360
0.061117
0.063514
0.061465
0.062813
0.066040
0.062890
0.060807
0.062653
0.063084
0.063820
0.062921
0.062741
0.062900
0.062870
0.064039
0.072502
0.062258
0.065502
0.064980
0.065865
0.063567
0.060331
0.062448
0.062637
0.062264
0.063569
0.060816
0.063634
0.062876
0.060206
0.062151
0.062006
0.060141
0.062840
0.060258
0.073647
0.062373
0.060475
0.062438
0.063273
0.062326
0.062765
0.060313
0.062401
0.060224
0.063920
0.062375
0.062361
0.062498
0.060861
0.062660
0.061149
0.062960
0.061079
0.061886
0.074483
0.063125
0.062776
0.061423
0.062669
0.062643
0.062918
0.062221
0.062521
0.063423
0.060844
0.062767
0.061810
0.062805
0.062392
0.060812
0.060338
0.061987
0.060125
0.060334
0.071879
0.062483
0.062641
0.062258
0.061408
0.062770
0.063097
0.063494
0.061875
0.066316
0.069196
0.062934
0.063168
0.063003
0.063352
0.063512
0.061493
0.067980
0.065153
0.066973
0.076773
0.061778
0.063496
0.063250
0.063765
0.063770
0.064145
0.062749
0.062643
0.059599
0.059201
0.062485
0.062557
0.061112
0.063078
0.062835
0.063306
0.063172
0.062858
0.064044
0.074258
0.060671
0.062810
0.063231
0.059849
0.061732
0.062644
0.062561
0.060768
0.062598
0.062967
0.062842
0.062953
0.062590
0.062753
0.062513
0.063816
0.061710
0.063489
0.063041
0.074399
0.062965
0.062722
0.062500
0.063972
0.063761
0.064096
0.063429
0.062705
0.063646
0.064155
0.062929
0.062896
0.062574
0.062689
0.060600
0.062776
0.063262
0.062725
0.063469
0.074620
0.063088
0.063960
0.063443
0.062926
0.063409
0.063101
0.063294
0.062801
0.060808
0.062463
0.062531
0.063094
0.062674
0.062790
0.062526
0.062349
0.063852
0.063818
0.064610
0.075248
0.064359
0.063584
0.063914
0.061857
0.063734
0.063604
0.062077
0.063202
0.063790
0.061764
0.063974
0.061998
0.062204
0.063985
0.063409
0.061642
0.043087
0.063525
0.043083
0.049162
0.040867
0.043935
0.042998
0.042636
0.042862
0.062963
0.061130
0.064199
0.062853
0.063284
0.063314
0.063184
0.062824
0.062083
0.061380
0.062874
0.063458
0.063413
0.063084
0.073234
0.063415
0.063101
0.061072
0.063178
0.063078
0.063001
0.061512
0.062880
0.064037
0.061146
0.060906
0.063009
0.064011
0.063044
0.062922
0.063055
0.063604
0.063332
0.064179
