605.000000	222.000000	24.000000	33.000000
608.299011	221.180237	20.793581	35.380466
608.356567	220.980713	21.143608	34.802887
608.379272	221.559311	19.522940	33.257881
608.572693	222.438568	20.472780	37.396152
608.669250	226.312759	20.007627	31.048939
607.568115	230.452911	21.363440	36.105827
606.477051	234.387360	20.458347	30.838385
607.201477	237.017822	20.295820	35.615395
604.699158	235.555893	22.449306	32.763832
606.708618	234.285706	22.121164	35.132767
605.885254	229.660492	21.556116	35.145000
606.742249	226.559464	19.161449	33.425816
607.368042	221.485077	20.490318	36.053070
608.696594	221.426422	19.218142	30.788170
609.921448	220.831268	18.886759	37.700089
609.188110	222.860474	20.680840	33.145035
609.873169	227.502563	18.151297	35.759640
610.149475	230.423157	18.796141	32.109886
610.198242	233.332382	19.963902	33.652584
611.301392	235.758804	20.492392	34.678600
612.882812	237.373672	18.734695	35.626415
615.399353	238.699646	18.547829	35.017349
619.461060	240.675430	17.703087	29.677002
621.468872	238.182526	17.721991	36.408703
621.783569	236.530548	19.308367	33.104801
618.492371	233.491745	18.439627	36.139332
609.393616	232.686478	17.461145	33.514740
593.520264	234.244171	20.375420	35.050980
577.612305	236.239090	18.811134	33.250679
567.034424	238.116959	18.282240	36.052277
569.960876	239.762054	18.863201	32.337982
588.015747	238.142822	19.478678	32.585999
608.452820	237.800903	19.035992	34.976368
615.865234	239.281891	19.178705	31.985636
618.435425	240.542419	16.705545	33.251999
616.862671	240.739502	18.034529	30.829033
614.268616	243.539856	19.474775	32.515491
612.703430	244.603439	18.919333	31.458643
609.721313	247.653366	18.716238	33.785305
609.360596	251.747635	18.440409	30.272791
608.412598	254.525146	18.663919	32.774582
607.281616	259.043854	19.574495	33.659584
608.104370	265.508453	17.242697	33.046516
607.978027	269.217529	18.959934	34.300095
610.133423	274.334106	19.078552	31.333439
608.478577	279.174744	19.858124	35.963543
608.584351	283.729645	18.780998	31.778023
607.761841	286.592224	17.833336	35.301975
608.814941	290.514008	18.551352	28.990765
607.388794	291.189972	19.819706	35.363869
608.391174	292.166077	19.411848	32.874233
607.359314	293.139618	18.111149	35.200119
608.833191	294.413727	18.777826	32.251995
611.710144	295.735657	19.268808	31.425457
612.386780	295.965881	19.679525	33.472557
614.423889	297.312164	19.694733	31.922701
616.627380	297.172485	18.419710	36.757988
620.304565	299.659332	18.421116	30.183863
623.038330	299.689392	18.467230	35.049854
625.707825	299.132263	18.902824	32.790359
628.006348	298.842560	17.500093	35.722549
631.076294	300.508881	18.150564	31.858295
633.707642	300.062744	18.851791	33.169598
633.595276	300.953491	19.108633	33.980511
633.095581	302.471741	19.060921	31.011900
631.380798	305.443115	18.175808	34.163975
626.331116	307.414307	19.193380	30.380716
622.398193	309.533295	20.542475	35.622929
618.398254	312.056610	19.923859	30.877069
610.071167	313.907288	18.588821	34.094204
605.529419	314.143494	18.933455	31.367584
601.056274	313.903168	18.684671	33.881096
596.117798	313.628693	18.724764	33.308571
591.151733	314.215515	19.531555	32.151825
587.959839	313.832184	18.400991	33.789478
587.138672	313.519897	18.353855	29.337709
583.003052	313.018188	18.463385	35.027012
579.942932	313.267212	19.209818	32.198204
577.818970	312.677399	19.089739	34.965549
577.072693	314.238190	19.359110	31.514820
576.250549	313.309052	19.243759	33.778393
576.021729	311.809937	18.824165	34.163727
574.941528	310.064789	18.751110	34.176144
576.296753	307.100494	18.890320	35.985569
578.535095	305.280212	18.998611	31.739511
578.758972	301.654205	19.034208	36.759235
580.471985	296.748444	19.122627	33.172379
582.780823	292.951691	17.909210	36.920177
586.014648	291.371002	17.868052	30.145620
588.889587	288.549316	17.917355	32.944878
590.971008	286.188049	17.718658	33.732124
592.783020	286.022858	18.388807	34.514099
596.692688	285.077362	18.841616	33.567257
601.195312	286.236359	18.579063	30.962717
603.768616	286.418213	20.354559	35.608536
609.193604	288.367706	18.711634	32.131954
613.427734	290.980286	17.682917	35.094307
617.754150	293.378143	19.047169	31.492825
621.157043	296.703552	20.986040	35.830021
626.900574	299.158905	19.326075	32.412941
630.969055	302.155884	17.173626	35.663170
636.230469	305.534180	17.352383	33.364025
639.384216	309.170105	19.028490	32.297646
642.205872	309.833618	19.739363	35.875813
632.693604	311.654663	20.119150	31.748287
623.808899	313.165344	19.127104	36.577663
615.664917	316.939728	18.722944	30.412552
608.065735	318.480957	19.337326	35.451717
605.922546	319.653320	20.236490	32.052006
605.511353	319.185883	18.742460	35.329922
607.616333	318.830566	17.564425	33.103691
608.268982	318.848297	19.441923	31.439169
610.459045	317.447906	19.699448	35.304310
612.531311	314.816864	19.965916	33.930080
613.718201	314.245422	18.001699	34.936222
614.860291	313.762177	18.236893	29.762712
616.064575	310.587402	18.662621	36.841961
615.996460	308.490753	20.145992	31.317257
617.236023	306.797974	18.607771	35.192078
619.117004	305.149414	18.846226	31.809628
619.747864	303.632080	20.423162	31.785841
620.360718	301.786377	20.488693	33.778397
622.832031	300.814423	17.526394	33.182667
624.849365	301.138580	17.229029	34.421856
625.610046	300.301483	19.004908	30.952339
626.326965	301.739380	20.153257	35.469406
628.023071	305.233063	20.252319	30.775845
626.879028	307.387756	19.097912	35.380791
626.726868	309.391754	18.818621	35.423771
624.846252	315.726990	21.582806	30.991659
620.193909	322.619141	23.183628	35.476208
621.223755	331.211456	23.317986	29.967749
629.976624	341.558167	23.450521	31.767981
632.803467	347.738892	24.318272	36.614586
633.171570	354.243286	23.043690	38.178711
630.650024	366.984009	20.159187	31.700453
624.256104	380.983429	21.197815	30.563042
619.079285	395.179108	25.437895	29.493370
614.110413	408.083069	23.949434	27.988764
608.170105	423.221863	22.951267	28.732491
604.518066	438.683380	18.896025	25.877432
596.369629	450.896393	22.142187	35.705311
590.825378	466.991852	19.911674	31.654039
586.313660	476.900116	18.951452	29.550783
591.385193	492.675049	18.420475	29.624208
614.884644	497.628845	19.851095	26.329836
648.515137	509.307068	20.475431	33.703716
680.201782	519.270264	23.653450	33.355515
714.500732	539.227539	19.281101	26.078438
736.876526	562.441406	24.835554	23.437822
758.432068	579.381409	19.810236	27.161028
758.432068	579.381409	19.810236	27.161028
776.312866	610.074524	24.184036	29.552284
776.312866	610.074524	24.184036	29.552284
776.312866	610.074524	24.184036	29.552284
788.531494	647.177612	26.145422	30.554422
787.867432	653.484009	27.540176	26.394787
793.128418	660.856262	25.572996	26.394814
793.046814	675.083618	26.712025	24.484100
794.324707	688.682434	31.453823	26.046703
802.426331	704.139587	31.105967	18.305408
802.426331	704.139587	31.105967	18.305408
748.663879	620.699402	22.736225	24.413095
763.443481	639.617126	18.208702	27.656643
768.701111	650.424805	18.460930	25.876606
770.052673	664.191162	20.585653	21.420458
770.561157	667.144287	19.699644	25.893692
770.561157	667.144287	19.699644	25.893692
770.561157	667.144287	19.699644	25.893692
770.561157	667.144287	19.699644	25.893692
770.561157	667.144287	19.699644	25.893692
770.561157	667.144287	19.699644	25.893692
770.561157	667.144287	19.699644	25.893692
770.561157	667.144287	19.699644	25.893692
770.561157	667.144287	19.699644	25.893692
770.561157	667.144287	19.699644	25.893692
770.561157	667.144287	19.699644	25.893692
770.561157	667.144287	19.699644	25.893692
770.561157	667.144287	19.699644	25.893692
770.561157	667.144287	19.699644	25.893692
770.561157	667.144287	19.699644	25.893692
770.561157	667.144287	19.699644	25.893692
770.561157	667.144287	19.699644	25.893692
770.561157	667.144287	19.699644	25.893692
770.561157	667.144287	19.699644	25.893692
770.561157	667.144287	19.699644	25.893692
770.561157	667.144287	19.699644	25.893692
770.561157	667.144287	19.699644	25.893692
770.561157	667.144287	19.699644	25.893692
770.561157	667.144287	19.699644	25.893692
770.561157	667.144287	19.699644	25.893692
770.561157	667.144287	19.699644	25.893692
770.561157	667.144287	19.699644	25.893692
770.561157	667.144287	19.699644	25.893692
770.561157	667.144287	19.699644	25.893692
770.561157	667.144287	19.699644	25.893692
770.561157	667.144287	19.699644	25.893692
770.561157	667.144287	19.699644	25.893692
770.561157	667.144287	19.699644	25.893692
770.561157	667.144287	19.699644	25.893692
770.561157	667.144287	19.699644	25.893692
770.561157	667.144287	19.699644	25.893692
770.561157	667.144287	19.699644	25.893692
770.561157	667.144287	19.699644	25.893692
770.561157	667.144287	19.699644	25.893692
770.561157	667.144287	19.699644	25.893692
770.561157	667.144287	19.699644	25.893692
770.561157	667.144287	19.699644	25.893692
770.561157	667.144287	19.699644	25.893692
770.561157	667.144287	19.699644	25.893692
770.561157	667.144287	19.699644	25.893692
770.561157	667.144287	19.699644	25.893692
770.561157	667.144287	19.699644	25.893692
770.561157	667.144287	19.699644	25.893692
770.561157	667.144287	19.699644	25.893692
770.561157	667.144287	19.699644	25.893692
770.561157	667.144287	19.699644	25.893692
770.561157	667.144287	19.699644	25.893692
770.561157	667.144287	19.699644	25.893692
770.561157	667.144287	19.699644	25.893692
726.870911	689.460449	15.022128	31.026361
726.870911	689.460449	15.022128	31.026361
726.870911	689.460449	15.022128	31.026361
726.870911	689.460449	15.022128	31.026361
726.870911	689.460449	15.022128	31.026361
726.870911	689.460449	15.022128	31.026361
726.870911	689.460449	15.022128	31.026361
726.870911	689.460449	15.022128	31.026361
726.870911	689.460449	15.022128	31.026361
726.870911	689.460449	15.022128	31.026361
726.870911	689.460449	15.022128	31.026361
726.870911	689.460449	15.022128	31.026361
726.870911	689.460449	15.022128	31.026361
726.870911	689.460449	15.022128	31.026361
726.870911	689.460449	15.022128	31.026361
726.870911	689.460449	15.022128	31.026361
726.870911	689.460449	15.022128	31.026361
726.870911	689.460449	15.022128	31.026361
726.870911	689.460449	15.022128	31.026361
771.317200	607.830872	18.521975	32.856205
772.775208	612.430359	22.405254	37.418633
772.775208	612.430359	22.405254	37.418633
772.775208	612.430359	22.405254	37.418633
772.775208	612.430359	22.405254	37.418633
781.694092	635.886658	20.423223	34.392262
782.053955	626.020325	24.883398	39.724564
782.053955	626.020325	24.883398	39.724564
782.053955	626.020325	24.883398	39.724564
782.053955	626.020325	24.883398	39.724564
788.074341	642.253723	22.911932	38.441757
788.074341	642.253723	22.911932	38.441757
788.074341	642.253723	22.911932	38.441757
792.510681	658.118530	20.876131	37.493359
792.510681	658.118530	20.876131	37.493359
792.510681	658.118530	20.876131	37.493359
792.510681	658.118530	20.876131	37.493359
792.510681	658.118530	20.876131	37.493359
792.510681	658.118530	20.876131	37.493359
861.220520	600.751892	23.086334	28.287760
846.413330	629.231873	19.996851	23.811853
825.026733	648.254822	21.014601	24.609238
805.145569	658.343201	24.430735	23.295488
799.747070	660.446472	22.208672	20.330368
791.769836	651.810486	21.380482	25.638456
787.538269	648.773132	18.777941	23.904030
779.579590	646.649109	20.416765	20.831310
774.268921	641.119202	21.802866	21.476826
773.697266	634.909668	20.095346	22.008453
769.437866	625.884338	20.761927	25.046307
768.215332	624.434570	18.150431	22.109419
761.934875	618.942993	21.381771	22.390003
758.716431	615.052612	19.581568	21.713114
758.313477	605.448975	17.054117	24.699883
750.848999	603.943359	19.798067	24.161736
748.226685	601.319336	17.644432	22.480581
741.455261	596.726807	20.590059	22.994131
741.692871	592.470215	18.877216	21.509705
737.547852	584.666504	19.619347	23.658257
735.518677	583.861938	17.594263	21.427267
734.787537	581.885376	15.633791	19.562031
733.097290	621.540771	17.052141	20.775585
731.472961	640.577881	18.866043	26.470350
729.575439	632.432434	19.808153	29.448202
730.035583	631.653687	18.116865	26.651140
730.777832	625.151367	17.689108	25.490599
730.351746	619.553101	20.651730	27.239580
729.973083	614.580750	20.750898	24.582010
732.107178	608.857178	16.559612	25.290037
727.343628	601.387573	18.888851	25.328987
722.703308	591.020020	22.509798	26.271185
725.207581	583.879700	21.802959	27.159489
725.135193	576.366882	22.377382	22.277088
729.397217	570.530151	18.078465	24.956142
730.355652	561.454102	17.928062	20.932201
731.462219	554.242798	18.219505	26.200594
733.601562	545.838440	17.251221	21.130220
734.995239	540.553833	16.930908	21.429562
737.326904	533.433350	15.914262	20.670576
742.902649	527.410522	16.542824	19.738939
746.921875	523.304077	17.618284	20.018551
751.971130	517.981750	18.095961	20.171320
757.340027	510.917633	18.035028	24.737839
766.739807	503.117401	17.820852	21.115288
773.624756	493.761322	18.029572	20.283815
782.574463	483.392090	19.378616	19.662449
791.245544	474.861389	21.283901	18.029440
803.998718	468.028503	20.719336	21.091072
818.966797	462.124939	21.302359	20.883575
836.916626	459.685089	20.900812	20.086893
855.686096	455.379028	21.201693	23.450705
871.966309	450.459778	22.461136	22.488731
882.529785	443.075073	22.931164	21.736118
897.616516	433.191589	21.429951	23.546125
909.525269	423.656708	21.890083	22.262461
919.330750	415.045013	23.968992	29.431507
935.430298	414.735199	24.426313	22.184292
953.188843	428.422424	25.175970	23.985445
973.499084	466.206360	25.363693	30.202904
995.334717	507.220428	25.727343	28.013720
1021.655151	551.748840	24.685812	31.563540
1039.073975	570.479187	28.506111	23.329376
1057.207886	584.440796	30.174366	21.433359
1082.101562	596.686218	26.871374	21.863016
1103.446777	608.326477	29.266094	22.847786
1126.385864	621.416870	30.554338	21.627163
1150.474731	633.986572	30.866575	21.016666
1174.662842	645.176453	31.031328	23.413761
1197.881836	659.389465	32.285389	23.167309
1220.245728	665.101562	30.891901	23.416088
1237.375610	661.090637	31.365171	22.655350
1256.241333	652.837463	27.541256	19.956278
1256.241333	652.837463	27.541256	19.956278
1256.241333	652.837463	27.541256	19.956278
1256.241333	652.837463	27.541256	19.956278
1256.241333	652.837463	27.541256	19.956278
1256.241333	652.837463	27.541256	19.956278
1256.241333	652.837463	27.541256	19.956278
1256.241333	652.837463	27.541256	19.956278
1256.241333	652.837463	27.541256	19.956278
1256.241333	652.837463	27.541256	19.956278
1256.241333	652.837463	27.541256	19.956278
1256.241333	652.837463	27.541256	19.956278
1256.241333	652.837463	27.541256	19.956278
1256.241333	652.837463	27.541256	19.956278
1256.241333	652.837463	27.541256	19.956278
1256.241333	652.837463	27.541256	19.956278
1151.518433	583.928955	22.391623	29.945206
1124.474609	607.998413	19.229305	35.845356
1143.200439	616.370483	20.652061	35.430450
1160.764404	624.731018	21.830065	38.628006
1180.788452	635.541138	21.831976	38.830463
1199.305298	646.341125	23.426956	39.734837
1218.502197	658.625061	23.279459	38.417545
1234.524414	671.680420	23.490345	37.506645
1249.076172	687.646667	20.519581	36.687672
1220.271851	573.579712	19.795132	26.618458
1202.713013	544.308472	19.350630	31.060097
1133.942749	479.246368	31.894363	25.040462
1127.866943	465.867340	34.647694	35.568913
1121.639893	461.802307	33.116905	36.139259
1104.422241	458.902954	39.811638	34.599564
1098.164062	454.394958	33.709682	34.888359
1087.257935	446.839233	35.493736	41.182304
1076.297241	441.815643	33.357040	33.806667
1057.078369	421.819977	27.738388	38.535759
1018.554932	396.060486	31.886257	34.769306
971.709900	360.542938	28.644964	41.667107
912.486023	327.088562	31.032499	37.356232
866.698425	309.848572	32.255566	35.708042
850.313660	301.365753	26.491404	34.547424
835.201233	295.358917	26.503880	36.071358
824.071838	291.606842	25.189211	38.997704
811.180115	291.128876	23.330166	34.036751
797.117493	290.928284	27.973146	34.751068
789.090759	291.060425	21.633711	35.821320
775.243896	291.443787	25.774977	38.238262
766.740417	290.672546	19.240055	35.864395
752.024353	294.220032	23.896631	36.348831
741.807556	294.194458	19.297855	34.162384
728.975525	297.631073	25.726366	36.677971
717.925842	296.915161	20.989531	36.731342
699.825012	301.199341	25.845625	34.711384
692.919739	304.088806	20.667866	32.741940
680.637451	305.311981	20.824568	35.051945
669.175354	306.683380	23.075060	36.631428
657.856201	308.918365	19.817133	34.405300
648.392517	312.097626	22.340052	35.551373
637.769897	314.579254	18.750029	33.547367
628.011719	315.518555	22.218933	36.532623
617.268433	316.173798	18.725073	34.346111
606.938843	319.201904	22.890207	33.853859
597.286743	320.108124	20.201502	36.332592
589.882324	323.369385	23.964947	35.453484
581.386475	320.944336	20.701092	34.417408
572.312683	321.473083	23.376791	33.941616
563.195129	322.171143	20.558615	32.350174
554.060913	320.552216	23.173386	34.622730
551.847900	318.951782	20.636507	33.361530
560.080566	314.749023	22.951645	33.429432
572.747681	310.510742	20.791346	31.029739
588.737549	303.968475	19.855717	37.559109
592.168518	301.504700	20.398424	40.421284
589.659363	299.744965	18.624676	34.357056
589.209534	298.864746	21.794935	36.894478
589.392395	298.068359	18.691055	34.782150
593.021057	296.588928	20.530762	37.737576
596.691101	295.730347	19.051504	34.877415
602.879883	297.111267	20.436455	35.360279
609.200256	295.599792	18.649359	34.857903
612.502502	296.443634	19.068996	37.957211
620.532410	294.648804	19.711889	37.988613
630.767639	295.882721	19.113340	35.180271
641.422607	297.115875	18.764229	32.816082
655.674988	297.835144	18.404131	36.261204
671.056824	298.660156	19.191795	38.886932
688.392212	301.276093	17.737921	33.790310
704.574707	304.240356	21.673143	36.289928
721.861633	306.333923	18.514051	35.799171
739.678772	310.494751	20.447201	38.286594
760.315674	312.452637	19.359673	38.292480
772.188660	315.564636	24.788177	37.379211
788.385437	316.022461	21.488598	35.627949
800.592773	317.466278	19.772488	36.892567
806.269897	318.503235	22.830986	39.337318
811.535400	321.152374	20.832308	34.543144
801.086304	321.810547	23.307055	36.280426
789.503113	317.312439	19.532551	35.059086
769.081360	315.007996	23.545586	37.843880
762.331360	315.240967	18.741585	35.947392
751.773499	317.866119	22.406759	35.353836
748.751282	318.933105	19.978144	32.455097
741.887268	317.865295	21.479834	37.726860
737.922241	319.436523	22.044500	36.576111
731.556702	321.898560	19.495045	34.980709
724.004028	323.282379	24.170229	34.690315
719.660889	322.896484	19.003132	34.819283
711.600037	322.733337	21.944920	37.163494
707.110474	321.620667	18.268663	34.385834
696.248596	320.720673	22.946150	34.961040
692.557861	316.886536	18.410452	34.420696
682.790283	313.393738	21.555008	36.980328
678.306519	310.219757	18.620520	35.852932
666.449158	307.372864	23.102703	35.031616
663.079346	304.857422	18.109516	33.692501
654.845581	300.649231	20.247080	35.175411
649.013794	296.837402	21.214901	34.880089
643.259216	293.333191	18.661898	34.207306
640.518860	290.318298	20.678949	35.477783
638.667114	287.458771	18.849386	35.696934
636.670898	284.491028	21.265011	37.481888
634.079590	281.727142	17.559349	34.565010
628.972900	279.789307	22.294767	36.209774
626.314636	277.691589	17.637728	36.255802
621.812195	278.510559	20.853840	37.056278
619.653809	276.640625	19.068413	36.143345
613.058167	277.867462	22.016268	36.858444
611.317932	281.230469	19.043159	35.085403
607.503479	300.967163	19.717119	35.863800
606.260498	327.754791	20.303085	37.263256
601.719849	351.273560	20.439461	34.491657
601.505920	351.203644	21.344114	35.287712
598.209229	349.937988	19.405622	34.842438
597.820740	347.759125	21.996937	37.722111
597.315430	345.522552	18.718805	34.568840
603.735901	344.946045	21.205832	34.617340
611.003052	342.379913	19.901478	33.415356
620.059998	342.111206	20.524519	34.747265
625.222717	339.102783	19.994875	34.875103
626.444031	339.575317	19.600008	33.781464
625.789429	335.814209	20.029697	33.881454
624.723816	335.536224	18.843344	35.573330
622.944519	333.709076	20.414658	36.255257
620.033020	331.174286	19.255520	35.441139
619.863098	330.343414	20.252918	37.008602
618.884705	326.747620	17.749201	37.221127
617.807495	324.847717	19.410580	38.552204
617.791138	322.858948	18.721478	38.409279
615.690125	321.932770	20.245560	37.346825
615.833618	320.987946	18.469772	34.653408
616.224915	319.677551	17.973106	37.124210
615.648499	318.117981	18.729176	37.766083
615.106018	317.131805	17.898003	35.690014
615.408752	318.240845	18.718052	35.888702
614.794373	316.405243	17.884199	35.807972
613.993591	317.150909	19.976519	37.097084
612.954529	313.280029	18.455149	38.989506
611.177551	315.746429	19.736263	36.343143
610.232361	314.038635	17.554089	35.520622
609.557617	312.890106	18.894146	38.558914
607.363281	312.008057	18.752483	37.484200
605.875610	311.281464	18.055485	36.756847
605.743530	311.102570	19.921074	36.944565
606.224426	310.133392	16.895046	36.780170
607.184387	310.596344	18.707823	38.312370
607.475769	311.955688	18.174511	34.281109
608.343262	313.223663	21.490065	36.599575
612.445129	313.168884	17.486378	36.310646
615.472351	315.259705	19.816454	38.232826
619.167908	316.492126	18.396221	36.626476
621.376709	318.691864	20.364202	38.904232
626.006653	320.697327	18.867804	33.983154
631.730896	322.552948	18.843771	37.129601
638.384277	324.272217	18.476177	37.309689
644.474243	329.374969	17.817677	35.528095
651.779419	332.911591	20.613813	35.308460
662.190369	336.462036	16.366632	35.983974
668.503540	340.141235	20.561003	38.192448
678.460388	345.162476	16.803379	35.926853
684.023499	349.215393	22.705708	36.351940
695.119934	350.416382	17.660006	37.033123
699.558655	356.443390	22.573751	38.361248
712.154358	360.159088	18.977535	37.090473
718.749573	365.819458	21.685827	35.814980
731.469971	369.872009	19.448914	32.218983
741.175354	373.538208	19.339319	34.850067
749.000305	375.987915	20.654387	36.082478
755.686584	379.183777	20.051422	33.672478
761.890686	382.733032	21.273600	33.692635
768.681274	383.524414	17.483768	35.322426
770.936523	383.804565	20.758932	39.722126
763.353699	385.899384	19.909828	33.927406
747.364746	386.247955	22.553953	33.266243
739.915833	384.766113	18.072340	31.957127
733.226868	385.212128	19.213051	33.552738
729.293457	384.050537	19.467529	33.804947
722.305115	384.680389	20.175926	33.283028
714.729126	384.165833	19.895599	32.732952
711.213501	382.847412	18.204403	34.507282
706.748291	382.683258	20.162510	36.182781
702.908630	381.937988	19.020166	32.853783
698.223694	384.606934	21.890556	32.947716
696.047974	384.114441	18.318665	33.006126
693.843994	382.883453	19.815985	35.962135
691.640015	382.517548	18.951691	34.144241
685.612610	382.149231	21.615698	33.530777
682.339722	381.956879	18.890291	31.672421
679.032043	380.861542	18.966322	33.640320
675.157959	379.094757	18.301706	34.373833
668.616272	379.207794	18.866877	32.184238
663.484253	378.810211	20.913908	32.384731
660.536926	376.956207	17.484461	33.889187
655.129822	377.719635	21.034603	33.524380
649.822998	374.210358	18.260136	32.453106
645.502869	375.088837	21.841513	32.121357
642.470459	373.450195	18.320898	32.244797
639.743225	372.449738	20.219507	34.637718
637.427124	369.318604	19.812176	33.892975
633.805420	368.459229	21.207220	33.894142
631.844604	367.827393	20.204620	31.607038
630.267639	366.348572	18.995804	34.023327
627.349731	363.553375	21.037188	37.311657
624.767151	362.336304	20.008381	34.967609
623.589294	363.292938	21.881321	33.646008
622.787842	360.756622	18.739342	33.741989
623.089233	358.835480	21.817831	35.661724
624.936096	358.104034	19.111057	34.874290
625.310547	357.775879	21.991072	34.619637
628.975647	356.205017	19.511986	33.566792
631.233643	356.124512	20.220858	33.515785
634.094238	353.973633	20.753210	34.013718
634.754517	351.582153	21.236950	33.493942
639.264099	352.001343	21.980011	32.996651
639.523438	350.001770	20.037176	35.410343
643.351624	350.607147	20.501225	35.123657
645.533630	350.282166	18.846010	34.053692
647.949768	350.745392	20.090752	33.076778
650.169434	349.543640	16.859016	32.661510
649.565125	348.552673	20.065126	35.415188
653.387024	346.049652	18.510056	35.632664
