0.106118
0.063112
0.062742
0.061839
0.061768
0.063618
0.063805
0.063717
0.062383
0.064420
0.062368
0.064509
0.064576
0.064494
0.066386
0.064608
0.061914
0.061498
0.063878
0.062130
0.074977
0.063167
0.062199
0.063433
0.062999
0.062563
0.060815
0.064050
0.063072
0.064318
0.062692
0.063232
0.063393
0.064382
0.063671
0.063639
0.063680
0.063902
0.063653
0.063724
0.075187
0.061545
0.065009
0.063847
0.063199
0.062924
0.064184
0.063108
0.063393
0.061696
0.063982
0.063867
0.065612
0.063616
0.063519
0.064779
0.063735
0.063399
0.042969
0.064400
0.049045
0.063414
0.061062
0.063072
0.062733
0.064194
0.063100
0.063305
0.061246
0.064711
0.064419
0.063282
0.064395
0.063178
0.062522
0.062891
0.060975
0.062877
0.063251
0.042959
0.072786
0.063353
0.063052
0.064122
0.062963
0.063587
0.061051
0.062783
0.062730
0.063324
0.062923
0.060919
0.063687
0.062973
0.042344
0.042034
0.041914
0.063898
0.061882
0.064813
0.075098
0.062166
0.063302
0.063021
0.062721
0.068080
0.063282
0.063018
0.061504
0.066276
0.062980
0.063153
0.063282
0.063540
0.060982
0.062854
0.061615
0.063322
0.062313
0.061357
0.072286
0.063498
0.063861
0.063444
0.067601
0.063004
0.062639
0.062466
0.060613
0.066096
0.066319
0.061400
0.063440
0.061570
0.063241
0.063238
0.063562
0.065544
0.066821
0.066621
0.074875
0.063550
0.061535
0.063153
0.064805
0.061138
0.062587
0.062703
0.061374
0.063472
0.064234
0.065686
0.061527
0.063634
0.063108
0.063224
0.063097
0.065447
0.063573
0.063615
0.074423
0.062155
0.062586
0.063323
0.063801
0.062862
0.062586
0.061397
0.063075
0.062850
0.061792
0.063269
0.063027
0.060893
0.062709
0.063084
0.064736
0.063181
0.067463
0.062720
0.074259
0.062724
0.060810
0.063382
0.062917
0.062983
0.063149
0.062909
0.063689
0.064433
0.063397
0.064246
0.063695
0.063253
0.060608
0.063814
0.061169
0.063124
0.063818
0.061063
0.074191
0.063563
0.064420
0.063005
0.064032
0.061166
0.063024
0.065972
0.063091
0.062933
0.063279
0.063016
0.062723
0.063281
0.063257
0.062707
0.064066
0.063783
0.065484
0.061813
0.072807
0.065470
0.063833
0.063644
0.061400
0.063142
0.061267
0.061452
0.064237
0.061779
0.063651
0.065620
0.061993
0.063880
0.065609
0.063562
0.061285
0.064036
0.063506
0.061488
0.075075
0.063682
0.061283
0.062819
0.063244
0.063778
0.063132
0.062176
0.064962
0.065158
0.065057
0.065023
0.065367
0.065212
0.065040
0.064741
0.064780
0.064996
0.066335
0.064912
0.074975
0.065012
0.064904
0.064593
0.062463
0.064596
0.065823
0.065403
0.064597
0.062532
0.065169
0.065019
0.065607
0.064906
0.065108
0.065259
0.064738
0.065386
0.065486
0.063533
0.075973
0.064539
0.064447
0.063795
0.065859
0.065913
0.064393
0.064360
0.065302
0.062326
0.064533
0.064803
0.064348
0.064135
0.064131
0.064587
0.064299
0.065298
0.065584
0.064682
0.076492
0.064687
0.064879
0.063550
0.064375
0.063184
0.062951
0.062802
0.063096
0.062822
0.063440
0.064588
0.063387
0.063570
0.062841
0.063130
0.063184
0.062619
0.062746
0.066357
0.073519
0.063094
0.062822
0.064194
0.064195
0.063258
0.061175
0.063041
0.063082
0.061861
0.063886
0.060761
0.062775
0.063157
0.063332
0.061391
0.063842
0.062122
0.062292
0.063088
0.074065
0.062706
0.062931
0.063813
0.063521
0.062653
0.060774
0.062974
0.060737
0.063757
0.062940
0.064298
0.063203
0.062807
0.063097
0.062390
0.064658
0.063001
0.062577
0.043455
0.074357
0.063256
0.063834
0.066576
0.061276
0.066049
0.063120
0.062794
0.062581
0.064212
0.063022
0.062630
0.062980
0.063595
0.063204
0.064180
0.062897
0.060824
0.063914
0.060875
0.073853
0.062526
0.062886
0.063306
0.063046
0.061180
0.061316
0.062880
0.061086
0.063170
0.062843
0.063003
0.062205
0.063232
0.060393
0.063988
0.062566
0.060680
0.062626
0.063111
0.071925
0.063040
0.063165
0.064177
0.064110
0.067767
0.061835
0.066610
0.062838
0.063349
0.061180
0.063079
0.062973
0.062298
0.063266
0.063043
0.065666
0.063231
0.063267
0.064681
0.075249
0.064047
0.063293
0.063403
0.061034
0.062463
0.062665
0.063884
0.060799
0.062812
0.063066
0.062991
0.064868
0.061120
0.061741
0.062917
0.062525
0.062647
0.042992
0.060716
0.074934
0.063445
0.063235
0.063107
0.062975
0.062690
0.063978
0.063887
0.061002
0.060640
0.062753
0.060721
0.060273
0.062561
0.063197
0.061971
0.062922
0.063078
0.062467
0.063622
0.075942
0.063696
0.063366
0.063371
0.061625
0.063415
0.063643
0.062885
0.063276
0.063547
0.061260
0.062752
0.062517
0.064119
0.062314
0.060685
0.062878
0.062708
0.060416
0.060906
0.074830
0.063125
0.061359
0.063395
0.063385
0.063561
0.064639
0.064329
0.063308
0.062977
0.063735
0.063214
0.062966
0.060902
0.062054
0.062792
0.062412
0.062594
0.062866
0.061787
0.075916
0.064517
0.063257
0.061668
0.063023
0.062959
0.061149
0.062907
0.061319
0.063256
0.063379
0.063013
0.064080
0.062936
0.064226
0.062987
0.063781
0.062427
0.062953
0.063582
0.074634
0.063010
0.063090
0.063190
0.062982
0.062872
0.063303
0.065808
0.063597
0.064551
0.063563
0.065127
0.063600
0.063125
0.062778
0.062909
0.062793
0.063034
0.061659
0.061057
0.074708
0.063140
0.060991
0.063143
0.063670
0.062876
0.062912
0.063271
0.061441
0.063366
0.063296
0.064088
0.063508
0.063280
0.062416
0.063741
0.063099
0.063738
0.063256
0.061944
0.074596
0.062967
0.063430
0.063133
0.063465
0.063311
0.063056
0.063726
0.063123
0.060653
0.063887
0.063116
0.063156
0.063301
0.063159
0.062959
