0.089352
0.152586
0.062196
0.060818
0.061977
0.061512
0.059688
0.060202
0.061000
0.062276
0.062387
0.062706
0.061409
0.062424
0.060950
0.061116
0.059901
0.062402
0.061547
0.061434
0.073949
0.059292
0.059323
0.059531
0.061821
0.060255
0.062835
0.039626
0.040237
0.060532
0.060383
0.060641
0.062889
0.062529
0.062393
0.061764
0.061924
0.062332
0.062879
0.062015
0.076710
0.063198
0.063444
0.065146
0.063827
0.064184
0.070804
0.061715
0.063942
0.063912
0.063105
0.062225
0.063750
0.063980
0.065096
0.064615
0.069122
0.065379
0.064741
0.063371
0.076770
0.067492
0.064588
0.063933
0.065658
0.063484
0.064615
0.064946
0.064621
0.064796
0.064618
0.068824
0.064442
0.064157
0.064691
0.064014
0.064462
0.064255
0.064233
0.064084
0.075935
0.063921
0.064827
0.064584
0.064342
0.064086
0.064704
0.064614
0.064488
0.063674
0.064322
0.061753
0.064253
0.064648
0.064875
0.063724
0.065328
0.063756
0.064089
0.063778
0.075704
0.062276
0.064442
0.064053
0.063706
0.063630
0.063329
0.064389
0.063922
0.063385
0.064150
0.064015
0.064116
0.064590
0.064704
0.064294
0.064185
0.064211
0.063749
0.063697
0.076682
0.063280
0.064341
0.063669
0.064736
0.064096
0.064734
0.063277
0.063678
0.064117
0.063901
0.063168
0.064726
0.063842
0.064685
0.063912
0.065720
0.063310
0.063896
0.064409
0.075252
0.063737
0.064703
0.064011
0.064003
0.063653
0.063875
0.063614
0.064133
0.063187
0.064536
0.063425
0.065812
0.064685
0.063698
0.063010
0.063516
0.062949
0.064068
0.063172
0.074873
0.063002
0.064229
0.064054
0.063664
0.061701
0.063996
0.063207
0.064578
0.064019
0.064591
0.065251
0.064166
0.063911
0.065268
0.064835
0.065260
0.063621
0.065636
0.063433
0.075824
0.064296
0.064359
0.063111
0.064696
0.061974
0.062418
0.062041
0.062434
0.062572
0.063328
0.060555
0.062932
0.061943
0.062284
0.063379
0.062324
0.039277
0.062510
0.061425
0.067457
0.061689
0.062134
0.062371
0.042395
0.042382
0.041837
0.041203
0.062231
0.041220
0.042133
0.041394
0.041551
0.041029
0.041447
0.040738
0.041452
0.040670
0.041327
0.061547
0.047439
0.041463
0.043687
0.044411
0.044882
0.041157
0.045583
0.041049
0.044889
0.041202
0.041547
0.041574
0.062040
0.068978
0.063041
0.063055
0.063900
0.063518
0.064245
0.062610
0.074196
0.062949
0.060752
0.061773
0.063299
0.061635
0.062897
0.061855
0.062870
0.062081
0.063112
0.062920
0.063625
0.062294
0.062711
0.062301
0.062745
0.061316
0.062481
0.062388
0.074233
0.062028
0.061888
0.062934
0.062791
0.064111
0.062492
0.061568
0.062504
0.059776
0.062953
0.061123
0.065206
0.062950
0.064387
0.066486
0.063430
0.065865
0.068193
0.065389
0.072472
0.063587
0.068132
0.062759
0.063744
0.070680
0.068020
0.069916
0.063049
0.060292
0.067824
0.046305
0.064234
0.062294
0.063558
0.065017
0.066248
0.061795
0.065909
0.041103
0.075432
0.059729
0.062004
0.061436
0.061616
0.061120
0.061605
0.061280
0.064646
0.064691
0.062554
0.062028
0.062760
0.061923
0.063082
0.061598
0.061624
0.060673
0.063162
0.061361
0.074626
0.128863
0.104951
0.059628
0.060994
0.061964
0.060729
0.060141
0.066563
0.067743
0.065459
0.063293
0.066311
0.063793
0.060368
0.061225
0.063833
0.060879
0.061983
0.062017
0.072976
0.062313
0.062350
0.061996
0.041240
0.060319
0.069967
0.070587
0.065004
0.043928
0.042765
0.043622
0.042260
0.043251
0.042532
0.018931
0.023401
0.022511
0.063164
0.065778
0.047964
0.041490
0.042403
0.040697
0.043612
0.042392
0.043244
0.042013
0.044684
0.043463
0.042136
0.042263
0.044076
0.042132
0.048092
0.042617
0.042518
0.044227
0.042939
0.042063
0.047824
0.042055
0.044483
0.042909
0.042570
0.042295
0.042351
0.041681
0.042233
0.041929
0.042625
0.042417
0.043330
0.042196
0.042810
0.042485
0.043080
0.042127
0.042647
0.042209
0.053281
0.043915
0.042766
0.042612
0.044221
0.043072
0.042965
0.042794
0.042411
0.045408
0.045802
0.042124
0.042910
0.042917
0.043197
0.043426
0.043025
0.042051
0.042605
0.042548
0.049507
0.042370
0.043689
0.042719
0.042655
0.042189
0.042778
0.042959
0.042761
0.040004
0.043359
0.042373
0.042745
0.042188
0.042685
0.042495
0.043688
0.042574
0.044269
0.043493
0.046448
0.041183
0.041521
0.041187
0.041449
0.039861
0.041632
0.041118
0.041843
0.039984
0.044266
0.042385
0.042957
0.040131
0.042715
0.042242
0.042125
0.040705
0.041189
0.041469
0.047406
0.041229
0.043767
0.042518
0.042799
0.042638
0.043725
0.042615
0.041855
0.041991
0.043357
0.040053
0.041804
0.041298
0.042177
0.043926
0.042497
0.042011
0.042180
0.040381
0.049464
0.041205
0.041556
0.040876
0.066314
0.061255
0.066700
0.065583
0.065992
0.063896
0.067618
0.067634
0.063183
0.063700
0.067440
0.066268
0.066235
0.067923
0.067653
0.070305
0.074187
0.065660
0.063705
0.062481
0.064657
0.063290
0.063989
0.066529
0.060253
0.061093
0.062798
0.062302
0.064188
0.062267
0.062898
0.062855
0.062938
0.066979
0.063299
0.061948
0.073946
0.062305
0.064983
0.043248
