0.100208
0.062570
0.061398
0.063254
0.063092
0.065511
0.061871
0.065435
0.065549
0.063720
0.063368
0.063600
0.063525
0.065354
0.064060
0.063212
0.065219
0.065009
0.063402
0.065044
0.072707
0.064538
0.064316
0.062763
0.062551
0.064633
0.063870
0.062901
0.064675
0.062841
0.061563
0.065163
0.065021
0.063088
0.063126
0.061416
0.061658
0.042404
0.040626
0.041759
0.048954
0.040550
0.040642
0.042407
0.040854
0.040428
0.042284
0.042147
0.040402
0.044093
0.065987
0.064064
0.064584
0.065248
0.063429
0.046196
0.065611
0.064549
0.065311
0.065150
0.074589
0.063473
0.063291
0.064251
0.063583
0.061487
0.063724
0.063834
0.062279
0.061963
0.065552
0.065318
0.065336
0.063187
0.062752
0.066412
0.063318
0.063174
0.068530
0.066724
0.075179
0.064466
0.065360
0.063819
0.064089
0.064611
0.066707
0.064405
0.063962
0.063432
0.066267
0.062419
0.061832
0.062838
0.062220
0.062119
0.063724
0.063902
0.062870
0.063499
0.075533
0.064240
0.062066
0.064312
0.063969
0.065875
0.067248
0.063952
0.065056
0.064331
0.065554
0.064832
0.065807
0.065535
0.063339
0.065479
0.065714
0.063803
0.064959
0.064991
0.074724
0.065637
0.063716
0.065786
0.063572
0.063630
0.065103
0.064290
0.064949
0.063462
0.065878
0.065367
0.062811
0.064772
0.065042
0.063301
0.064729
0.064669
0.064786
0.064866
0.076138
0.063426
0.065345
0.066501
0.063112
0.063183
0.063241
0.063900
0.065546
0.063337
0.063239
0.065576
0.063225
0.064120
0.065277
0.063638
0.064288
0.066870
0.063764
0.064167
0.073280
0.065461
0.062063
0.062577
0.060626
0.062502
0.060145
0.062226
0.063869
0.062360
0.061755
0.062886
0.060580
0.061921
0.059783
0.062279
0.061993
0.062316
0.062267
0.061709
0.075135
0.065402
0.062837
0.060537
0.063194
0.062840
0.062662
0.062631
0.062786
0.060677
0.060956
0.062458
0.060359
0.060665
0.063440
0.062351
0.063768
0.062697
0.062806
0.060722
0.072349
0.063067
0.061286
0.060553
0.062799
0.063067
0.062399
0.061336
0.062777
0.063379
0.061132
0.062695
0.063006
0.060830
0.062820
0.061010
0.060607
0.062318
0.062434
0.060658
0.074823
0.063652
0.063203
0.062733
0.060735
0.061107
0.062415
0.065204
0.065176
0.064980
0.063085
0.065130
0.065721
0.063789
0.062973
0.065202
0.064842
0.062515
0.064933
0.064005
0.074260
0.062762
0.064806
0.065319
0.065300
0.064909
0.065305
0.063586
0.063299
0.062697
0.060866
0.063613
0.061023
0.062738
0.060662
0.062530
0.062504
0.064210
0.061294
0.065332
0.069401
0.063523
0.066805
0.061659
0.061012
0.065689
0.066108
0.064365
0.062938
0.063914
0.065394
0.062124
0.060296
0.062479
0.062032
0.060182
0.060591
0.062243
0.062202
0.060522
0.074123
0.063746
0.064391
0.063943
0.062912
0.060999
0.063025
0.062996
0.064305
0.063336
0.061463
0.061255
0.063604
0.061396
0.062936
0.063518
0.064544
0.061327
0.064347
0.063769
0.073604
0.063369
0.063272
0.060839
0.062843
0.062566
0.063081
0.063147
0.061789
0.061038
0.063259
0.063661
0.061991
0.063329
0.063069
0.060889
0.063423
0.062800
0.063021
0.061086
0.072155
0.061636
0.061022
0.061551
0.061347
0.062842
0.062861
0.060895
0.061358
0.061342
0.061710
0.063856
0.061190
0.061496
0.062549
0.063393
0.061288
0.063860
0.061081
0.063062
0.072526
0.061123
0.061005
0.061705
0.063119
0.063072
0.063711
0.065455
0.063121
0.065338
0.062478
0.062318
0.062281
0.062312
0.064194
0.064243
0.064565
0.062592
0.062732
0.063664
0.076632
0.064561
0.060577
0.062426
0.062240
0.065048
0.064380
0.063082
0.062566
0.062392
0.062601
0.062600
0.061778
0.063381
0.061076
0.061104
0.061069
0.063151
0.064969
0.065558
0.074841
0.063155
0.065265
0.062943
0.066149
0.065554
0.062991
0.065406
0.062944
0.064873
0.065161
0.065127
0.063649
0.065359
0.065683
0.063069
0.065113
0.066794
0.063667
0.064661
0.076603
0.063270
0.063239
0.063396
0.065489
0.064728
0.065148
0.064996
0.065031
0.063894
0.062849
0.064310
0.062262
0.064767
0.062650
0.064835
0.062880
0.065567
0.062756
0.064385
0.075927
0.068651
0.063032
0.064465
0.062186
0.062328
0.062757
0.068070
0.063037
0.065089
0.062921
0.064815
0.065159
0.065423
0.063462
0.062998
0.062198
0.064513
0.062403
0.064453
0.076397
0.062682
0.065064
0.060878
0.064835
0.063423
0.060988
0.061770
0.063372
0.064307
0.063968
0.067580
0.064421
0.065612
0.067859
0.062206
0.061509
0.064408
0.064873
0.065838
0.075810
0.066071
0.064828
0.064707
0.061939
0.064888
0.060912
0.063460
0.061189
0.063043
0.060975
0.060939
0.064067
0.063034
0.061352
0.063019
0.058957
0.060219
0.060662
0.060501
0.074111
0.060498
0.063801
0.059305
0.060837
0.061682
0.063050
0.060861
0.061333
0.062968
0.062725
0.060431
0.062513
0.062582
0.061581
0.063298
0.063260
0.061310
0.061542
0.063082
0.071967
0.063627
0.062603
0.060562
0.062022
0.062141
0.060683
0.060365
0.062648
0.060308
0.063539
0.064130
0.062181
0.062685
0.063738
0.061641
0.060961
0.062502
0.064393
0.062865
0.073326
0.060338
0.062576
0.063364
0.062691
0.061725
0.061050
0.062954
0.061022
0.062961
0.062833
0.063184
0.062509
0.062964
0.060838
0.062710
0.063944
0.064693
0.063658
0.063312
0.075697
0.062698
0.063083
0.063313
0.062837
0.064871
0.062521
0.062579
0.065481
0.069195
0.062106
0.064289
0.064119
0.061955
0.062437
0.065924
0.062070
0.064858
0.065925
0.065772
0.077556
0.064354
0.065188
0.065728
0.062818
0.063078
0.063892
0.064262
0.066184
0.066096
0.066439
0.064198
0.065944
0.065037
0.066186
0.064070
0.065789
0.062147
0.062212
0.065434
0.075593
0.062289
0.062329
0.064360
0.062256
0.062926
0.064615
0.064277
0.062162
0.063594
0.061593
0.064225
0.062116
0.063895
0.064099
0.062146
0.062046
0.066409
0.063534
0.064229
0.073355
0.064189
0.063696
0.064447
0.063673
0.061512
0.063681
0.061872
0.063967
0.064726
0.063699
0.060866
0.060022
0.063048
0.063597
0.063924
0.063859
0.063670
0.063699
0.061753
0.075105
0.064004
0.061728
0.064045
0.062343
0.063706
0.062084
0.062063
0.064795
0.062032
0.064019
0.063981
0.061916
0.063743
0.062282
0.061967
0.064655
0.061453
0.063289
0.061476
0.077669
0.065519
0.065190
0.065603
0.063391
0.063553
0.064504
0.065176
0.063533
0.064554
0.065416
0.063110
0.067016
0.063029
0.068217
