0.107171
0.063107
0.062738
0.061834
0.061764
0.063613
0.063800
0.063712
0.062379
0.064416
0.062364
0.064505
0.064572
0.064490
0.066382
0.064603
0.061909
0.061494
0.063874
0.062126
0.074973
0.063163
0.062195
0.063429
0.062995
0.062559
0.060810
0.064046
0.063068
0.064314
0.062688
0.063227
0.063389
0.064378
0.063663
0.063635
0.063677
0.063898
0.063648
0.063720
0.075182
0.061540
0.065004
0.063843
0.063195
0.062920
0.064179
0.063103
0.063388
0.061692
0.063978
0.063863
0.065607
0.063611
0.063514
0.064775
0.063730
0.063394
0.042964
0.064395
0.049040
0.063410
0.061057
0.063068
0.062727
0.064189
0.063095
0.063301
0.061242
0.064707
0.064415
0.063277
0.064391
0.063174
0.062517
0.062887
0.060970
0.062872
0.063246
0.042954
0.072781
0.063348
0.063048
0.064118
0.062958
0.063583
0.061046
0.062778
0.062725
0.063319
0.062918
0.060915
0.063682
0.062969
0.042339
0.042029
0.041909
0.063894
0.061878
0.064808
0.075094
0.062162
0.063297
0.063017
0.062717
0.068076
0.063278
0.063013
0.061482
0.066272
0.062975
0.063149
0.063277
0.063536
0.060977
0.062850
0.061610
0.063318
0.062308
0.061352
0.072281
0.063493
0.063857
0.063440
0.067593
0.063000
0.062635
0.062461
0.060593
0.066091
0.066314
0.061395
0.063435
0.061566
0.063237
0.063233
0.063558
0.065539
0.066817
0.066616
0.074870
0.063546
0.061531
0.063148
0.064801
0.061133
0.062583
0.062698
0.061355
0.063468
0.064229
0.065682
0.061522
0.063630
0.063104
0.063220
0.063093
0.065442
0.063569
0.063611
0.074418
0.062150
0.062582
0.063318
0.063797
0.062858
0.062581
0.061393
0.063070
0.062846
0.061788
0.063265
0.063005
0.060889
0.062705
0.063081
0.064731
0.063176
0.067459
0.062716
0.074255
0.062720
0.060805
0.063377
0.062912
0.062979
0.063145
0.062905
0.063684
0.064428
0.063392
0.064242
0.063691
0.063249
0.060604
0.063809
0.061165
0.063119
0.063814
0.061059
0.074176
0.063558
0.064415
0.063001
0.064028
0.061162
0.063020
0.065968
0.063086
0.062928
0.063274
0.063011
0.062716
0.063276
0.063253
0.062702
0.064062
0.063779
0.065478
0.061809
0.072803
0.065465
0.063828
0.063640
0.061395
0.063137
0.061263
0.061447
0.064232
0.061775
0.063647
0.065615
0.061973
0.063875
0.065604
0.063557
0.061281
0.064032
0.063502
0.061484
0.075070
0.063678
0.061278
0.062814
0.063240
0.063773
0.063127
0.062171
0.064957
0.065154
0.065053
0.065019
0.065362
0.065207
0.065035
0.064737
0.064775
0.064992
0.066331
0.064907
0.074971
0.065008
0.064899
0.064589
0.062458
0.064592
0.065819
0.065398
0.064575
0.062528
0.065165
0.065014
0.065602
0.064902
0.065102
0.065254
0.064733
0.065381
0.065481
0.063528
0.075968
0.064535
0.064442
0.063791
0.065854
0.065908
0.064388
0.064356
0.065298
0.062322
0.064529
0.064799
0.064344
0.064131
0.064126
0.064583
0.064294
0.065293
0.065580
0.064678
0.076487
0.064682
0.064875
0.063545
0.064370
0.063179
0.062946
0.062798
0.063076
0.062818
0.063434
0.064584
0.063383
0.063565
0.062837
0.063125
0.063179
0.062615
0.062742
0.066352
0.073515
0.063089
0.062817
0.064189
0.064191
0.063251
0.061171
0.063035
0.063078
0.061857
0.063882
0.060756
0.062771
0.063153
0.063328
0.061387
0.063838
0.062117
0.062288
0.063084
0.074060
0.062702
0.062926
0.063808
0.063517
0.062649
0.060770
0.062970
0.060733
0.063752
0.062936
0.064293
0.063181
0.062803
0.063093
0.062385
0.064654
0.062996
0.062572
0.043451
0.074353
0.063252
0.063830
0.066572
0.061271
0.066045
0.063112
0.062790
0.062577
0.064207
0.063018
0.062626
0.062976
0.063591
0.063200
0.064176
0.062893
0.060820
0.063909
0.060871
0.073849
0.062522
0.062882
0.063301
0.063041
0.061175
0.061311
0.062875
0.061082
0.063166
0.062838
0.062998
0.062201
0.063228
0.060389
0.063984
0.062562
0.060674
0.062622
0.063106
0.071920
0.063035
0.063161
0.064173
0.064106
0.067762
0.061830
0.066606
0.062834
0.063344
0.061176
0.063075
0.062968
0.062294
0.063262
0.063038
0.065662
0.063226
0.063262
0.064676
0.075241
0.064042
0.063289
0.063399
0.061030
0.062458
0.062660
0.063879
0.060795
0.062808
0.063061
0.062986
0.064863
0.061116
0.061737
0.062912
0.062520
0.062642
0.042988
0.060712
0.074930
0.063441
0.063231
0.063102
0.062971
0.062686
0.063974
0.063883
0.060998
0.060636
0.062749
0.060716
0.060269
0.062557
0.063193
0.061967
0.062901
0.063074
0.062462
0.063617
0.075938
0.063692
0.063362
0.063368
0.061621
0.063410
0.063638
0.062881
0.063272
0.063543
0.061255
0.062747
0.062513
0.064114
0.062309
0.060681
0.062873
0.062703
0.060411
0.060900
0.074825
0.063121
0.061355
0.063391
0.063381
0.063557
0.064634
0.064325
0.063304
0.062973
0.063731
0.063210
0.062961
0.060898
0.062049
0.062788
0.062407
0.062590
0.062862
0.061782
0.075912
0.064512
0.063252
0.061664
0.063019
0.062955
0.061145
0.062903
0.061315
0.063252
0.063375
0.063009
0.064075
0.062931
0.064222
0.062982
0.063777
0.062423
0.062949
0.063578
0.074617
0.063005
0.063086
0.063185
0.062977
0.062868
0.063299
0.065803
0.063593
0.064547
0.063559
0.065122
0.063595
0.063121
0.062774
0.062905
0.062788
0.063030
0.061655
0.061053
0.074703
0.063136
0.060986
0.063139
0.063666
0.062871
0.062908
0.063267
0.061436
0.063361
0.063292
0.064084
0.063504
0.063276
0.062411
0.063737
0.063094
0.063734
0.063251
0.061939
0.074591
0.062963
0.063426
0.063128
0.063461
0.063306
0.063051
0.063722
0.063118
0.060649
0.063883
0.063112
0.063152
0.063298
0.063155
0.062955
