0.098873
0.063429
0.060487
0.060411
0.062670
0.064111
0.062824
0.063056
0.063268
0.062681
0.062506
0.062153
0.062178
0.062361
0.061563
0.062694
0.060542
0.060848
0.063150
0.061295
0.071523
0.063135
0.060452
0.062576
0.062519
0.060637
0.060452
0.063311
0.062080
0.059786
0.062187
0.059957
0.063475
0.062562
0.063227
0.060260
0.060303
0.062528
0.062179
0.062920
0.072794
0.062089
0.060216
0.062094
0.060669
0.064160
0.061452
0.063493
0.060639
0.062756
0.062527
0.063553
0.060913
0.062857
0.062952
0.062827
0.060740
0.062633
0.062691
0.063693
0.075886
0.062407
0.060112
0.062391
0.062757
0.062806
0.062930
0.060198
0.063207
0.060164
0.062517
0.060237
0.062309
0.064619
0.062434
0.062752
0.060660
0.062493
0.060717
0.060594
0.071914
0.060498
0.060571
0.062535
0.062451
0.060212
0.064157
0.062709
0.065259
0.063032
0.060634
0.063159
0.060672
0.063228
0.062375
0.061808
0.060262
0.060014
0.060042
0.060508
0.074787
0.062001
0.059899
0.059913
0.061908
0.062101
0.062296
0.060107
0.062402
0.062955
0.062720
0.062698
0.063721
0.061064
0.061789
0.062548
0.062611
0.059966
0.062047
0.062601
0.071458
0.062099
0.062478
0.062617
0.060620
0.063507
0.062499
0.063952
0.060647
0.060467
0.062136
0.062170
0.060511
0.062630
0.062252
0.062293
0.062623
0.062578
0.062501
0.062814
0.073485
0.063727
0.060875
0.062820
0.062749
0.063371
0.062596
0.062573
0.062669
0.062081
0.061992
0.061330
0.064004
0.062842
0.064324
0.063931
0.063259
0.062889
0.063904
0.062699
0.073874
0.062423
0.062478
0.060488
0.062197
0.062598
0.060758
0.060914
0.062454
0.060858
0.064035
0.064438
0.062839
0.062767
0.062755
0.062823
0.062622
0.061360
0.060703
0.065949
0.073989
0.064258
0.066558
0.063073
0.061636
0.063040
0.060814
0.062888
0.060639
0.061925
0.066034
0.066126
0.060627
0.065747
0.064307
0.065174
0.062866
0.060804
0.062588
0.062882
0.071727
0.062201
0.060151
0.061489
0.063038
0.060968
0.060892
0.060374
0.063268
0.061314
0.064661
0.060970
0.060869
0.062618
0.060909
0.062505
0.062391
0.062034
0.060361
0.062532
0.072250
0.062921
0.062061
0.064201
0.063600
0.060989
0.060791
0.062884
0.062867
0.063000
0.061182
0.062588
0.063515
0.062071
0.062705
0.063250
0.064784
0.061126
0.061034
0.063067
0.072263
0.060886
0.063245
0.064276
0.061377
0.062932
0.060767
0.063772
0.064222
0.065186
0.061422
0.063205
0.061391
0.063052
0.060791
0.063037
0.061629
0.063171
0.060948
0.063010
0.074181
0.061063
0.063934
0.061956
0.062481
0.064347
0.062857
0.062695
0.060095
0.060906
0.060285
0.060336
0.062197
0.062074
0.062411
0.063907
0.063064
0.061526
0.061088
0.061572
0.071698
0.062918
0.066622
0.062855
0.063771
0.064490
0.063118
0.061186
0.063252
0.066286
0.064888
0.065975
0.062543
0.060834
0.062440
0.061971
0.062821
0.062859
0.062866
0.062897
0.073967
0.063055
0.061024
0.064840
0.061255
0.062387
0.062345
0.060290
0.062349
0.062718
0.060719
0.062897
0.062479
0.061946
0.063336
0.060760
0.062614
0.062283
0.061472
0.063118
0.072153
0.064025
0.066924
0.061630
0.063756
0.061668
0.061756
0.062019
0.064069
0.062324
0.064003
0.063350
0.064452
0.062047
0.062572
0.064353
0.063958
0.062029
0.063899
0.062019
0.073830
0.064712
0.062579
0.062471
0.066103
0.062438
0.062289
0.064952
0.063982
0.063869
0.063779
0.061283
0.063835
0.063865
0.061517
0.061449
0.063454
0.064064
0.064886
0.063591
0.075923
0.063386
0.063203
0.061375
0.061371
0.064808
0.064344
0.062234
0.061904
0.063745
0.064516
0.063456
0.062560
0.063336
0.062478
0.064394
0.063965
0.063726
0.063909
0.061627
0.073549
0.061862
0.063710
0.063752
0.061630
0.065014
0.065222
0.063509
0.061413
0.063457
0.063573
0.061545
0.063796
0.061736
0.064321
0.064054
0.062101
0.062070
0.065251
0.063774
0.073422
0.063836
0.063813
0.061653
0.063634
0.064279
0.063347
0.061668
0.062059
0.062078
0.062322
0.062013
0.066844
0.061608
0.061821
0.061550
0.061754
0.061672
0.061757
0.064259
0.075396
0.062126
0.064388
0.061943
0.064086
0.064220
0.062067
0.062100
0.063608
0.061666
0.064068
0.062339
0.064055
0.063864
0.064093
0.062521
0.062478
0.062515
0.064316
0.063963
0.075658
0.064285
0.068785
0.067508
0.064937
0.065680
0.064325
0.062309
0.062131
0.062071
0.064172
0.062502
0.063521
0.064234
0.063729
0.063414
0.063437
0.064906
0.062058
0.064394
0.073864
0.062300
0.063874
0.065247
0.062460
0.063408
0.062408
0.061644
0.062075
0.064307
0.063229
0.062307
0.061927
0.064014
0.062185
0.064122
0.064499
0.062500
0.064102
0.065478
0.075089
0.063452
0.063684
0.061894
0.061601
0.062078
0.061812
0.061668
0.061819
0.065756
0.064164
0.067118
0.064127
0.062307
0.063825
0.063565
0.064424
0.061761
0.063540
0.063507
0.075041
0.061973
0.065152
0.064054
0.061929
0.065666
0.064821
0.064369
0.064620
0.067379
0.067870
0.065156
0.062001
0.061962
0.065219
0.065876
0.065181
0.063887
0.065010
0.066698
0.068917
0.068100
0.063750
0.062064
0.061503
0.061919
0.067019
0.067337
0.067341
0.065167
0.066988
0.067214
0.068312
0.063980
0.062523
0.061919
0.061761
0.061881
0.065145
0.067123
0.073434
0.067721
0.064342
0.067525
0.065578
0.067409
0.062529
0.061198
0.061133
0.066167
0.062958
0.062696
0.066095
0.064492
0.063716
0.065229
0.066083
0.065767
0.066645
0.065144
0.071309
0.062159
0.065510
0.064899
0.067840
0.065067
0.066141
0.063572
0.064980
0.065911
0.060363
0.060737
0.064615
0.060511
0.062351
0.062147
0.060182
0.061861
0.061842
0.063066
0.073657
0.062345
0.062601
0.060382
0.060585
0.062986
0.060568
0.062158
0.060157
0.061705
0.061482
0.061479
0.064229
0.065553
0.062210
0.062148
0.062200
0.062855
0.063060
0.062265
0.073876
0.062347
0.062326
0.061980
0.062288
0.062269
0.060783
0.060983
0.064041
0.062919
0.062946
0.063947
0.061546
0.064541
0.061751
0.061917
0.063802
0.061978
0.063298
0.063956
0.075262
0.063877
0.063748
0.061757
0.064170
0.061738
0.062874
0.062437
0.061959
0.062024
0.061896
0.065192
0.063878
0.063895
0.063842
0.061996
0.063769
0.063735
0.063970
0.063741
0.076460
0.063914
0.063804
0.063786
0.062509
0.061867
0.061770
0.061985
0.061790
0.061667
0.062028
0.062127
0.061914
0.063564
0.064216
0.061713
0.061676
0.063192
0.064268
0.062276
0.073755
0.064260
0.065013
0.064787
0.062812
0.064529
0.064621
0.066073
0.064659
0.064539
0.063090
0.062528
0.062486
0.062917
0.064384
0.064030
0.062178
0.064113
0.062060
0.061987
0.076697
0.064425
0.064283
0.065462
0.062383
0.064175
0.062408
0.062219
0.063979
0.064645
0.062284
0.063757
0.063697
0.062125
0.062778
0.064216
0.063664
0.064863
0.065068
0.064777
0.075317
0.064668
0.063096
0.062214
0.065561
0.064204
0.062129
0.065127
0.062157
0.062148
0.063563
0.063594
0.063633
0.063666
0.063809
0.064267
0.064997
0.061921
0.063917
0.061797
0.074191
0.063195
0.062050
0.061833
0.063976
0.063657
0.062007
0.063821
0.065134
0.063979
0.063922
0.063857
0.063668
0.063618
0.063564
0.063741
0.063193
0.061296
0.063187
0.063419
0.074636
0.064785
0.063134
0.061111
0.063584
0.063626
0.061163
0.065138
0.063230
0.061645
0.062428
0.062644
0.063277
0.060704
0.063562
0.062440
0.062437
0.062427
0.060190
0.062107
0.074167
0.062762
0.042695
0.042310
0.042285
0.042187
0.042391
0.042082
0.042042
0.041206
0.042544
0.042217
0.042359
0.042274
0.042161
0.042233
0.042240
0.040709
0.043048
0.042230
0.048428
0.042305
0.042631
0.040956
0.063260
0.066344
0.065104
0.064853
0.061027
0.069709
0.061484
0.061453
0.063071
0.064634
0.067389
0.063382
0.063473
0.063432
0.066356
0.066969
0.074562
0.061012
0.062877
0.062951
0.063036
0.065325
0.063820
0.065179
0.063511
0.066843
0.063499
0.062498
0.063538
0.061055
0.066664
0.061624
0.063193
0.063619
0.064405
0.064909
0.077144
0.063663
0.063156
0.063623
0.067053
0.063248
0.063232
0.062953
0.063067
0.063659
0.062136
0.068908
0.060255
0.066316
0.064753
0.069404
0.063025
0.061188
0.066318
0.063761
0.072715
0.064419
0.062760
0.061567
0.063488
0.066137
0.061127
0.064706
0.060740
0.060622
0.063706
0.064078
0.063853
0.066334
0.064163
0.062546
0.064184
0.061404
0.062906
0.060727
0.074135
0.063284
0.061056
0.066759
0.060228
0.063117
0.065274
0.063632
0.061978
0.060980
0.061525
0.061729
0.061866
0.063408
0.068697
0.063678
0.067581
0.061721
0.063619
0.063533
0.072854
0.061782
0.062310
0.062936
0.062389
0.062309
0.039939
0.041754
0.040859
0.065110
0.063977
0.062799
0.061146
0.063183
0.062765
0.060707
0.063385
0.061894
0.061187
0.062828
0.074526
0.063157
0.062908
0.065307
0.064727
0.066406
0.060799
0.062901
0.066126
0.066616
0.066302
0.066242
0.063128
0.062998
0.062968
0.064519
0.061951
0.063205
0.060804
0.060666
0.073974
0.065860
0.061816
0.062862
0.063220
0.061118
0.063085
0.063121
0.063043
0.065575
0.063109
0.062856
0.062671
0.060423
0.062229
0.063016
0.062464
0.062634
0.063890
0.060972
0.074235
0.063222
0.065896
0.061298
0.063083
0.062858
0.062755
0.062440
0.063172
0.060850
0.062466
0.062271
0.060254
0.062467
0.065616
0.063953
0.064345
0.063542
0.063169
0.063088
0.074308
0.063802
0.063235
0.063058
0.060866
0.063221
0.062932
0.063095
0.063977
0.061587
0.062146
0.061058
0.062763
0.062435
0.063045
0.061334
0.063055
0.060815
0.065636
0.064710
0.074618
0.065520
0.062971
0.063824
0.064598
0.064396
0.062311
0.063544
0.063067
0.062715
0.062815
0.063188
0.063641
0.063400
0.065088
0.061502
0.064390
0.063956
0.062624
0.062590
0.074706
0.062952
0.061021
0.063181
0.063377
0.061622
0.063366
0.064836
0.063564
0.061013
0.064470
0.063369
0.063267
0.063794
0.063342
0.063161
0.063200
0.062591
0.060580
0.062681
0.075174
0.061188
0.062295
0.063243
0.061451
0.062568
0.064098
0.063009
0.060677
0.063167
0.063349
0.063819
0.063594
0.062617
0.063538
0.063546
0.063570
0.062637
0.061243
0.062654
0.072726
0.062963
0.062947
0.062863
0.063254
0.061249
0.063757
0.062440
0.063289
0.063203
0.061314
0.063902
0.060836
0.062068
0.062854
0.060677
0.062521
0.062473
0.060760
0.061060
0.074268
0.062683
0.063553
0.063301
0.063786
0.064028
0.061966
0.063216
0.063456
0.063524
0.061536
0.063415
0.061523
0.063613
0.063205
0.063487
0.061352
0.062894
0.064791
0.061705
0.072407
0.062837
0.062933
0.062427
0.063029
0.062266
0.061894
0.063577
0.061533
0.061075
0.061214
0.063567
0.063220
0.063745
0.061121
0.061580
0.061608
0.061042
0.061990
0.065117
0.074550
0.061458
0.063483
0.061634
0.061091
0.064824
0.061444
0.061255
0.063591
0.061333
0.061344
0.063497
0.062308
0.061538
0.063609
0.061550
0.061101
0.063128
0.061342
0.063229
0.072883
0.061346
0.061146
0.061155
0.061034
0.061880
0.063669
0.062961
0.063198
0.062373
0.061314
0.063802
0.064245
0.064381
0.065601
0.064340
0.062168
0.064368
0.062960
0.062319
0.075435
0.062280
0.063845
0.063761
0.062199
0.062051
0.064573
0.062481
0.063429
0.067119
0.063621
0.065519
0.066562
0.070365
0.061640
0.063782
0.062937
0.065375
0.064151
0.061623
0.074768
0.062072
0.061771
0.068365
0.064050
0.063887
0.067051
0.063774
0.067067
0.061852
0.065113
0.064603
0.065374
0.065386
0.062576
0.064451
0.064908
0.062899
0.064557
0.062489
0.072972
0.064040
0.062037
0.065878
0.067074
0.061933
0.064086
0.062638
0.064053
0.061981
0.062549
0.064256
0.061682
0.063473
0.062322
0.064103
0.065667
0.062407
0.062079
0.063923
0.076445
0.064100
0.062308
0.064449
0.061996
0.062041
0.063832
0.063645
0.063763
0.064175
0.063350
0.061482
0.063326
0.063905
0.062534
0.064196
0.062273
0.063195
0.062059
0.064119
0.075096
0.061936
0.064434
0.064661
0.064446
0.062476
0.064325
0.065500
0.063952
0.062371
0.063810
0.063839
0.061863
0.061917
0.064052
0.065302
0.062386
0.064795
0.064791
0.062395
0.074646
0.064000
0.061475
0.062736
0.061139
0.062650
0.060893
0.060808
0.061766
0.062589
0.061937
0.062788
0.062283
0.060639
0.064111
0.064307
0.061225
0.061249
0.062877
0.060948
0.073955
0.061297
0.062858
0.060992
0.063427
0.062669
0.060769
0.060576
0.062235
0.062728
0.061873
0.062142
0.063883
0.064172
0.061885
0.062120
0.063663
0.061383
0.061342
0.063146
0.072722
0.062239
0.063015
0.063433
0.063889
