0.092964
0.061808
0.063217
0.063239
0.061265
0.062549
0.062662
0.063172
0.063065
0.061136
0.064464
0.063433
0.063123
0.061593
0.063048
0.060802
0.060998
0.060732
0.060960
0.061435
0.072023
0.063055
0.062337
0.064351
0.065660
0.062412
0.062940
0.064475
0.062153
0.064813
0.064264
0.062626
0.065094
0.064302
0.063749
0.064549
0.064014
0.062870
0.065049
0.064838
0.074661
0.063854
0.064389
0.062319
0.062427
0.065130
0.064394
0.064076
0.064036
0.061882
0.064943
0.063255
0.062809
0.064502
0.064227
0.064205
0.064347
0.064338
0.064774
0.064487
0.075659
0.064163
0.063562
0.064740
0.063320
0.062168
0.061834
0.059858
0.060054
0.061957
0.061876
0.060463
0.062083
0.061968
0.062054
0.060000
0.062075
0.061170
0.062569
0.061770
0.073237
0.062481
0.062287
0.061812
0.063368
0.059976
0.059933
0.062084
0.061891
0.062234
0.061921
0.061847
0.062187
0.060167
0.060189
0.062158
0.060316
0.066013
0.060263
0.062328
0.071847
0.062221
0.062632
0.060636
0.060891
0.061830
0.062526
0.060558
0.060319
0.060620
0.060955
0.060476
0.062185
0.063375
0.060150
0.061932
0.062461
0.063169
0.062715
0.061068
0.073523
0.062090
0.062199
0.062461
0.060496
0.062002
0.062254
0.061959
0.060131
0.062211
0.061050
0.062243
0.063250
0.062578
0.060008
0.061644
0.062310
0.062918
0.062361
0.062767
0.073604
0.062292
0.060349
0.063131
0.060499
0.062523
0.064682
0.060964
0.062600
0.063733
0.063348
0.062623
0.063966
0.063492
0.060700
0.060652
0.062973
0.062861
0.062449
0.064379
0.072519
0.060388
0.060490
0.061077
0.060754
0.062510
0.062435
0.062415
0.062504
0.063162
0.062978
0.062111
0.060155
0.064320
0.060803
0.062792
0.063203
0.062339
0.061993
0.062258
0.071525
0.062570
0.063698
0.062948
0.062789
0.061098
0.060700
0.061143
0.062417
0.063537
0.062740
0.060647
0.060540
0.060424
0.060498
0.062694
0.062854
0.062285
0.062648
0.062419
0.075484
0.063061
0.063755
0.062724
0.062650
0.060485
0.062566
0.062614
0.062807
0.061127
0.062538
0.060441
0.062490
0.062383
0.061452
0.062866
0.062132
0.059927
0.061931
0.059932
0.073367
0.060739
0.062816
0.062382
0.062622
0.060363
0.062351
0.061330
0.063672
0.062320
0.062166
0.060563
0.062261
0.060482
0.061105
0.061486
0.060011
0.061531
0.060377
0.059467
0.073143
0.064354
0.062181
0.062009
0.060638
0.062529
0.059801
0.060181
0.060989
0.061539
0.060443
0.060837
0.060475
0.062801
0.063929
0.063183
0.060067
0.060120
0.062550
0.061997
0.073651
0.062780
0.061223
0.060529
0.063022
0.064193
0.064378
0.064517
0.068574
0.063055
0.064783
0.063424
0.064222
0.064626
0.065273
0.062665
0.094280
0.120521
0.111753
0.068312
0.104057
0.112592
0.067499
0.061141
0.084862
0.117664
0.069084
0.059970
0.060644
0.062852
0.063652
0.062034
0.063248
0.060436
0.061233
0.062377
0.059399
0.062220
0.059048
0.061558
0.074497
0.061090
0.062520
0.060338
0.063899
0.064232
0.061188
0.061544
0.063461
0.063974
0.063807
0.062858
0.043118
0.040965
0.040912
0.043499
0.041097
0.049911
0.127092
0.122693
0.082587
0.062838
0.061640
0.060390
0.061998
0.060952
0.062187
0.112576
0.112490
0.060052
0.077952
0.122221
0.086333
0.062450
0.063957
0.061985
0.062244
0.064792
0.060858
0.060142
0.072517
0.059836
0.061216
0.061846
0.061366
0.064311
0.065768
0.059615
0.061372
0.058565
0.061233
0.062357
0.061784
0.061677
0.061465
0.059453
0.064470
0.062907
0.060390
0.063737
0.072102
0.060966
0.060635
0.060540
0.064046
0.060565
0.062378
0.059924
0.062326
0.062527
0.064826
0.060351
0.062659
0.060591
0.060412
0.062076
0.061696
0.062891
0.062437
0.062808
0.073773
0.062400
0.060472
0.061123
0.063129
0.060535
0.060369
0.063603
0.061450
0.061918
0.064245
0.063119
0.064105
0.060875
0.062969
0.063504
0.062849
0.068718
0.062024
0.065188
0.074730
0.061621
0.064011
0.063921
0.062153
0.064900
0.063720
0.063944
0.063714
0.068788
0.062717
0.067060
0.063934
0.063152
0.065771
0.065043
0.064715
0.063528
0.063634
0.063952
0.077313
0.065431
0.063617
0.064995
0.067599
0.064510
0.065013
0.066629
0.063023
0.070265
0.066316
0.065137
0.065259
0.062621
0.066054
0.083127
0.064657
0.063349
0.063329
0.069227
0.074916
0.061940
0.063723
0.062332
0.062620
0.060587
0.060600
0.062453
0.065094
0.062685
0.063545
0.063814
0.063219
0.110726
0.109364
0.061432
0.063256
0.063185
0.062162
0.063679
0.072447
0.062266
0.065659
0.062413
0.060948
0.061379
0.063249
0.061861
0.062578
0.064023
0.062669
0.062228
0.060864
0.065031
0.064715
0.062508
0.065179
0.062224
0.062720
0.062443
0.075180
0.064380
0.060868
0.062137
0.063028
0.075449
0.068383
0.063686
0.063483
0.065518
0.061791
0.063644
0.063488
0.065062
0.062298
0.063301
0.066131
0.063703
0.067105
0.060792
0.073140
0.067626
0.064770
0.061469
0.064339
0.082087
0.066801
0.066007
0.063261
0.062613
0.064410
0.064575
0.065416
0.077210
0.069208
0.062864
0.061626
0.102669
0.067960
0.063116
0.069993
0.061358
0.068652
0.062846
0.066129
0.064088
0.062602
0.062309
0.063794
0.067184
0.063911
0.063351
0.062409
0.063978
0.063396
0.061308
0.063150
0.065212
