0.097152
0.064761
0.063664
0.065970
0.066873
0.065794
0.065670
0.065513
0.064920
0.065389
0.063726
0.065678
0.065892
0.064010
0.067551
0.073243
0.072266
0.073362
0.069193
0.069178
0.071463
0.069294
0.064431
0.064389
0.065912
0.066471
0.066451
0.067431
0.064140
0.066438
0.073429
0.065506
0.067080
0.066948
0.071703
0.065857
0.064474
0.064769
0.064524
0.064878
0.073652
0.068452
0.072990
0.070038
0.077398
0.064475
0.074814
0.065368
0.066407
0.066316
0.065938
0.062567
0.064106
0.065953
0.067334
0.062877
0.073244
0.069646
0.063466
0.061287
0.078825
0.063958
0.064424
0.063313
0.062668
0.062431
0.062500
0.063903
0.063892
0.066791
0.067440
0.064036
0.077761
0.064491
0.063483
0.068023
0.064224
0.072223
0.061710
0.063135
0.076198
0.063598
0.088083
0.066582
0.061140
0.062489
0.062531
0.084671
0.067413
0.064151
0.061001
0.064952
0.063400
0.063077
0.063360
0.062761
0.062747
0.062612
0.062896
0.062426
0.074094
0.065937
0.065797
0.065892
0.065768
0.062559
0.065641
0.065794
0.062941
0.062693
0.042399
0.064213
0.071597
0.063731
0.066543
0.063043
0.067410
0.063792
0.068069
0.067940
0.073091
0.063210
0.062824
0.063499
0.063298
0.063442
0.063100
0.062328
0.062829
0.062622
0.062510
0.063097
0.063969
0.061571
0.063245
0.063083
0.061093
0.062925
0.063735
0.063759
0.075041
0.063135
0.062644
0.062840
0.064520
0.064750
0.089590
0.063778
0.063170
0.062631
0.063400
0.062881
0.060805
0.061567
0.062814
0.062902
0.062348
0.062883
0.060651
0.061929
0.072057
0.062940
0.062444
0.062476
0.063222
0.063164
0.061165
0.062341
0.062694
0.060214
0.063363
0.061820
0.063972
0.065999
0.065867
0.062515
0.066261
0.061018
0.060939
0.062976
0.074060
0.062784
0.065795
0.063298
0.063371
0.064607
0.061547
0.064039
0.063506
0.063701
0.063315
0.063535
0.063938
0.061639
0.063311
0.061027
0.062943
0.062827
0.063255
0.061603
0.074232
0.060903
0.062854
0.062581
0.060756
0.063150
0.063479
0.061428
0.063766
0.063499
0.061254
0.061507
0.064427
0.061181
0.062974
0.063637
0.063715
0.063917
0.063196
0.063136
0.074507
0.063872
0.061560
0.063329
0.064473
0.062268
0.063052
0.063224
0.062994
0.063355
0.063629
0.063655
0.064880
0.064491
0.062514
0.062162
0.064486
0.063925
0.065439
0.063679
0.075682
0.066284
0.063159
0.063056
0.062511
0.063256
0.066844
0.064652
0.064474
0.065024
0.062163
0.069661
0.068227
0.061270
0.063630
0.063141
0.060962
0.065960
0.063875
0.063758
0.074690
0.066947
0.069980
0.059939
0.063391
0.067286
0.064029
0.064225
0.068313
0.067315
0.066704
0.074339
0.063833
0.062618
0.068863
0.063282
0.062869
0.063758
0.043159
0.062573
0.074596
0.063064
0.066264
0.065518
0.064086
0.063379
0.062865
0.063376
0.063874
0.069561
0.061695
0.064394
0.069103
0.065578
0.065811
0.065711
0.071893
0.070160
0.069407
0.069832
0.074664
0.081752
0.063576
0.068309
0.082545
0.068592
0.070264
0.083114
0.082975
0.084192
0.083791
0.083338
0.075093
0.063658
0.063943
0.062796
0.062618
0.066076
0.066615
0.063080
0.071495
0.062391
0.063462
0.065084
0.063165
0.064158
0.064844
0.064867
0.063195
0.062525
0.064331
0.063647
0.063413
0.063530
0.064267
0.064052
0.063741
0.064870
0.064144
0.064433
0.077825
0.064487
0.064442
0.064387
0.063904
0.063814
0.063662
0.063496
0.061610
0.063637
0.062799
0.062833
0.061469
0.065387
0.062020
0.061960
0.063690
0.065650
0.065975
0.062562
0.072632
0.063330
0.064793
0.061407
0.061368
0.063826
0.065324
0.062423
0.065293
0.064812
0.064633
0.066584
0.063004
0.063841
0.064207
0.064644
0.063308
0.063200
0.063034
0.063002
0.076101
0.061350
0.063211
0.062752
0.062657
0.062927
0.063052
0.064761
0.063551
0.063726
0.063804
0.063101
0.062997
0.064652
0.061548
0.063366
0.063097
0.063394
0.063037
0.062766
0.075038
0.063001
0.062665
0.062908
0.063051
0.063271
0.065834
0.063095
0.062668
0.062772
0.062438
0.062537
0.062851
0.063039
0.060475
0.065862
0.062875
0.062522
0.062535
0.066850
0.066055
0.066019
0.064379
0.065046
0.064304
0.064819
0.062783
0.064280
0.064515
0.064556
0.064402
0.064317
0.065405
0.065147
0.064457
0.064480
0.064136
0.064022
0.065069
0.064079
0.075481
0.064518
0.064105
0.062362
0.065310
0.064719
0.063356
0.064224
0.063738
0.063874
0.064661
0.063388
0.064702
0.064724
0.064933
0.065537
0.066009
0.066561
0.065405
0.072042
0.086703
0.069810
0.068806
0.081259
0.068140
0.072101
0.065562
0.063888
0.070949
0.064599
0.070567
0.068777
0.067363
0.064146
0.072458
0.070698
0.070546
0.064608
0.067919
0.065987
0.066399
0.066338
0.072215
0.067255
0.070179
0.060817
0.064548
0.063823
0.063195
0.060813
0.066587
0.067313
0.061847
0.065469
0.063620
0.066671
0.067741
0.067563
0.066768
0.066641
0.075163
0.063049
0.063106
0.063074
0.063757
0.064881
0.066149
0.067603
0.061950
0.065101
0.067384
0.063860
0.066440
0.065922
0.064884
0.064647
0.064096
0.072967
0.071044
0.065354
0.080155
0.068625
0.070689
0.087625
0.087323
0.079360
0.081420
0.080609
0.083859
0.084410
0.071824
0.063814
0.064538
0.071278
