0.106525
0.064438
0.065704
0.064463
0.064221
0.065764
0.063867
0.064491
0.064883
0.064757
0.064512
0.064497
0.064344
0.064279
0.068438
0.062720
0.064980
0.066998
0.066803
0.064937
0.075416
0.064992
0.066717
0.067413
0.061224
0.063833
0.065811
0.065033
0.064110
0.063782
0.064215
0.064835
0.064329
0.061867
0.063381
0.062860
0.063522
0.063623
0.064462
0.064283
0.075577
0.064801
0.063060
0.063269
0.064482
0.068506
0.066994
0.064219
0.064152
0.065028
0.065920
0.065608
0.065043
0.065061
0.064715
0.065594
0.067397
0.065337
0.064778
0.064708
0.076157
0.064801
0.065685
0.064969
0.064402
0.064543
0.064486
0.065185
0.065007
0.064579
0.044105
0.062554
0.065211
0.064728
0.070477
0.067301
0.065079
0.067960
0.064844
0.064444
0.074219
0.065824
0.065097
0.064842
0.064418
0.064163
0.065065
0.064978
0.063962
0.065034
0.062918
0.064781
0.064653
0.063270
0.065195
0.064892
0.061705
0.063994
0.063998
0.067903
0.080035
0.064951
0.064564
0.064180
0.064663
0.064430
0.065465
0.064939
0.064039
0.064302
0.064605
0.065171
0.064443
0.066051
0.064961
0.064087
0.064556
0.064552
0.065223
0.066034
0.076344
0.064267
0.064283
0.063915
0.064106
0.065815
0.065072
0.064909
0.064815
0.065984
0.065094
0.064745
0.063730
0.064862
0.065000
0.064620
0.064500
0.065087
0.062314
0.064281
0.075686
0.064717
0.064205
0.064920
0.063298
0.064506
0.062795
0.064958
0.064664
0.065236
0.064698
0.064493
0.064798
0.064745
0.065561
0.065393
0.064490
0.065888
0.066776
0.063712
0.076104
0.064499
0.064849
0.065093
0.064790
0.070078
0.062570
0.067501
0.063267
0.064344
0.069259
0.066400
0.066184
0.066043
0.065480
0.065689
0.068521
0.061886
0.062069
0.060798
0.072229
0.062978
0.064442
0.066232
0.065786
0.064257
0.062091
0.062419
0.062253
0.062280
0.062177
0.063225
0.060099
0.061667
0.062388
0.063170
0.062331
0.064004
0.062484
0.062246
0.073519
0.063848
0.065997
0.065009
0.064053
0.063012
0.062981
0.064210
0.062929
0.063041
0.060253
0.061987
0.065351
0.062314
0.065186
0.065961
0.065779
0.062259
0.062491
0.062584
0.074025
0.062350
0.061082
0.062608
0.062613
0.062768
0.062656
0.063035
0.063618
0.062831
0.060821
0.062966
0.066022
0.063621
0.061208
0.062457
0.062243
0.062302
0.062123
0.062060
0.073286
0.062141
0.062472
0.062270
0.060585
0.060600
0.061865
0.060992
0.062579
0.060710
0.062754
0.062450
0.063080
0.062775
0.062733
0.062648
0.063703
0.062832
0.063388
0.063903
0.071367
0.065948
0.065889
0.065960
0.066201
0.062690
0.062161
0.066031
0.062567
0.062217
0.066186
0.069100
0.066747
0.066549
0.064090
0.063171
0.063440
0.064114
0.062794
0.064267
0.071460
0.063286
0.060567
0.064042
0.063552
0.062974
0.063379
0.063042
0.060862
0.066771
0.061101
0.062751
0.065771
0.062906
0.062844
0.063778
0.063581
0.061445
0.063443
0.063123
0.074568
0.063998
0.060987
0.062994
0.063118
0.063006
0.063429
0.063735
0.063523
0.062494
0.063167
0.062884
0.062342
0.062888
0.062985
0.062557
0.062594
0.062201
0.060169
0.062653
0.074220
0.060330
0.062469
0.042429
0.041785
0.041763
0.039735
0.041755
0.041793
0.041787
0.040385
0.042030
0.041750
0.042279
0.042110
0.042643
0.039809
0.041787
0.041557
0.042476
0.047630
0.041662
0.040021
0.042698
0.042502
0.042050
0.041771
0.041792
0.040106
0.041997
0.042038
0.042278
0.042766
0.041780
0.040207
0.041878
0.043321
0.042213
0.042156
0.042397
0.049078
0.042086
0.040259
0.042295
0.042545
0.041868
0.042156
0.042111
0.043027
0.041871
0.043051
0.042205
0.040209
0.044997
0.042306
0.041791
0.043917
0.042007
0.041724
0.041694
0.047398
0.041795
0.041790
0.041913
0.039793
0.042450
0.041603
0.040015
0.041810
0.041941
0.043100
0.042558
0.042311
0.043747
0.044902
0.044693
0.045172
0.045270
0.045328
0.045348
0.047766
0.040797
0.042259
0.044899
0.045343
0.045565
0.041712
0.044092
0.042075
0.040539
0.042019
0.040286
0.041888
0.041824
0.042084
0.041937
0.042078
0.042910
0.041734
0.041631
0.048175
0.041866
0.044935
0.040309
0.043247
0.041029
0.041808
0.041651
0.041461
0.041502
0.041728
0.041881
0.040215
0.041864
0.042693
0.041900
0.041754
0.041779
0.041837
0.041778
0.045658
0.040844
0.044343
0.041967
0.041814
0.062220
0.041942
0.042318
0.042086
0.041906
0.044171
0.042392
0.042096
0.040157
0.042000
0.041932
0.041976
0.062637
0.065809
0.063023
0.068599
0.063100
0.064119
0.062930
0.063874
0.062624
0.062575
0.062947
0.060825
0.062801
0.064866
0.064259
0.062874
0.062735
0.064062
0.062777
0.062647
0.063251
0.062725
0.060036
0.073930
0.062336
0.066906
0.061295
0.064193
0.042512
0.042064
0.042121
0.042248
0.041986
0.043387
0.043240
0.042780
0.042910
0.040925
0.042953
0.042860
0.042857
0.044034
0.043379
0.049089
0.044315
0.042806
0.041118
0.042885
0.042999
0.042882
0.043760
0.042955
0.041111
0.041282
0.043342
0.042803
0.042920
0.063697
0.043715
0.042907
0.042900
0.044656
0.041133
0.048588
0.043081
0.041173
0.044227
0.041204
0.042782
0.042927
0.042776
0.040992
0.042638
0.042835
0.044087
0.043296
0.042848
