0.103762
0.064552
0.063692
0.064273
0.063430
0.062835
0.042211
0.041989
0.060788
0.042192
0.042093
0.061920
0.063023
0.060564
0.062447
0.062469
0.060572
0.062481
0.063393
0.064528
0.069575
0.062421
0.060420
0.062466
0.062000
0.042966
0.040382
0.041788
0.041937
0.041817
0.041564
0.061678
0.059278
0.061037
0.063297
0.062464
0.062320
0.060873
0.062767
0.063376
0.075227
0.063861
0.064369
0.064260
0.062174
0.064136
0.043701
0.042906
0.063075
0.042859
0.040802
0.063136
0.063414
0.064359
0.063304
0.062193
0.063564
0.063550
0.063490
0.063302
0.075748
0.063940
0.063589
0.063868
0.066664
0.063307
0.064588
0.063038
0.020189
0.042805
0.042874
0.042493
0.066763
0.063644
0.062000
0.042477
0.066326
0.065319
0.069586
0.063738
0.048363
0.042573
0.062507
0.061850
0.062246
0.062298
0.062750
0.063237
0.061370
0.061131
0.063524
0.064143
0.062911
0.065900
0.066828
0.060183
0.065562
0.066213
0.065490
0.062962
0.072206
0.062839
0.062234
0.062075
0.067129
0.065574
0.069607
0.061166
0.063109
0.063433
0.063267
0.063038
0.060656
0.063644
0.063111
0.064057
0.062904
0.063989
0.066697
0.063190
0.074352
0.061960
0.059913
0.062454
0.062721
0.062972
0.063198
0.060877
0.060098
0.062046
0.062608
0.063768
0.062838
0.062905
0.062500
0.062843
0.061339
0.042572
0.042383
0.042336
0.048960
0.062676
0.063406
0.063353
0.063715
0.062114
0.062150
0.064090
0.063601
0.063555
0.063805
0.063690
0.064380
0.065002
0.062098
0.061884
0.063743
0.063731
0.063359
0.063476
0.075455
0.041130
0.063250
0.063398
0.063223
0.043154
0.042884
0.062096
0.042535
0.062615
0.040603
0.042431
0.040553
0.042361
0.042505
0.045658
0.040639
0.042261
0.042260
0.042202
0.047739
0.062827
0.062965
0.064023
0.063148
0.065709
0.065166
0.062278
0.045151
0.044881
0.067990
0.062307
0.062338
0.060575
0.062583
0.062325
0.063152
0.062533
0.062734
0.044941
0.041342
0.045102
0.041507
0.041497
0.042457
0.043091
0.042167
0.042093
0.061773
0.041562
0.040833
0.039954
0.041628
0.043090
0.041559
0.040085
0.041892
0.045088
0.062092
0.045320
0.044996
0.044281
0.041951
0.062999
0.041906
0.061826
0.061795
0.061958
0.062838
0.063670
0.063474
0.062357
0.065321
0.059807
0.061372
0.063648
0.062275
0.067464
0.063290
0.060202
0.070750
0.065934
0.065529
0.062240
0.065924
0.062677
0.062243
0.060342
0.063275
0.062244
0.063342
0.062876
0.062576
0.060189
0.059829
0.062021
0.059882
0.061648
0.041722
0.041772
0.070486
0.041667
0.042558
0.041575
0.041677
0.039996
0.041328
0.041877
0.061704
0.041955
0.063380
0.060772
0.042074
0.061995
0.062251
0.041935
0.065821
0.066609
0.062219
0.062068
0.074359
0.062824
0.062333
0.061887
0.063440
0.065982
0.042315
0.042115
0.042497
0.062722
0.040215
0.064373
0.042349
0.062502
0.042107
0.062374
0.043467
0.042494
0.042026
0.042536
0.047795
0.062276
0.040252
0.041986
0.041856
0.060338
0.042332
0.043153
0.042135
0.041971
0.042577
0.065978
0.042414
0.044354
0.040600
0.063106
0.063554
0.063391
0.063148
0.061112
0.072133
0.042268
0.063621
0.062596
0.062653
0.062525
0.062234
0.064481
0.069527
0.064688
0.062332
0.065541
0.061219
0.066058
0.065591
0.061281
0.065483
0.060297
0.062295
0.062196
0.074116
0.064302
0.066540
0.062745
0.060591
0.065515
0.062849
0.065502
0.064115
0.061131
0.063006
0.065970
0.062217
0.041913
0.042847
0.044030
0.062129
0.062493
0.061997
0.062469
0.047762
0.042177
0.046331
0.065824
0.060874
0.042666
0.041902
0.041966
0.062427
0.042319
0.043809
0.040934
0.062331
0.060436
0.062403
0.062466
0.061048
0.063758
0.063280
0.062182
0.073559
0.061759
0.061973
0.062377
0.063699
0.061374
0.062158
0.041882
0.039996
0.041767
0.042018
0.043646
0.042116
0.041680
0.062277
0.042259
0.065691
0.062492
0.041996
0.044153
0.046537
0.043826
0.042230
0.060503
0.040576
0.041992
0.041996
0.041852
0.042932
0.042043
0.041852
0.042124
0.042058
0.041762
0.062214
0.062344
0.066277
0.064898
0.069301
0.043248
0.049063
0.063849
0.064145
0.063944
0.063854
0.063854
0.067160
0.067151
0.064385
0.044200
0.064080
0.062145
0.067945
0.063797
0.064619
0.064035
0.041936
0.063681
0.067151
0.041487
0.075382
0.067418
0.064664
0.067690
0.067531
0.065469
0.064185
0.063241
0.062616
0.067372
0.063565
0.063401
0.063530
0.062922
0.063129
0.064222
0.066531
0.064586
0.065330
0.067612
0.075340
0.064707
0.063977
0.063818
0.063936
0.063640
0.063970
0.043108
0.067769
0.063458
0.040891
0.042364
0.043175
0.065280
0.063359
0.043994
0.042772
0.063081
0.042642
0.062589
0.047972
0.041959
0.041905
0.042945
0.041934
0.042092
0.062354
0.062500
0.066704
0.060734
0.066257
0.062809
0.062459
0.064134
0.066505
0.062321
0.065428
0.067611
0.065745
0.061849
0.068719
0.062017
0.065767
0.065751
0.061875
0.064928
0.062129
0.062337
0.060656
0.060591
0.066471
0.065971
0.062667
0.065719
0.065506
0.043224
0.066894
0.040563
0.042036
0.062440
0.071266
0.065262
0.062157
0.063298
0.062787
0.062662
0.065687
0.060699
0.062017
0.067413
0.064628
0.041664
0.061985
0.065228
0.065407
0.065450
0.070175
0.066268
0.065568
0.063408
0.071897
0.065426
0.065275
0.064989
0.067343
0.065199
0.063690
0.062271
0.067941
0.066874
0.064066
0.067482
0.066948
0.067748
0.067449
0.065086
0.065356
0.066808
0.066716
